3.4160778205838946,10.837938419539155,0.6870192987503193,0.5709358855477433,0.7793444082990176,24.057336607466564,2.692825725128451,1.356427340062823,1.182665691677078,0.7258541216107304,0.12289780044629631,18.37366797912001,0.1711183832011893,-20.626748297092206
3.402258667191486,10.291558499304335,0.9450986737421274,0.5457324907314537,0.7767108108146354,20.46455272603783,2.7369402132901204,1.1780345528827223,1.1974033667031423,0.7891967098893128,0.3633300701525165,16.685306333215735,0.15543271599194325,-20.183082896631404
3.4391219395676886,10.638069107679778,0.8732028410306854,0.5701941989585,0.7692305416043222,25.83722262272861,2.69888800565293,1.2829177006545815,1.286117476907799,0.7343918669255527,0.24902627105258268,23.312929214199606,0.17556204617434065,-104.11699598242579
3.419092810722765,10.460756052645879,0.8236607951794821,0.6067759168259548,0.7402318211489604,24.229056404153503,3.118560285772185,1.2582603961843362,1.3854429515413602,0.7443804821435295,0.11409606164057512,25.227546388106546,0.16585720336730003,-74.86580016951682
3.427831822509916,10.015133217414755,0.7190755564318215,0.6393912996600155,0.7743933927811091,28.291568903217446,2.786434956922908,1.2240033618675275,1.1232990663668703,0.7909961420539299,0.3676137113117299,24.069282752389164,0.21283693503299067,-15.825893777318115
3.410713220137195,10.301642293621098,0.665214407415148,0.6398845837813579,0.7012088299334496,24.233378597536618,3.1456453724711144,1.3632728540436267,1.310191757999628,0.7218683838926084,0.21215387646153575,17.600110425403336,0.2104136862582051,-13.576727157046221
3.432418818782284,10.757241468059883,0.905176955072293,0.6289999308841934,0.7755272753851157,28.16491838167564,3.273546309597533,1.171036755770859,1.2555193147851302,0.7363022554565183,0.03923602468394863,16.4916868967761,0.21819850135079089,-62.04452316648404
3.4029651647594585,10.547242386576418,0.8749339878939542,0.5962276651068076,0.7797012553231495,19.798335891992732,2.8331704450611968,1.1436553739102484,1.1584753902358667,0.7701055541731946,0.17849016034211362,15.399834014937685,0.1939755304137899,-103.86000017046156
3.4322521846388336,10.005494397920229,0.7199020706494007,0.6318596436771535,0.7250707792705561,23.354805504024043,3.24718173210375,1.102822145682068,1.337974213266587,0.7260608838219554,0.2385009937825938,24.67926045869534,0.19735539216624634,-12.036949830708153
3.438678360734473,10.304592515907622,0.7735228157320035,0.5589164195746827,0.7574540529561417,19.837604769294867,2.743046094320715,1.273560313141476,1.3946860594320858,0.7773367854178919,0.3792182170531284,23.517468779011843,0.2178599883597599,-69.4607755744888
3.424580506814562,10.783205498025596,0.7450291767744609,0.662690715859271,0.7680321823531483,24.609428939891234,3.1041265407804826,1.1783287832852936,1.1301914571196536,0.7582187858539168,0.35636931037942665,20.899534975923032,0.15343811338428376,-116.954999452064
3.42935899125752,10.098090494491823,0.7728481409587922,0.5453605585379173,0.7730683527962825,22.480695097172344,3.2266508489828594,1.3844296536876541,1.3158764474676838,0.7607357377239683,0.39716543707009244,16.893641526667075,0.21200371432005843,-45.17405876530641
3.4155812439466557,10.242050250822517,0.7955137919950459,0.6782702314556235,0.7057580537925632,21.97755817756041,3.09840526016863,1.27027181147332,1.1399291592020842,0.752602959538186,0.40971593601900147,17.975218861229042,0.21919597794277945,-94.21340099801401
3.4328659408731323,10.754930587644212,0.863657101777016,0.5731332222506381,0.709486671026107,25.232296505762125,2.829653821023072,1.3793379404112014,1.2153545506629237,0.7038018204232999,0.22100007705580618,16.315649715834077,0.2178186943508859,-21.551489885910968
3.4329846545545526,10.352791134724082,1.0279982978611741,0.619356491072231,0.7242452633158285,18.46263827756785,3.1556554383857733,1.1892164837253012,1.2775928202450546,0.7501257246497568,0.3986012195594218,17.079961317381684,0.20133594794417076,-110.0221539366282
3.404680071404716,10.035354428076372,0.749285329547257,0.6729541924540325,0.7645376483888588,26.769524422617337,3.1656712520437638,1.1791409393792385,1.1648965221766858,0.7958458200740622,0.35147314546693254,19.75824629861691,0.1561752224341464,-90.64288618948414
3.423930464169541,10.762067173209974,0.8728730575814194,0.553342596220583,0.7179797880578321,25.189317838070224,3.1776318217063113,1.1064511422922658,1.1311718921279836,0.7009102182411453,0.3019295756827252,22.224469857758542,0.21185618243534876,-108.97326499505215
3.4224347494920346,10.36258227910811,1.0243190637241446,0.6483641430538768,0.7349278941752406,16.367121923386513,2.941520021594396,1.1368461359793303,1.2964563393463235,0.7098031923286908,0.479492124583993,17.593866912663145,0.1874368742691242,-109.10278616934566
3.4037960430801046,10.379700027729871,0.9044441638887657,0.6025789234744395,0.7315764345394149,27.01073822367143,2.8874895839822194,1.3137505678077557,1.1844865328429848,0.754167411102348,0.19407172886630586,25.525617280073817,0.15078064187490098,-73.38455952739756
3.4326093728501026,10.188556387514176,0.9336019571467025,0.5519548693413201,0.7702082648507954,20.15971714874247,3.211870909818325,1.3576444649737447,1.1740219460097707,0.776636073093938,0.36340125213824287,15.718445951953756,0.16794511970419806,-77.45226743944357
3.405338449534166,10.03109539976238,0.9598808492948763,0.5617712665813799,0.741577281752434,21.683452943709582,2.9103043507812263,1.2916427142599571,1.1981590347523092,0.7918089195152325,0.4384810703563682,20.93567608440366,0.15401080200866485,-37.35772186862329
3.425026766548975,10.034397667484209,1.0148556697079687,0.599265298157811,0.7155790062387246,20.291930143488777,2.85948064151818,1.3530317390872597,1.2220532553866288,0.7477620371760894,0.36176638197150385,21.599359602384773,0.15427932863660399,-29.678082263309676
3.4023164960140573,10.164117159058836,0.9190373934251487,0.6301226131813625,0.702196738985081,16.20445033109728,3.1457485560222076,1.3237685373801527,1.286512822933924,0.7773927474141921,0.2872511704697563,22.74801066601029,0.1620897567827104,-11.00002585391664
3.416425974419342,10.2178664024159,0.6582488446119521,0.565898646020803,0.7574716029287465,17.564255737170992,2.810921479470813,1.1654033802847403,1.136481101054538,0.7571589326643847,0.16960899442178454,16.43549148257141,0.21153612112091644,-55.14735562228212
3.40203504786784,10.30212473748941,0.8544945930812597,0.5620586896898635,0.7668190112291142,26.080332629169128,2.9447744331588073,1.2530379888146461,1.1206491418631859,0.7792894202652009,0.4835735976868759,21.950626101028984,0.17913880093692072,-73.12235435370141
3.413035604222601,10.481945862787867,1.0107614930287012,0.6359990925287916,0.7749869169127583,20.89047420962322,2.8007833059114016,1.1375011704598756,1.1393848724216342,0.7263297991663659,0.20930088344429476,21.59056868407298,0.21056756261835868,-40.98284815471632
3.4070480428442234,10.127005757555551,0.9562210834516309,0.6986911119697967,0.7581687577685672,26.072667444041127,3.241664982542044,1.1998137265565731,1.2708226276740864,0.7443014556545329,0.26726722853958723,22.44917081058926,0.19977348934421918,-84.50917680553596
3.412144857921378,10.133615718679563,0.8434280222175803,0.6825542135924343,0.7423327332188298,16.30147841921831,3.14468829107991,1.145200770936483,1.3836248618403477,0.7798509017931246,0.34417074003283005,14.539966255590388,0.20227639741649917,-21.24885968609081
3.4065706817556496,10.084409710056013,0.679121350769124,0.552336891969818,0.775313148727132,24.060734128205738,2.7091389749303647,1.2193464557200546,1.3964040227187693,0.7300644037894047,0.45969088667293106,19.127789663511773,0.2044757654424572,-80.65784528956482
3.4202038288303114,10.04970580133754,0.7337375364514406,0.6082495986408205,0.7604753254415605,16.83726112927203,3.1036756739312645,1.2744686438630255,1.2121008799879294,0.7667030045472222,0.3802528505016573,15.945736933020386,0.1657542642172134,-78.22192370604132
3.42813332032081,10.504299688205391,1.020920719153085,0.5752384394794833,0.7038808164366647,19.644124693325978,2.89590593816031,1.294274066930051,1.2556096319183099,0.7860448490219323,0.13762461277787066,15.549232082829626,0.208265815620284,-22.420986320726016
3.431719070172717,10.527974026922479,0.8047236458360167,0.6875973186434985,0.7288198783145351,25.45742388077982,2.946050731062115,1.2153875754175347,1.2223996632938023,0.7315134611538247,0.434337232452682,23.563711649986082,0.1521505966176145,-58.573001890988365
3.4103293579120484,10.692674634450029,0.9744076038338245,0.6987359522518424,0.7428935893977213,24.117355492901225,3.1720542796861206,1.154214770431259,1.3277098783152637,0.7279607829926834,0.1304371346156526,25.03293511112781,0.17837419113192743,-66.05722912174559
3.4036913241073528,10.661496396527895,1.0275251550739164,0.6117482755711475,0.7684408649285356,20.598123927044114,2.731768414662018,1.1972682168613016,1.2027420531731512,0.7161054884839172,0.4733702003508453,24.34855097594277,0.17316116526808373,-19.443309916363674
3.4075041307638707,10.381679753159553,0.6838437637422277,0.6164966302654105,0.706350119844178,22.777577877985493,3.1454962938783417,1.3768724122686846,1.2983257544191902,0.7165457576317636,0.3342813920822942,21.24399107170134,0.20787152591888838,-70.08339900728996
3.4362175396120795,10.087218825671643,0.8111433743350775,0.5592881806112394,0.7012967968828943,21.66377171221405,2.9459729310793406,1.2886629477705243,1.1991489420255694,0.7922306375217248,0.43806369293026687,16.62741045829027,0.20393051180625907,-110.62159164758945
3.4226329785027048,10.691372672178886,1.0138764234565758,0.69775589056113,0.7303676805798732,22.75002744470827,3.058339299064999,1.124398523068802,1.1124789909590789,0.7963244062431807,0.39304370996764604,15.312846287629156,0.20454247586937574,-20.65080749300155
3.4343684668228995,10.508896973805948,0.7532177074552524,0.5821086018395819,0.7303749505176648,17.807685876306643,2.997218048772123,1.3501173474875978,1.3420208261721,0.7739606817731473,0.28646732284823523,25.192890334251416,0.20067391496534767,-20.85828712166736
3.4082859135420227,10.497862927326377,0.7019322191898459,0.5906707618004852,0.7079550651996832,19.702688635716385,3.1872508031977715,1.34599104540843,1.1962390046343803,0.7133632095531893,0.4004101433106191,19.672029626534744,0.16673648603557858,-95.19351297607075
3.4363564660345434,10.570003882079002,0.7351888128672378,0.6319971287321087,0.7624755134803388,19.9364643911775,2.979993229793544,1.3877656645537442,1.296970864270262,0.7520281744382272,0.09258599352820794,15.622856561808218,0.20827722337895144,-105.45851868902263
3.410756836439192,10.21087501203592,0.8242841606410309,0.6322543726514605,0.7687560603708887,27.246542517558197,3.2104182502983822,1.2900142887761767,1.1086156635369044,0.7802523897359187,0.16900134849525672,16.56897944387351,0.17886521275422898,-117.40178406192992
3.4148588448965382,10.073733408604081,0.7949561330559114,0.643130142593234,0.7384712797128703,24.132074431069316,2.8112680946454343,1.255659902848304,1.2778914099790222,0.7839643344537064,0.06601963093130145,20.321762142363397,0.16383337432015516,-29.62095795051306
3.4397209666775947,10.73130046929852,0.8925262756417178,0.6897452293799391,0.7007512140492732,18.579853930235505,2.721166866704724,1.2443780066625636,1.2301877773093928,0.7414774493429035,0.13942431032725922,24.511764751849555,0.1732038773767518,-80.7519977073156
3.433919705302113,10.890310663509299,0.9268747135673483,0.6847351304406717,0.7508106678434106,27.73385861981261,3.106025896941185,1.2571518453413781,1.3589914389395032,0.7507628493202869,0.27105902519181774,24.338839960056962,0.19021960968345153,-69.20510877004565
3.415862055890436,10.748384641694045,0.8194021287342866,0.6717799759300669,0.7174324197091357,25.619024888966628,3.1314786007873314,1.3183638342343589,1.2303871628374525,0.7429329547976055,0.23315210746590848,14.40603469048784,0.16838048333576,-51.252901713751356
3.4354167033331056,10.022449801708492,0.94905506852519,0.5496920740607486,0.7130009248123422,21.00532140938286,3.0446014542071707,1.2658769902323732,1.1628651807080075,0.7060167350191274,0.1769794512331859,15.357417572142248,0.16688108072410135,-103.17099985524884
3.4101009911624587,10.710428607669453,0.80027265446568,0.6640650428330617,0.705630794306402,19.849854648085064,2.91987457687905,1.1204515235712107,1.3953609305271588,0.795481656736945,0.044096345843140504,18.288947447080176,0.1681251845283992,-111.56336119043499
3.4023742176172043,10.657513672489412,1.0258792974052051,0.6292035009611703,0.7659359981753191,16.08551153193864,2.788225403868889,1.1038910276001292,1.1660981793058305,0.7476099392715391,0.12580439588433312,24.687488151841947,0.18424682998088115,-7.9621014758621556
3.4158925651302456,10.870378990951151,0.8911854581353562,0.6201197310823182,0.7781525811231421,15.627024855204109,2.667106772673426,1.1903773779387092,1.3146375251176063,0.7347680809434289,0.06702116891587209,25.311308408658103,0.20037781649850084,-52.435465374394795
3.4165166780897147,10.124864276061013,0.7440840734521901,0.5809020179550948,0.7572156136925867,19.191526624908466,2.9133233266945155,1.121483121079249,1.2383585354600646,0.7885262483293134,0.3321878514671585,19.37734158537459,0.2184951295622211,-41.71798295084976
3.431209007831254,10.488586906107146,0.9673572544622788,0.5991087700702425,0.7687168883230306,17.611147129895762,2.9581900815919346,1.2779197966030782,1.2780475015338304,0.720621188024344,0.4437085154796967,23.802706809063153,0.20420629433805093,-116.95969314048186
3.4210208193857943,10.306800945869421,0.9289864966951331,0.6843426627846759,0.7089257811236314,27.40962080222687,2.6781118320254333,1.281061103932827,1.1876377446361137,0.7791555561790742,0.4611646826097966,25.35755976393908,0.17869694096077857,-60.03484994682259
3.406372114385909,10.476499315513024,0.8628396605736146,0.6709671283292467,0.7116849018059128,23.519368795025436,3.1332567390224453,1.2320209779899574,1.1773068077918496,0.7226178181295165,0.11567664115070585,16.875538641386488,0.16561927475246033,-5.199205113113308
3.4359558670704575,10.321326078122734,0.7999109845200638,0.6263641565500604,0.7725609538090308,17.138554112179108,2.7068265717655287,1.3802079768174451,1.3519213578872848,0.7387349452031435,0.16393363715120401,14.509994895814827,0.18604408182360138,-54.938891014221994
3.403573495647582,10.534116988570542,0.886960489521978,0.6058398895980421,0.7769437761357343,16.82836657490617,2.862314937839834,1.2157871051377698,1.2118046242513936,0.7839484220974514,0.23977633702955875,15.659749148766672,0.19133611173382337,-99.75338282283394
3.4151718517373904,10.187892024351381,0.7757826496400988,0.6146291277088521,0.7503412627669804,17.03390116844461,2.8213669711207845,1.1215360169110884,1.2038716666675093,0.7830370552261142,0.43558736953294,24.195662577167873,0.2098318237612827,-114.33192166723678
3.4170003343520574,10.054892169310573,0.789184073576782,0.5626098977527256,0.7200900671559987,16.645456454149517,3.065840364160686,1.3348557450436178,1.2247805661535003,0.7881322089805044,0.33716086697240677,18.827600738627034,0.16906004783849768,-123.26087454155608
3.406910928488182,10.833263883529657,0.7914399603933869,0.6591776467583912,0.7073375767119952,19.254646290324533,3.014456456918419,1.2485623649457287,1.3007432049728158,0.7084624601145827,0.4627243489463319,25.067625756515838,0.15234240460893297,-1.131153584114017
3.406270639495939,10.460442821951363,0.9030082407595162,0.6217099859447199,0.7708664579579877,18.286429050303138,3.216877111531115,1.2041058425672748,1.2768117504013272,0.7545638469573025,0.22767420862712626,14.262946705134867,0.16285826182057164,-64.89558271948181
3.4250516039004193,10.198591764532779,0.8250657054993942,0.5734015632358704,0.745199355309027,23.349343455729638,3.003497322317177,1.3747669013962507,1.3974494230239776,0.7760320846238895,0.3689723601661109,17.750041171868805,0.1695355831572014,-17.7983052899571
3.4275137437119296,10.57730762863889,0.8484769696639027,0.6471854052951576,0.7306268869499163,19.361595985130705,2.7800109802033637,1.3667851620576035,1.273180335933828,0.7698770207145489,0.49206775904673006,16.155646401967836,0.19185034116992702,-38.26095458855768
3.4389008477968583,10.255165939050478,0.6857770270285594,0.6075498410772927,0.7619135433656203,20.87774166156232,3.043161250355181,1.296472896955013,1.3237673621960124,0.7742512629437543,0.38991960225425853,25.855142899919333,0.18040233343903703,-100.71662982779739
3.4100616846408913,10.179876705503005,1.004982736419469,0.659187464138685,0.7794428264939578,27.59368958300496,2.8262039617137384,1.1224465856789219,1.1895039327753867,0.7258832442327782,0.49729260842309814,23.715754649555915,0.21640018108977552,-30.69934422460001
3.4151333935812667,10.308315731788355,0.6828222359220086,0.6443684278641948,0.7172199049688396,27.10143750490739,2.7692296061797697,1.3886113563807887,1.1447518701605974,0.7677825307058586,0.37176170434047046,19.407760915573665,0.20261197186646543,-38.90672150969456
3.4216650274319496,10.278195863349593,0.8020412264541654,0.6514716446011865,0.7762184644533748,18.887444399525904,2.7104853531546653,1.3324104269905042,1.306775906329124,0.700894725853006,0.03571140108906454,21.847826573138136,0.17338500044426733,-74.94156337030958
3.4165139138114884,10.67530592743576,0.9239828103309844,0.6484188756171997,0.7122647601837337,24.65439682826691,2.8106120979799023,1.1315250306870202,1.3016169659751096,0.7394680035746581,0.0850698009166942,23.562269944023313,0.15685473860121535,-52.48778332360962
3.431106463888436,10.8546763663223,0.9204594514321753,0.6171046754371001,0.7094384287203308,17.800243490810672,2.800688576395695,1.2230910551994656,1.1877620051795528,0.7466966349497035,0.4922596529502001,18.11826639515694,0.1944710349004285,-30.48872277388128
3.4361752294848014,10.636555768692405,1.0231432556644124,0.6239383234396745,0.7658400554073841,25.597710462870154,2.981511976700173,1.356780696523383,1.2668629001715566,0.7987258983932798,0.027214407498407516,17.852946746686637,0.21804430442745776,-66.5450296407434
3.4020675969250815,10.002223251678647,0.9207042457387049,0.5559999562249578,0.7450644973334077,22.596265257658693,3.113818852897536,1.336993953499977,1.3283946008796903,0.7688649534435326,0.05776085693282077,19.376175633005488,0.16276204717980125,-22.21681035025796
3.408387824747204,10.82337204376915,0.9525026312360585,0.6429963678536448,0.7325928345283579,19.621799647080127,2.765019384721348,1.3561771678534624,1.199655034243809,0.7446096988384919,0.12063569152447515,18.615708227245754,0.2198178635408658,-68.06434789077036
3.4201241776445617,10.598723164725705,0.8782032547908516,0.5802184129601771,0.7210162551382938,26.454566181029705,2.833910289180116,1.3843273328186794,1.3617546024625795,0.7886830147073526,0.4821434663594082,25.915918046175268,0.1867399973254264,-97.55210356312521
3.436808355617279,10.581415778596213,0.7203387297990129,0.6040368338698386,0.7645049684840853,20.779273605254772,2.8754295959201817,1.2384870424395429,1.1481314516017933,0.7550995097671042,0.46974599233531045,24.960911115933794,0.21555504405990644,-112.2486628548267
3.4097771479199075,10.24781422494266,0.7335422859110707,0.5635286528784941,0.7776241290239521,22.62311444648986,3.08425945862764,1.2480584002217512,1.2771686984498238,0.7999521210503645,0.1492598070440322,19.885398238889596,0.18380337073498082,-110.70553635942287
3.419843745802201,10.19831429494067,0.9770013303584045,0.6459458160501957,0.762373485239664,23.02906482723871,2.7444145980644508,1.1099102889597354,1.3281460181228373,0.7413759532800286,0.36304628943721756,16.953308976479725,0.172833098435392,-36.8612639727675
3.4048047046083716,10.411339256978334,0.7684678642546428,0.6505320351091051,0.7124659826555556,23.60335164309234,2.721449748131295,1.3068776830323034,1.164928201842056,0.7972574901826249,0.44418809807643284,22.37127169168879,0.16071800650987247,-38.110320529991625
3.4096903656442423,10.178426688814158,0.7985937999993844,0.6266255260571152,0.7449226449440876,19.68114292363571,3.033205925670447,1.2304652383101704,1.3075668762610015,0.7153273735888026,0.4035833600958351,17.186122282545693,0.21570452311792415,-18.549168742008007
3.416208919334296,10.435483231790323,0.7492228386950393,0.5711901596081117,0.7492870508970391,15.404780712103909,2.9234000080952183,1.1682787983723313,1.1409761186139984,0.773454117588963,0.25881551938666675,18.399817136228222,0.18052047744353916,-38.22213492450385
3.403647649601878,10.77604469260095,0.8099661282668719,0.5678891278921528,0.7570023831168202,26.81021937436971,3.184786639066363,1.2161444701262716,1.314829577222124,0.7718036787492053,0.3280983207162564,25.517497321717116,0.18885719154668762,-83.02492254069665
3.40439336362994,10.745558085267449,0.7586388904406405,0.6876705243365212,0.7182903843984024,25.116192414589314,2.7541472065356363,1.1296336935999816,1.174172226086245,0.7065123495210259,0.2501211986380341,24.792969646632947,0.1530261096971133,-43.68296705232778
3.422723405046254,10.027702824681658,0.8227819613970995,0.5861667429218602,0.7749934419015404,19.924485756628943,3.1587230110935773,1.3340314200029244,1.3193764524509026,0.7859081623332893,0.40969173126197495,21.818645555187892,0.21668974821052084,-103.35118549529814
3.4334432018031675,10.02388143915411,0.873423502729713,0.5557831954577237,0.7730330359033831,21.503406965689692,3.18753091639143,1.1713146922967252,1.100937376946031,0.7292816562203523,0.31817010848105415,20.15630011430933,0.2194520792784694,-35.77289950724773
3.414313851111022,10.096214074101768,0.9574876618588919,0.6458034947898104,0.7107741159345186,21.436617719256436,3.00549404723084,1.2860145909706895,1.1451071198042468,0.7709667751800966,0.46986293956222064,15.584397151446483,0.21709028795206692,-19.936170684137863
3.4170850359370957,10.15511996283503,0.8775698901814247,0.5501185390819316,0.7753664272194648,19.678782041716858,3.1826523473281094,1.125794237900711,1.195101095755518,0.7023542912317349,0.32211333432730754,25.23846087631735,0.1528420868297356,-52.783886230915144
3.420696839857914,10.55604473648692,0.8796619766626956,0.6136427793262756,0.7291893414279679,23.032540211290875,3.006222362143267,1.3534774214051615,1.314864738782572,0.7972025419253808,0.22150797290539528,16.49716533826277,0.1681886304981248,-2.6170177071755916
3.4050896837763247,10.14285213559122,0.9056623885615099,0.5789789178750241,0.7013276765593287,18.97167362663946,2.845676251044331,1.2524308357568528,1.3961564858028261,0.7836150013162193,0.417116443056322,19.42704390003049,0.1606713059304699,-70.03909540758328
3.4179900195287605,10.251875417016063,0.795141372313363,0.5457898526900986,0.7386361514716321,15.998878266432136,3.1585823341499144,1.1630111672167256,1.1923107971007956,0.7861004787803408,0.3813155716506639,16.594952101095608,0.2100027393659203,-22.49712172090753
3.4252430068448816,10.178237606461177,0.9595563274149013,0.559347227588828,0.7463308803162125,24.987275166201293,3.1463493950890156,1.120614642748293,1.3849905398046476,0.7844866494126469,0.39335705004307275,15.33991376981263,0.1810299916638442,-70.40946311957552
3.4131148391396593,10.760787926514276,0.8572417796179077,0.6613846417260164,0.760340965013597,27.583356223351085,3.049408056065187,1.344930426466903,1.1094040851396372,0.7095543157498694,0.11337985701589866,18.723993802598518,0.15625640208782898,-72.99401542589969
3.4206640237078263,10.368643527862547,0.953167588070356,0.6221756527115909,0.7522525865122897,26.026320975700827,3.093411905259208,1.1787333302935326,1.2560481945089468,0.7758406612165951,0.1738142750119089,16.52234240525622,0.18146685059765133,-75.24500337233573
3.429934682303185,10.80834220187212,0.6792693551493173,0.6056621057443748,0.7759633298382616,25.787632182333226,2.968225671182509,1.1665287728240024,1.1927073093989704,0.7152693124535499,0.3510066358309598,20.45749762531541,0.16529052901452385,-33.74459898603925
3.408675008571532,10.276611389389199,0.9148949485202527,0.5926435654280214,0.7060012482839906,16.271482499569068,2.7161028058440513,1.234365498090677,1.174732508800082,0.7662393453577633,0.1573147259448174,24.857261137367445,0.2092063825653173,-35.107434087958325
3.4201952965229894,10.530652395511849,0.6941714120914412,0.6336221970442727,0.7791198109278635,15.482714558387276,3.1067443822176717,1.3223640801743042,1.3162436692496355,0.7859350013888493,0.002480782647620386,15.725793506024695,0.1615899390561091,-117.07210986783633
3.4118242003892276,10.160500850395744,0.7312547495235087,0.6320165152456452,0.7013132692016274,26.776799095941353,3.2493800032719866,1.252033962057522,1.3195457416069938,0.7282270768109421,0.08682372094699271,17.815433739975045,0.1851531277080856,-9.971516303257133
3.4205183508170784,10.603418134421888,0.6610776550652816,0.6316488624045323,0.7530480533452218,16.806956602070915,2.7553910761120233,1.1681222886142397,1.2705688056046502,0.7850941895504547,0.2615436100939524,14.619382234389061,0.20601365472636102,-100.58364258833687
3.4011663602132938,10.515014828213745,0.6652516699414054,0.6661355088755757,0.7778575099521025,22.863260490327036,3.1634232227032424,1.1659657170451003,1.367920607190603,0.7702301773535434,0.013326411859703546,15.605326437571584,0.15540054577525014,-58.38299770907257
3.429220235631831,10.855865746098969,0.8292075185026131,0.6063588886875371,0.7356865638754948,25.77187333394393,2.7687890250164826,1.2841020938360308,1.3802951781435306,0.7309189141585606,0.33842231018524666,24.100484431763935,0.21989233972594363,-74.60684352690376
3.4039903971309773,10.175319501609657,0.8944416375172052,0.6245432116446885,0.7382642132433356,27.751911150919007,2.9751800423584553,1.3380193383247354,1.2135278342259352,0.7080349156379343,0.1596346951931974,25.928619510417292,0.18479424498139368,-97.38635336125022
3.41375709480373,10.673842347630707,0.9551128245745601,0.5960624035667409,0.756131225314861,21.24040518116182,3.1120197256591418,1.257196632303367,1.2302592787296007,0.7367287880632206,0.21143475567562806,19.042145790078866,0.20108933493546488,-82.85996556844151
3.435947308991664,10.414978337803444,0.8294446871185341,0.5750510477698406,0.7481126926068271,26.102214933640703,3.091749594064293,1.2735095240729735,1.2069978609237075,0.7627902419344623,0.16864872920895496,14.205105036587863,0.19011925541538005,-89.3844297741328
3.4079463675508186,10.160840545308591,0.710066095939315,0.5769335178567281,0.7194156652606926,26.194281340637147,2.7702461532435185,1.2928546891177037,1.136276937370026,0.7421320254047215,0.198574288979848,25.45961096513406,0.1929795635356336,-100.4333096910107
3.4282597389741767,10.392128782996409,0.8392417339756382,0.6508107115583132,0.7605420721814481,25.52126289766637,2.8936561928659987,1.367247066629151,1.3090271740904593,0.7728561242169149,0.17172885390078815,14.392137602127885,0.19973327051882794,-42.094098910651084
3.425916664234625,10.56509235599751,0.9350520023529041,0.6770590864658399,0.7172852003530948,27.884204477991197,3.033517822308519,1.399254366488012,1.2638269369877864,0.7380575609901967,0.048048098887688205,17.260160316446996,0.15998515771052713,-29.808616336017238
3.427470809858789,10.209567056581053,0.9660764933000516,0.6595673747081,0.7479640638651575,26.937753947161,2.7774060536224803,1.1000381712648108,1.350137347307758,0.7967535222285801,0.22864777485985716,24.83896178114676,0.21391771554864286,-71.17981174908486
3.407675748999516,10.702603243027156,0.7096675579618799,0.589085490017137,0.7754782962061921,24.155616496481155,2.722781143114356,1.392235414342455,1.1441522570068325,0.7894481808667677,0.10993448986732395,15.396572388994063,0.21360773565379404,-80.73071785375953
3.423167368116157,10.441670380249253,0.7435098524041086,0.6844678889751239,0.7121184762451108,18.90393743476376,3.0451480952744627,1.1570095199084458,1.153791313679894,0.7786256108261557,0.10653171607613003,17.72641688849944,0.1514987946902272,-28.67769848413387
3.431635801873861,10.237633903451176,0.9623492464219692,0.6615609512844386,0.7786552890875923,18.585072620823375,3.2576549437266493,1.1825212477817943,1.3352857938634994,0.7799616139306337,0.47537641773272155,14.41554354458743,0.1832325464381489,-102.60259659642824
3.4192387067948107,10.14145908250039,0.6837275489613992,0.6218123942281141,0.7018266858730167,24.182442317857316,2.7940782713048273,1.274514801752418,1.350045793154182,0.7349548285502733,0.24653037252452348,17.77976246408635,0.21697176932619494,-75.33978717177929
3.4245249128581503,10.221298184414781,0.6888954984939641,0.6952716932048982,0.737353256361253,22.024090154807517,2.8151166286263543,1.2506926126047881,1.1675524999358629,0.7491232806308994,0.03849078813762364,21.04201516343618,0.1790757680168465,-66.85123101016997
3.4183132542677983,10.820994929562637,0.7392472088626065,0.574698106319126,0.7633749612006758,19.964789022358836,3.155942704697252,1.2812753769369405,1.2073028091035554,0.7681534144400113,0.40636450248567085,14.242793120993317,0.1902424312802031,-57.43162803854183
3.436231839916144,10.428506197191957,0.7541502916218309,0.6259343596890918,0.7384370845619058,24.659692592890615,2.904521837615772,1.1434619231643675,1.3803855689421718,0.7640118825466978,0.06940428079846056,22.39641323537471,0.17528043475509955,-84.2838810639845
3.429776618476759,10.014174300865049,0.8457025747299728,0.6228926057786432,0.7644417176450201,15.439208478491294,2.9653670762637048,1.2776716425859798,1.1906417462728602,0.7981458076800118,0.4741224258922941,18.973424555110036,0.21734404992988665,-52.648405219470064
3.421553700687017,10.722700836253152,0.6776856460657913,0.6787696893126727,0.7161442123257982,21.02175575706417,3.1688750448186735,1.1877446733544208,1.3912806651620757,0.7289380499239116,0.2888546583528942,15.381657260005143,0.1921637985056739,-113.74537076344278
3.4161210051063087,10.734716287363327,0.8501191944544753,0.6111387196017657,0.7362410722760733,16.60764785464885,2.669408471907175,1.3761400659308254,1.3356747830116196,0.7089175308365129,0.16949541322785142,20.846970974756132,0.202175214831179,-88.77642268001671
3.432997560684123,10.13464824336955,0.7792515090379903,0.5441884561747208,0.7018773298913838,21.75396188717662,2.8738350700255926,1.2756079615901919,1.2670831848585222,0.7690069318041649,0.2008366455897061,15.18998421844078,0.19751996902314214,-118.05375616214202
3.405020861330584,10.426770088984119,0.9018273109477277,0.673581709264957,0.7657015257669018,17.64016026927576,2.8996762846760515,1.1317560384843917,1.2355881827228636,0.7149989908017015,0.3403910699959633,17.009192852138273,0.19065272614116324,-7.142885907391573
3.4374144169655647,10.857734590401124,0.7205541762823028,0.5538791743937632,0.7102900347720721,20.622540536205793,2.870730347146131,1.3780601189890598,1.1815231454048924,0.7613108802525104,0.301334320941969,21.592124999083104,0.1949638648064957,-121.25640020813098
3.4123689764208276,10.508755423045754,0.9675526131017709,0.5460171843198542,0.7024192024196554,25.09438432977047,2.9289957030612555,1.1393460353680613,1.3880590707145324,0.7286504416927901,0.10817594119408257,16.2942868528822,0.21725594519938424,-67.1338358357354
3.41154148594736,10.52616300089117,0.9996568771938961,0.5823745402566949,0.772689565580708,21.279445956394923,3.1119033180618976,1.3082435658944571,1.1230556467926607,0.7170345811862493,0.13622308509619094,22.228930047450547,0.16298198908629258,-92.05219281709174
3.4371492745608143,10.86659643656915,0.9481895053664711,0.6659419930784616,0.7605092139177341,26.466944510454635,3.2664970736650027,1.138921829193692,1.2416208769741792,0.7172098242740068,0.28333323308815983,18.395519596934008,0.20093061252985597,-109.21892536734704
3.4121921891144917,10.707550037734546,0.7335620165797004,0.6615347057668719,0.7407313804866625,17.129522508384195,3.0276672019509117,1.2885305869774497,1.3788793062874296,0.7841518557500367,0.34971750073888835,18.454357780328877,0.19402960506886402,-70.4293399457593
3.4328838175023897,10.020750788672228,0.7973020845360088,0.6697838517803072,0.775904826917043,16.221365404882228,2.8880145497353653,1.2646878835996191,1.2056729773627979,0.7219084744538529,0.1807417685787476,18.325674308246125,0.17601713602626468,-1.2147392504921442
3.417057495644237,10.3564686022119,1.0263398520377653,0.6971276300240217,0.7455588452997368,26.807278857004263,2.7770341396578617,1.3931347071502114,1.1953592365133165,0.7472754476739556,0.34799631381918317,25.282877272515424,0.18543940626495853,-75.25616628095884
3.4101440862235477,10.57093579540432,0.9627035176113315,0.586217800649538,0.7051781077636052,15.471635670665835,3.153610510455526,1.3542819013085485,1.2917994770783774,0.7423900071872295,0.45634889504441223,20.481656061931986,0.19364580023612268,-66.04616906536711
3.4083833983135685,10.25325227357682,0.6898782637250669,0.6779362467414642,0.7698272262295676,26.889619342671836,3.0831679529324263,1.1768309703942692,1.2466594391557815,0.7528255224510307,0.4121439616411865,19.596532145803657,0.15830560119272052,-26.507294688525874
3.425203382422019,10.817751082390787,0.8835810433493592,0.6013897897480848,0.7663656302535677,22.071350176281722,2.651855008235805,1.249307985692824,1.280115263250097,0.7516655436891324,0.061190843503089294,20.479006905775798,0.15585512011916158,-46.76278417957951
3.4251113812969343,10.27527140919372,1.0262373100240236,0.5940602516743818,0.727291158567323,16.938826344211424,2.782077769062085,1.1412514374205036,1.3909295084810618,0.7963152165634164,0.0903478853961337,23.614874178486428,0.19234530859862697,-28.957487932980882
3.423039170910223,10.754126386701971,0.6782996469788429,0.654997885700658,0.7752298372323844,20.37395266308284,2.7776898271191146,1.1074045185712105,1.2093005754747606,0.7878052208027345,0.21936479214456658,22.05734604615358,0.2061306900049041,-84.96257214069836
3.406444354192809,10.41360118165495,0.8270519867041896,0.5833468348140528,0.7513357992317533,21.805079705791147,2.718575823836885,1.3189696054937472,1.254707229044762,0.7541214479645171,0.06540050340342966,23.329701605385516,0.17826762899348544,-90.07265733268002
3.412583541090825,10.880398251960877,1.0248711956406384,0.6753794067669024,0.7300417534567607,17.317718210083562,2.67941937379769,1.1202585617233556,1.2890392781344775,0.7067756128239239,0.3884161106836135,21.705378646159797,0.21211070594230552,-92.69942990647422
3.4088599511398496,10.10422702739953,0.7290812436451252,0.6498845967647023,0.7312114770819294,23.894463067890072,2.954471511247971,1.1897983034663604,1.2749322129672978,0.7502750410995683,0.3640148494314595,21.065771412319215,0.1961573665431936,-77.34382320676859
3.425601621268755,10.502477380511223,0.9465207472175265,0.5618997242154938,0.7754029140226384,20.7710427614142,2.8435865449426907,1.287080622828207,1.1863354553150918,0.7056726781724364,0.340401956705362,24.807345375876217,0.18243917600497656,-28.8021025887182
3.4099587067247774,10.24881425071537,0.965487356135762,0.6881452460009974,0.768101876176595,23.53390180937136,2.7907782542433823,1.177401711769224,1.255565651440857,0.7129580877704585,0.034893052324726566,16.806234342447215,0.1864877303328091,-0.8999137852930943
3.436535137024783,10.321585760410091,0.9275798411377828,0.6964173827924376,0.7209166996657175,20.4445979000909,3.278070947912728,1.278763704742062,1.1638870041888576,0.7277976619266072,0.34759630217642734,16.837823558282956,0.20874818294185005,-72.44060365390779
3.4099392146585172,10.352840962916867,0.963538345043077,0.5739938749918765,0.7019458806438709,20.126885415312064,3.222325715708198,1.199729080260677,1.3211217448225552,0.7523085030631177,0.09937727852286429,18.96685668999171,0.15860845242305913,-15.339976977074286
3.409734864295246,10.5662197428198,0.9323201390755702,0.6503662524392199,0.7489337339208335,17.863994607121885,2.7672513810106,1.2936494207651872,1.3200617457800505,0.742468228980543,0.028758433090857207,20.931257756467023,0.20398352117859386,-48.015450044076076
3.408411563289078,10.482870563148238,0.8448000461312299,0.6496469861273498,0.7103213067599192,15.762970192348469,2.977819145382,1.3962329145946315,1.1773778836768205,0.7375218455301915,0.024074807960208937,25.316725948253325,0.1598768939937105,-8.940295245749539
3.425670426612973,10.609026342999169,0.9914643543537762,0.5809582134338847,0.7262503540766699,15.989187652292106,3.0512112259718216,1.1546842315356391,1.3651621430357224,0.729468985755823,0.46102703844116244,25.59090971947203,0.19726918820241443,-10.638205852976839
3.4199845783615883,10.016685645846694,0.8991400613016856,0.6372451169285831,0.7634858455395059,20.992762102234256,3.135857067073034,1.2879221427825027,1.3562284378518656,0.7979123565982749,0.34206323345818046,18.90397844793772,0.1654931474978168,-96.47725205457627
3.4116889673164654,10.35990498020231,0.8415002669437894,0.576012052615172,0.7387054755745361,27.60824120598196,2.8669344539631525,1.383301845430824,1.2796484861428583,0.7154787707884213,0.2470808202449156,25.649475248133285,0.17158712679499347,-19.316494642553508
3.415313310406403,10.212869327282023,0.7989643469577978,0.5551629818001496,0.7556370466150941,19.719009749441458,2.7487670412194007,1.340831167250853,1.3272554866682855,0.7574799398248488,0.12834542097507762,15.943036462000537,0.19908654905334597,-108.80563768657926
3.4224200268807197,10.27569538927314,0.8211744994908611,0.6640298381690835,0.7759942942078405,24.05175593062953,2.7070510629156663,1.1555541212420994,1.1057246554868427,0.74129772150759,0.32314285721673663,21.608664748458636,0.2040039168186878,-54.08019818846341
3.4321192209276363,10.358713393493005,0.6940288965340113,0.6229573603329173,0.7055138782973985,22.575505085218538,3.1646587407167037,1.102009385677211,1.2117084663557454,0.7617892424425957,0.2884305377762297,19.388750559849072,0.20436837496810972,-102.9399976534913
3.4016822853866087,10.79398344373802,0.8816657426430305,0.6811294742546183,0.767206861685337,28.327424471920477,2.8878115652856176,1.1074361341337167,1.1765775415642892,0.7911581790310737,0.01656024499531977,19.412998119732386,0.17042739570435164,-27.04413813944892
3.428813536173448,10.026707912588545,0.7595725725521066,0.5576768187269784,0.7725869000841188,21.858327271437034,3.2671219751191325,1.1486548786254085,1.31411486656887,0.7295746602834188,0.47483811331822634,17.205130160999854,0.19521028854726252,-1.4121351649321525
3.426429032495098,10.535589474160899,0.933961520691057,0.6489060737867435,0.7679323134039552,28.01195745228693,3.1679957721585352,1.3575928078745916,1.1085354768787556,0.7239951911195279,0.21393291335538597,14.944296423576638,0.16293423221935352,-56.72907158156367
3.439330000402586,10.164026087617916,0.9302086319349072,0.5881839727206348,0.7393878857228632,27.912955463934644,2.9133742411396852,1.1401187791092908,1.2566964128680491,0.7635709400969092,0.17568881762574373,14.388098734305279,0.17684677946457922,-61.88621063620158
3.406189809600941,10.180605467000444,0.8464897474202269,0.646286334406608,0.7120723538975912,25.58437307379399,2.700530525100467,1.20812422158043,1.28664197621054,0.7523689727215486,0.1881456290994041,21.322299133752914,0.16103153170396203,-113.10414304840207
3.4390775033782317,10.793012802706773,0.8761575122709231,0.6565577213123415,0.7600946975402043,28.159701662683336,2.813516071127659,1.1050568250634174,1.26637023367809,0.7543735946367482,0.1858534832142305,17.44781182546176,0.16981586018931208,-19.264142914340425
3.431902226238207,10.839168817815962,0.7597937925028766,0.555523815787395,0.7623285133706403,25.819276147165276,2.7814932007026405,1.31195113705369,1.1738303789688154,0.7376648809652291,0.02680273959245918,23.349000680041108,0.20774082101725183,-39.90295787497597
3.4037815930313875,10.543369622208173,0.7012372334786486,0.605324969948163,0.7263421160918143,19.226648354630974,2.74451233578766,1.3397067790187707,1.1286727152396092,0.737179991783902,0.3266910825577565,19.75968487975566,0.18216434776491053,-72.74715983041315
3.408377951252637,10.14426250683016,0.858973870202088,0.6384147098663503,0.7461969852185959,23.895403510809622,2.683781579564043,1.3067853813950747,1.2481092140361514,0.768442685160725,0.17926447671776127,18.335701374907195,0.16713577001417396,-49.42589174961148
3.405566237346166,10.195189880028137,0.9595056787432318,0.6381417925680049,0.7042714350385244,21.01421524348796,2.7372458002794104,1.2443589242139326,1.1739439680083217,0.7453148386501165,0.18857726919364592,19.230393076616796,0.19913837648013338,-72.44249191457033
3.405717353368449,10.866177147313428,0.8940244865154974,0.6563026913362952,0.7106742753995244,17.903347696073045,3.253865089754231,1.1134812078925762,1.201515713606133,0.7661681415776934,0.2571511091506688,16.60822289057035,0.2186927304528274,-61.0307996179546
3.417039292502275,10.283803633227901,0.9169661326604344,0.5468323046614237,0.7178996243078346,17.108697732331553,3.078442234510156,1.3335797455171248,1.3640875034537676,0.709612763335236,0.02470970383034374,24.85593206513792,0.21990420555357856,-110.8046187756993
3.4100578377154482,10.698573281986647,0.9272873884376263,0.6798980672711876,0.7784745627141577,26.860579535469753,2.845522059166468,1.3546106804870728,1.3300243501405768,0.7284287419226917,0.07759917409101293,14.570516704244724,0.19333052995255146,-2.6736922608418183
3.4169747676921647,10.885060113553209,0.6502660369987824,0.5930338848491246,0.7316221121294315,22.748690455043352,2.9329383386840497,1.3242904636320656,1.2691206037781422,0.7438793573856288,0.4365073485316493,19.068554778018044,0.1868402452559929,-105.32184030014437
3.4177784701197504,10.123115668592513,0.9127017119238563,0.6886236642886189,0.7140388094824316,19.953215505520213,2.7858951120680175,1.348509905434131,1.272813817692692,0.766001017594304,0.003238691508995666,15.431215114160997,0.21334955935492428,-49.065739938757446
3.422198115639368,10.240879641049766,0.752937887200557,0.6590743911534308,0.7470929458232265,25.874189846789875,2.843185177532077,1.1762360458651107,1.2316095749551084,0.7001920348875486,0.47889008213333134,22.00907803827173,0.16476594261094588,-60.66496477978157
3.4036419866174596,10.568289082886158,0.7304796596915729,0.6824996687424816,0.7355331841918644,27.091560860507357,2.9153612953409267,1.355289052562671,1.1901320097766634,0.7397597630392038,0.26535287507896627,24.481839791018167,0.19533951766089105,-108.70541251658099
3.4385855043728277,10.486041975453297,0.8917405068118724,0.5972081690137154,0.7288127965197028,25.55978210957541,2.8234514553771866,1.3261759611288146,1.260076853024033,0.7456006710816325,0.08694801529835502,20.469929928933233,0.18686581181825054,-85.94320974697395
3.418640020536895,10.29710601379006,0.6644870164860663,0.6839282412632157,0.7565188857304631,25.31255289795115,2.786634101045539,1.1719480644053888,1.2073341585202022,0.7642568657643833,0.06181710548701109,19.713236878085475,0.18017248022130616,-39.68845287600246
3.403349659228097,10.718295637227866,0.6951193094576485,0.656222860783393,0.7726541895248039,16.363400501640996,2.868449679160215,1.2148685006627375,1.1571057421829194,0.7249850428785675,0.2597515330840424,21.291666015583466,0.17949560537898218,-10.956797665576275
3.4095133045176467,10.291940718776551,0.9043671593193021,0.685001912107206,0.7022129171067397,22.016692865717804,3.172678701876861,1.251870794887037,1.2478050283601931,0.7568102984620075,0.25806779236593874,24.934631925457552,0.20948028813305658,-54.5933460081348
3.435736069576368,10.284917258873651,0.7760705341773835,0.6187995231017728,0.7696870231431616,21.23913396107859,2.7017107997982164,1.320109917386338,1.27449843831554,0.7025087916811311,0.22053618545705683,18.146042172685394,0.21152608793096395,-39.1747930454012
3.4156408514048735,10.242656230599387,1.0081325718088987,0.6157014091643764,0.7760857894509302,28.130703668299162,2.904343658062999,1.1369626329708373,1.2124161721901698,0.7969780776530468,0.3811769608228529,22.405945578282214,0.17300306189566447,-35.24653316828656
3.418235108769992,10.856170955128713,0.9505148244686183,0.6171480712411854,0.7118063270614375,26.900377216970725,2.970437226736916,1.361880104608371,1.1306454235355579,0.7622927332107657,0.10525802410835083,21.427158971863747,0.20480967857313076,-68.88075843377518
3.427023204307971,10.393075303829288,0.7647342868029633,0.6597430340998283,0.7678873752766585,24.690691443790925,3.2232428530239483,1.233537905447232,1.2050355494542222,0.7682701159199493,0.14463606154834338,15.508989677695842,0.17632513791577395,-83.11089908842342
3.4184611973461387,10.016247778053312,0.7233035995493438,0.6577759882295676,0.7211515925309732,18.38685286921534,2.740861382692343,1.3984134851399337,1.326465881543156,0.7290973101273236,0.3446049454713843,24.646633995712783,0.21016903361373196,-68.61045813046351
3.424056558642856,10.63216675370871,0.9121326269867505,0.6806074524103536,0.7105357601638991,17.03020074560463,2.806684104376889,1.1510703490866407,1.306207940674201,0.790446334975432,0.05246110477333951,15.163810363173276,0.1941895403761414,-55.25791500360721
3.423822728540478,10.785977204639671,0.8172706945789006,0.6315549801430367,0.7376170240074618,22.022654601482657,3.192513017915572,1.3355895748912585,1.2821473676533688,0.7163649150385456,0.0495319730824014,18.295259748164728,0.2013136345579067,-66.00467441407648
3.405069990010102,10.0741205731852,0.9979740304842286,0.5662791403769537,0.7165299620820049,21.93743110820232,3.2389446205419077,1.3297673445233578,1.3203049338717834,0.7233098282572863,0.43445519855801246,18.024888933138847,0.1885979636609648,-22.589323523022713
3.425316355367927,10.750425245976572,0.9969005062983238,0.5549426645781019,0.7216818566575596,23.85110185620959,3.191806428679053,1.2084771013036115,1.3337823186592985,0.7401692913169846,0.4550543952431817,24.32809228079074,0.18015734995792293,-121.85465093704488
3.4118047064866444,10.758046174720622,0.6916716377824308,0.5718692438526679,0.7423822618665228,18.908018204579314,3.0612058494334233,1.3970908419755639,1.1724937981825552,0.7656412276477762,0.0355836524198836,23.048202233764755,0.17480281294172723,-0.30345503970525556
3.4317599303365953,10.349382400288528,0.723486010461133,0.5431667914442011,0.7498865393789812,26.01917571671175,2.7528407803551653,1.3339453371848151,1.1340933537158613,0.7877563619482155,0.318282029976738,25.730284816147794,0.1513670664497347,-67.86051993168311
3.4168060530880138,10.853222419669976,0.6806296810397999,0.6073024332658721,0.724662400686326,22.183575821755525,2.9296313553720976,1.3160725620425373,1.1119970346633348,0.7351612708604078,0.19293998773370158,22.8948486092659,0.17589714468737624,-8.653163187612705
3.4174781915347765,10.362285668859263,0.9321184664966511,0.6213861317539983,0.7336331991220518,28.02385452328729,2.8786912849998214,1.1724585270035375,1.263638879758287,0.7004771468005826,0.045045130668438474,18.901774087154653,0.1649897421650944,-82.3404780923361
3.420413376081462,10.180107093870495,0.8366226398189933,0.6353722507252708,0.702832074917719,23.226572932696328,3.1097320616340745,1.1547657377236964,1.2469305902750634,0.7433044537065843,0.20039452197771693,15.229005799018545,0.21791727275166345,-105.72332060606794
3.4012840548226295,10.244926006556474,0.8085538561222212,0.5830993179038062,0.7045804503752358,22.121320525981286,2.7861348811614364,1.34123217030374,1.1162027380165858,0.713982702264204,0.37480972064277907,17.5925214688731,0.1934901590891659,-89.00895851964091
3.406719822939271,10.498653836068858,1.0144605312682995,0.6777398377273895,0.7066192282298349,27.221139690321444,2.905157010406089,1.355089188550757,1.2323235487482163,0.7551955656968252,0.4843171421409376,15.697209075707862,0.19238836899758713,-31.983838012465256
3.4262846422483366,10.483970007717474,1.0154151144159935,0.6605872398824879,0.758731542113792,27.270716084807297,2.907364166720301,1.386844857098101,1.1249594917351522,0.7036440215517891,0.042417151522528146,19.420522904819514,0.21661058929573468,-118.25322773109315
3.420503094542566,10.539045718631755,0.7699808923840591,0.5985958951600261,0.7293486292963739,20.387505701597995,2.651816146807625,1.1351298412521051,1.2514794762592574,0.7157043550564969,0.467943371067158,24.41858798278855,0.21612089584385868,-12.047522574846539
3.427045545611386,10.465018658497247,0.8407473880265905,0.6258576527989821,0.7684683885766571,21.523620981877592,2.725651260210348,1.2114443826298875,1.2944918358925686,0.7151236260456711,0.044870987898172655,21.602187648162683,0.201045621915455,-93.80946123444441
3.413269835811803,10.178165714472279,0.6544116366791864,0.6494890099551188,0.7274589576818457,24.535990624985516,2.906828748783603,1.1811704840804134,1.132493018360848,0.7143223841093325,0.3450955719031762,19.294957849686597,0.17237153240275987,-123.84824841501295
3.4043834075560397,10.718470982300142,0.9530228272874903,0.6641245469637612,0.7693358197911075,19.031882165937944,2.683957562397415,1.3350423145254062,1.3005595758094237,0.7026389731346727,0.06748670686278653,16.273630043434817,0.21344480025097812,-70.36386429183007
3.438367783538947,10.557728999303812,0.7181919189273643,0.5833705354331212,0.7024113437207606,19.304939840177447,2.6742801434046153,1.335131449732471,1.2225050096548344,0.7610455119580803,0.2668652709454528,25.052423101858565,0.21559879894650624,-52.03921502975
3.4043384005610893,10.364914251865045,0.8219679651161569,0.5552160927779061,0.7574406954304399,20.920157852125257,2.6746055716550687,1.234291683396334,1.3399515115181917,0.7625131840467868,0.09645696827307496,25.480850122959847,0.17104641213977936,-100.68363712372233
3.4149244966476835,10.55909707231084,1.0232740367938549,0.6585258893439604,0.7471744022061646,20.80210830143489,2.7668911690431486,1.1176864785345222,1.1293402722385173,0.724010491372125,0.12101922324908558,15.554010140380274,0.15298547682269228,-40.03407004504089
3.402506500144281,10.49247845286122,0.8708655110832513,0.6191431851746719,0.7771240552461861,25.736603213631724,2.7840415108911145,1.1005042919767833,1.222840298505581,0.7391899352804542,0.3298232739432926,16.936636905399574,0.17071005659860208,-63.57010089399932
3.4029797169437668,10.346066349308568,0.8283768200115067,0.6067191373656532,0.7111238368212204,19.40015284776404,2.7128922277144785,1.3725104963964372,1.2426784116957195,0.739944151737606,0.11378052310180825,14.884035507595879,0.1746934464375281,-51.27253840336287
3.408781573839092,10.815725558271156,0.9637749627388998,0.637082335998784,0.7345015351537012,18.82271902792779,2.79663485068645,1.3956312822176589,1.3959507524667591,0.7113609176795215,0.4836838063342185,24.70948438427571,0.21782304180073192,-32.603311974355336
3.420672068632494,10.727196691199252,0.8881516874297326,0.6607234716907324,0.7509563433817118,17.915297384138025,2.976606335477825,1.1082915061084393,1.15154736977304,0.776762946531276,0.1681254560514101,23.79052511140955,0.15135330347339412,-8.589702279768858
3.4352497913736832,10.083229117778412,0.6836185524189968,0.6582512011573887,0.742655200525196,21.293664145567316,2.9940810482431215,1.128415035324628,1.2727879689587287,0.7511862380919223,0.27865480648005975,19.97819820880944,0.2020335041975241,-35.83869030165279
3.419713246414018,10.58694937641828,0.8559819395690925,0.6069473340977292,0.7771789750651777,16.70321127982585,2.694956289727033,1.2202560127919875,1.3366600596778535,0.7829462595878025,0.20298601430155275,20.982844995190725,0.1937447011747859,-0.05732062284137385
3.400977194627839,10.6946295731225,0.7977739908538368,0.6805229850695559,0.7345549019833911,18.40231743979104,2.9339416635406907,1.1120511926580192,1.1332773133971137,0.775013605968101,0.46898907035555487,16.765368866226776,0.1966766193675078,-72.1777442713133
3.4011239211810755,10.118245126664164,1.0005481563758165,0.681464552799797,0.7282416562746459,22.098831605520072,3.11562576025823,1.176284746208788,1.2150649383920267,0.7103077476842095,0.27699955844848506,17.677737984188127,0.15378323674558858,-82.75775043246873
3.4199668553024734,10.191127048581734,0.8294928035994076,0.6349498565551525,0.7464796342965173,20.198195167890923,3.0951041591014943,1.1554142033182455,1.1904409876944673,0.7111252481187091,0.31780947029086,15.709752194989672,0.20079934619659648,-23.632915831159764
3.4089804439064264,10.852373706967247,0.7909074403106053,0.5927940279216706,0.7748520104573109,18.28489937651389,2.7791941374876155,1.3094116217446292,1.3279524150607203,0.7338260938698876,0.33120773547323734,14.671637015773944,0.20171818219941687,-97.174149637911
3.412476601061597,10.300865004581311,0.6508749716890444,0.5776874083612686,0.7281395766653359,15.787433893978214,3.103384001796155,1.1872814164965433,1.1302676114672008,0.7623506655961726,0.03801254147415512,19.242045087259182,0.1963683475057278,-21.071765454580643
3.4031879489847108,10.21166221172776,0.689985213491312,0.6133347255374342,0.7467010362287269,24.31106025097786,3.0427076588929256,1.1934502949485668,1.2468356840610166,0.7636028121079494,0.3965121706954865,18.778167422717434,0.17932592990253246,-34.47988119074047
3.434307512139808,10.3456588516852,0.7290078475154325,0.5648280332415335,0.7486469431836247,26.212800247076004,2.7921360164966393,1.3659123988394744,1.2247604138114343,0.7357524067538728,0.09828729919564735,22.605023112280833,0.18929573616061435,-117.56191694267761
3.4191631211123727,10.189365754643486,1.0146191415403552,0.5879538111588242,0.7521055327036424,18.683040495644356,2.710613283267525,1.182838314598546,1.250033717275503,0.7093344031665597,0.3516595880712359,19.351010194446488,0.15478246420300773,-55.16439628080374
3.4246664898669583,10.710185215167634,0.8514596988200456,0.5468622552440235,0.7138419354708746,25.67575950742721,2.6402017817821486,1.3664935853765554,1.2122514308453092,0.7353823611793848,0.14684941931288492,20.04638294076836,0.16182101717563588,-123.91744830127135
3.406641862762902,10.818727892143341,0.905410892621025,0.6312111149069312,0.7564738185982588,26.681800970371818,3.174426430248561,1.2460205114138194,1.3685235750197555,0.7630872394448076,0.001504283731792422,19.43170206382944,0.17239415685203496,-103.09661224648454
3.4042822678731173,10.775253681744259,0.9717034926618244,0.5608728972124477,0.7585464761148974,18.90347966932541,2.877442681328403,1.2782991884299446,1.133980507480823,0.7994614537720569,0.49094603661617126,19.74236180800844,0.1593918074625994,-39.75278602142504
3.414289730679781,10.146048668629026,1.0193490609866351,0.5658358078577118,0.7420079351374296,25.88451117207059,2.9111588316107473,1.3976810744636456,1.2641246707902036,0.754765174599625,0.20113598468143679,22.50504800011524,0.1562075821454669,-52.303757164329866
3.400662638642068,10.22525209791399,0.8971082085057318,0.6470171065812806,0.7462822545066271,27.51678699757831,3.0808824163052155,1.3074405158397593,1.3320706986812332,0.709607833992391,0.15824065859315206,20.768425854573582,0.20141579519409353,-115.20520990534366
3.4263461649287676,10.17630393020148,0.904678442656689,0.6772614343168402,0.7418502446846619,19.168712666629286,2.688171799905658,1.3861422266979373,1.1902796221799292,0.7648431739516941,0.2199957125480644,21.61726762612691,0.15947444646058212,-88.40717728541085
3.407623344481401,10.543918546719985,0.9385893098289735,0.6437562943034985,0.7110382726314224,21.17878018780379,3.1152401648919614,1.342473340807124,1.1864126572405136,0.7585949086600563,0.3118013270400566,23.359896404145182,0.16535359214744133,-82.58974153343877
3.4069876254630307,10.306961053640137,0.692263065880686,0.5676961362085663,0.7440598578906732,17.30310037433221,2.9512971655509053,1.1396178511002975,1.1759176296130334,0.7091118757240561,0.4677020678117458,24.02308103374039,0.19235465532789994,-100.92548430896576
3.4172989164646204,10.119906092199479,0.7904769070585645,0.6045293582210315,0.7764373313256047,21.208753937921074,2.8933857805911742,1.1359485990889362,1.1357874814306672,0.7265846433583956,0.4910150850402047,14.37483343387197,0.1666658464159632,-60.77903097331342
3.4229322491457808,10.432113972001856,0.7303484161682973,0.630572534360311,0.7694013240742825,25.788260303357447,2.7946739128415596,1.2079560527727173,1.2539839985020633,0.7792488560332169,0.2737603270425503,23.369354420532495,0.17356623677240643,-14.675760937982687
3.426017323024756,10.494279387603946,0.7341848332919814,0.6404083912459942,0.7130822241857454,23.641313453869625,2.7395388113247345,1.3500224607020541,1.1696612506421027,0.7312011538136756,0.05561820986822072,16.484352960180157,0.15020131173236678,-123.11279254691111
3.4256311088177984,10.771595892307635,0.8015703652985808,0.5680670377070667,0.746655866366405,18.441133935115655,2.9587204747128175,1.2806485846012094,1.3331657842801239,0.7908582079237251,0.49230385183936526,19.047500145136294,0.1828632136981583,-17.764024088736434
3.41501430961379,10.200240829498957,0.799272014709711,0.5675623984579464,0.7398464264208778,23.13120766492907,3.107267469591441,1.1088915553174559,1.146200625067557,0.7459359893702289,0.11070630907564642,22.91691202876289,0.15566303992329794,-119.18488932774237
3.430531832561358,10.865363534613486,0.9351524902197348,0.6608452575721513,0.7393372428687692,19.288217484714448,2.7968280773258516,1.1858490664107402,1.3793843457478085,0.7355508203123293,0.1335488707813458,23.47659432043391,0.21299748032772542,-79.75664375050926
3.4319678828366413,10.080279715503998,0.9400540875633372,0.5966744433336013,0.7174436134965183,16.10756803916747,2.876002227005464,1.3752968052119754,1.3114671149279347,0.794139098510934,0.25181538640184187,22.42139793694003,0.15030288356257934,-66.10902706819863
3.4298342426667876,10.11265525726598,0.6884351302824857,0.5457134751526871,0.7529949278325908,20.95967678788649,3.2104427976554053,1.2535436998418061,1.3643997312066571,0.7210758481920946,0.4324727799775035,16.17385101631691,0.21620107879392775,-60.00383481993789
3.4246896126920934,10.41897708779769,0.7332835472155601,0.636190657930161,0.7246860386077679,19.624682349240647,2.9601404209239472,1.3415209484448267,1.3190923543341233,0.715629467717126,0.46996247964585464,17.352767523627588,0.16675272229852744,-84.06703564276691
3.4104500290941306,10.006779680273894,0.8613447701745272,0.590432373072503,0.7592167202893536,22.56615354909504,2.7863888489977047,1.2279280909181203,1.2766733160166446,0.7811347280209441,0.25481180081721777,22.422351861669384,0.16692066130446526,-43.43356867841682
3.4228876412241687,10.714846503349612,0.8047464488803896,0.6042105739659143,0.71621519295525,15.487218867601678,2.7816251891849113,1.3682709309542527,1.315936530575902,0.7067840700158169,0.4848106763357912,20.207680853228403,0.2189385696515802,-121.36200756278474
3.4149787053787413,10.01078382225234,0.8919816627661699,0.5834741804998106,0.745249963897737,16.08961919841404,2.865138552573174,1.1365407739622686,1.2450385140163802,0.744288023668403,0.20912230225375597,24.81264008903682,0.2102355043657844,-15.386242549699872
3.437738791477994,10.000289500550883,0.7390104768460761,0.6451901851556523,0.7507107105595354,20.567549233373754,3.090639341857047,1.1328261761238798,1.3551838340434827,0.7480329482599921,0.17542291883773675,23.75184098405837,0.15553158503309134,-71.96688477532243
3.4159842277684613,10.044160904040567,0.7957740965879693,0.6793421442928389,0.7460304762543297,18.321870085161613,2.6440325953301502,1.1703826167539542,1.1115247920830427,0.7907603436049462,0.1365983055759099,18.815248896249283,0.2103761126386849,-104.00669901207169
3.437340520435071,10.886521177289762,0.8059633434264349,0.6018193984388212,0.7438988255966718,24.29096403995537,2.7601203557051117,1.1054939034124032,1.2756868022116346,0.7614882908936802,0.4431303128634794,14.069259774781706,0.1780088772072905,-92.2115638298495
3.4308592525782813,10.778867344446393,0.7356262486253302,0.6630187794047713,0.7287756872192918,15.340826695259112,3.151174393726672,1.2089964471500863,1.349424179485138,0.7820427611636483,0.300285450555446,15.542588849959373,0.1582042058808611,-19.382716729772255
3.425467764655565,10.477705944268838,0.8050743326795322,0.6477601575679306,0.7499335052862701,18.105593097489717,2.7043749158881267,1.2588526906494262,1.171778714347345,0.7088319055122263,0.281908668699922,15.981122246823356,0.21488316929370005,-60.120848005072084
3.433068833417537,10.720682104883743,0.8187096366783503,0.6249244769242706,0.7325877114285095,22.114007632649013,2.7445895126118978,1.115494716631977,1.2387377186108686,0.7401802827724392,0.044373033688509776,22.607561694027716,0.21673195171007742,-88.18779288125646
3.426485798881785,10.75114384682962,0.7945869848813123,0.6148696262969143,0.7406903838212457,20.018947218204985,3.0041238161535664,1.1824430261034997,1.1955338847032817,0.7163212086814982,0.36892474295479144,20.32838697471898,0.17110319457291542,-90.13829500188481
3.4082525858822375,10.230253142191991,0.9356463462136786,0.5914247681575333,0.7022770497363787,17.61059639877311,2.8970596954177985,1.211889948132386,1.2649869397318017,0.7880550069886172,0.04739002619115542,18.834663479901728,0.18498353304905873,-23.649750753609695
3.4393988700119613,10.384449916758381,1.0284873231955696,0.5419860849609571,0.7258769103710127,22.773829231046477,3.2028961492586365,1.3528707598151304,1.1775838211345928,0.764446610212661,0.28410164128378135,18.759215056628044,0.1800776063417439,-63.946188305572775
3.4329438070008655,10.627518482111862,0.8371276350765419,0.6932512931479113,0.7051016478617798,16.80134760715679,2.6473221152101507,1.1346254944787202,1.2035003100584414,0.7672596838781802,0.2529627982730193,15.153932574119937,0.2132847658493835,-114.97539671290986
3.426896289662082,10.031478277846777,0.7830136170720791,0.5661135181272073,0.7398625026253993,24.67419853980586,2.6890233342701904,1.304119162846014,1.2820883580636686,0.7488448715541884,0.053265441301687616,17.866008470230415,0.20878151738307443,-104.77595537473917
3.409527629870867,10.38479838418658,0.6902258730758494,0.6927753446703042,0.7242254278199256,23.69265157743049,2.8258573523606887,1.1096506277370313,1.3871428543817361,0.7555069298956043,0.3214510164908265,20.086328601672868,0.1987359553097457,-45.10889116496827
3.413592103840357,10.325588990453724,0.7837232354831848,0.5597702153039854,0.7053718110046195,20.974009614704194,3.2765585171761558,1.3254179072650565,1.3299180321107755,0.7910745707181273,0.43019815198688255,15.644002041134357,0.20902377328808178,-28.446657983681476
3.408397406106249,10.309406323133782,0.703793734071964,0.5762682554374934,0.7361691400944521,28.403226598492935,3.2746226854361815,1.3820512689076092,1.243590185754737,0.7241395141106484,0.3234058300741848,14.140701953204344,0.2115609679050869,-85.28763685852053
3.40302493080223,10.580991437486599,1.0173136459667833,0.5887984601529904,0.7347583743110845,17.425799148256452,2.806483155453571,1.1117558568077979,1.2639990501617364,0.7468826774981725,0.24659085378750742,25.827279538918482,0.1607902287776107,-72.38734783837172
3.404538108606793,10.879502900118295,0.9973941524510603,0.6358705946450244,0.7204925855209243,16.734281153986938,2.7769533323109723,1.1795139613402712,1.2049850313628756,0.7314764609732394,0.2105871393136541,25.40937311199028,0.18095096837997288,-92.5597508650091
3.406955845191949,10.433203701092047,0.9782299687927375,0.5636498591662626,0.7364952487427652,21.8466886803839,2.6605296331930273,1.272075741751453,1.1967700315355685,0.7784052173880813,0.16745284707034572,24.84416619191155,0.16558795049142294,-105.66734671370435
3.4331235001104545,10.521322194761293,0.9151420566349069,0.5653907585367121,0.752258188841049,19.94438816270284,3.0617377873623988,1.2162839461436832,1.136578090470714,0.7533986792447388,0.07267768161535186,21.292625234535894,0.1979124956204892,-52.12251820860136
3.4256787654772745,10.186712153731456,0.678684229576772,0.6505070733747456,0.7097497580895682,24.873926803462304,2.7401155456854247,1.3935879852359268,1.1160965338300075,0.715519477709517,0.012326993618782409,15.35202547346987,0.1649496024303692,-84.99539934280953
3.4082826024490185,10.824377685030873,0.846295785986946,0.5462522527820597,0.7539033449220284,18.961104322889287,3.2561901994605207,1.1832136355891902,1.1328830184904657,0.7073512176360908,0.10955442111919997,14.203475676416721,0.16637841192236275,-20.16169539495928
3.4380665106607045,10.134492436565276,0.836032810011512,0.6106989476099055,0.7322013901070721,15.454350562965113,2.9913220840043917,1.112073319036137,1.2869691796019491,0.770864635182424,0.18926614195367134,22.171972076666705,0.20859265587231535,-48.79858309810413
3.422687387582484,10.414372206397061,0.7727955780395125,0.6426829186620502,0.7269440087789159,27.79758092183488,3.155404919592087,1.3337564442340262,1.2423555314968666,0.7579460864243578,0.31144326188172333,18.361698951146494,0.1971311687824476,-95.31700890956743
3.434113871881574,10.617372632305509,0.9225606918489695,0.5882757742406676,0.7528398210567762,20.98926897530695,3.0908608492727447,1.3709593144103387,1.2230423944894058,0.7132463037926466,0.4194263938009485,24.002187217701355,0.20861276962571837,-91.55218800037292
3.4159153799903597,10.176665689681043,0.7525479026584152,0.5963324812932583,0.7487059886816726,18.42922567639074,2.676064404600539,1.187802081662087,1.1530580203066476,0.7057195083850853,0.04451704488304796,23.082745770644706,0.16487858165471023,-59.12843992014777
3.435069575234171,10.775684945554913,0.9646507604737355,0.6034351180136335,0.7719871055359169,26.651280284862956,2.767185205477281,1.2034796310484288,1.1554079519045266,0.7252297834935907,0.4968256665183795,14.788521081486783,0.19395695102421656,-13.152447336308555
3.417378388151079,10.731103955244105,0.7219083643281684,0.6370884550741007,0.7127687484670568,23.598029932888153,2.678823597088991,1.1144707329677737,1.38511430778411,0.7362744319250031,0.19106735487353785,15.565175545251924,0.16445735445054077,-7.743722322865395
3.438712097825788,10.887643234535402,0.7771836492370956,0.600254380713291,0.7580743437966102,22.305903345818052,2.8427281760392313,1.1275605530355675,1.1653903458746748,0.7884383102397249,0.31979510140382716,16.563732841452637,0.17443157663196007,-83.80820615845658
3.4123956224446426,10.20633495123468,0.7159556131593138,0.6178098740033,0.7659385333102973,25.356529034038,2.8921342418507052,1.1990004639379561,1.259077286809793,0.7817920917277261,0.16663105887078386,21.046649263203737,0.19264212863525043,-19.818765350509423
3.438839976859353,10.739054095538659,0.7642476899943845,0.5809135172421206,0.7186248544713179,16.385093282145892,2.797226087530542,1.1871453362270348,1.196564377778273,0.7530262864212378,0.09540656391997115,16.769643334436775,0.19214175381944693,-117.58728881426258
3.4053251927594763,10.337104040026215,0.9031793389085103,0.6810183125777951,0.7301853197359873,23.033907998140716,3.2215572459852044,1.3655932819073986,1.2045120894927375,0.7982275072401995,0.49340836916425024,15.118278429435328,0.17677983912504652,-115.05003585302602
3.409503127109551,10.091368262396383,0.791101426917951,0.623795978260552,0.7576593333093818,23.216842826116288,3.1175152557450554,1.2693651798048136,1.2343404704717913,0.7966786543283478,0.058129341301457596,14.866336995542106,0.19704274020988305,-87.5719873126852
3.432472544689266,10.446240312928088,0.9969992346260101,0.5765114731111893,0.7682214134783396,21.402842042563854,2.8836128085923707,1.3859942106331642,1.1346937273211795,0.7651020503497171,0.18240591687117147,18.570849489211597,0.16555777666735927,-74.36229513715791
3.406616808601967,10.27034980578224,0.9505949157944985,0.6970739493775064,0.7033881343727334,20.56668116182923,3.157267330609681,1.3644223073144577,1.2788490994931785,0.7734309887925616,0.07093087361043675,20.272317485841405,0.17553141944393177,-26.253331919921067
3.437811188015601,10.262372066200884,0.6607003561274994,0.6344052298000341,0.7458957443462565,24.954385137100225,3.093503977689165,1.1948123524467382,1.293527523339461,0.7960626496349802,0.3907414440377405,14.175013081838143,0.20797284008496586,-100.81865709832269
3.413163764659141,10.869707337912619,0.6705111812696042,0.6900358261403595,0.7334780501709806,18.912424839668265,3.126535760246411,1.3857317848471273,1.1154418621867122,0.7812046064652738,0.49096781614312784,16.79020180458428,0.17148813641447377,-51.18180688301108
3.402240546309411,10.800692277021758,0.7380683117363933,0.6710636208441746,0.7018495846721344,16.72735559773183,3.211400660602865,1.294810001487811,1.3650157714219249,0.7175266731574792,0.1136021704616857,14.696716232864498,0.1729082464699543,-110.64284073276231
3.4264394665520923,10.694938562236283,0.7293871263563849,0.5586624885848969,0.732374117689235,23.016400990390927,3.0284378779597887,1.1150985601718209,1.347948526175338,0.7807239186678747,0.21260651305536696,15.283060698315706,0.15273403900276092,-49.07420023323621
3.4368011150334956,10.850745532794926,0.8497708755929685,0.6243153471081935,0.7624354420255107,21.78772682976415,2.9467759917154783,1.1599481554064086,1.2499114428356692,0.7076594249480169,0.4055584120857937,21.697004910197002,0.1882832439798848,-68.8292461112031
3.4051230025491046,10.016900329792932,0.6762565628995056,0.6233642772106791,0.7371981834333411,26.6347930278393,2.9163533953944256,1.1831563956950701,1.265038235700935,0.7122952590087364,0.10911964760833968,20.545689208374522,0.15319596210489986,-40.60743504317307
3.4223728004622096,10.333823016865217,0.7890418938067021,0.6835518159651403,0.7093175083297456,22.894107029095697,3.234662645033901,1.2176875846781432,1.3552194815066425,0.722632148254532,0.4036191841867296,19.71193105302041,0.15851605311981748,-83.09273853507679
3.403030772858319,10.521262075930288,0.7866150933867601,0.5993355525171618,0.727752621519788,26.682328174017353,2.7415414336987376,1.2625020391326283,1.2567807168073528,0.7091902522321216,0.0976357394414072,14.925887574002457,0.17542672332535858,-10.22160159102684
3.4020790311817444,10.878640554230318,0.8343135865006917,0.6386471486792042,0.7570193280595446,22.088807076532422,2.689695859786297,1.2668737686655893,1.2391392165312558,0.7619467060340707,0.14896065284186588,23.533692999852956,0.17424979717555805,-39.32778852342349
3.4381766386227826,10.475100530975046,0.8027997671442727,0.561782577876596,0.7682947520988685,20.23117550880055,2.772333807437988,1.290695432119571,1.3308994959666265,0.7533534274119749,0.25458570183070317,14.593292848978287,0.21715149806347112,-52.95067217281748
3.4297411738609807,10.527634530552804,0.709994401612184,0.6179253344613768,0.7475296394952939,21.47091008963631,3.2661028140575468,1.3905087867408044,1.1235358940808906,0.7361951640672489,0.1388785682998352,16.94625626279289,0.15029985333591234,-84.71780611603646
3.424556778679341,10.756780382048568,0.9719997580411163,0.6698757024474191,0.7391763543667184,16.31468033032201,3.044985221009711,1.2328174643673913,1.361974823350212,0.7384454825059357,0.03139309040650624,19.458309603358785,0.2131014151464592,-41.43912380867022
3.424942591152667,10.00984699811319,0.695810069933023,0.6749223012140272,0.7759393025536007,21.466608669433533,2.9065505226744603,1.2188154122659016,1.3110956057839482,0.707035563018894,0.35774753597122627,22.878358724712353,0.18279274510023932,-90.7177446617558
3.4263885978383937,10.598462068836527,0.7874551925242348,0.6439399466554937,0.7749193576954186,16.11110427856554,3.1775038428228357,1.3012065024693524,1.3106061811999616,0.7485306247096695,0.4811810806232678,14.012712619070712,0.17874381800957836,-49.557907068163075
3.4075148179614474,10.797916314297163,0.7160692258811172,0.5501660646966156,0.7634668239531819,17.440505785549064,3.16303485034415,1.2717158391009329,1.2076613625563681,0.7753325013658977,0.006801143371344899,17.439897975808606,0.20375326123884407,-64.23480221671718
3.421924535457232,10.50013075396882,0.7260464927252179,0.5844268106157615,0.7690817556794152,22.645240621555555,3.2748890998480813,1.2769248022068251,1.1372918119628144,0.7760530421736304,0.2628173332298141,24.343145855656473,0.19899565192242416,-5.8868099809580485
3.4021130436423386,10.592685122015348,0.8829456210224279,0.6086653301180616,0.7612231610602689,23.23744424143635,2.6798791464864897,1.1524166524829151,1.1123189295238352,0.7717708627714279,0.24801331800088997,19.05463532447233,0.20551476772580302,-88.13358382821909
3.4381853152208803,10.449983651870959,0.8067217297698623,0.6267397364757364,0.7643446203521156,23.343059532630637,3.1703390943287064,1.2564974284284003,1.2496307216613842,0.7058444334252836,0.1814885906261636,25.460972385214212,0.2175670557097929,-103.0398201098561
3.425406373145552,10.477347493167157,0.8009152047442936,0.6711966901583928,0.7529530511901845,17.369907691329587,3.05359428117217,1.129003504360014,1.2122143116412345,0.7327939477193893,0.157111140285671,16.585283513679613,0.15282069422183225,-0.40922327017833027
3.404044399158827,10.40747891959538,0.7131023259799742,0.6800513277849634,0.7451029369954751,15.94225593329266,3.214366391245076,1.1481213736285403,1.2183055873359234,0.7364905305338593,0.4879655631642219,14.349448055806135,0.15176225349043077,-97.22512657769343
3.4122378595466416,10.229621432616756,0.9361619955903424,0.6963596426196742,0.7305046385473029,28.220878496478182,3.234559680946334,1.1031589151580408,1.2088325134569562,0.7276616034473528,0.3482020331512634,17.417865358428916,0.18682399331959293,-54.75783297050499
3.4072271699603327,10.59197624209516,0.8181273187273836,0.58644405013399,0.7482446863590557,17.10813409726436,2.675627010239414,1.220115129563867,1.370177022303091,0.7739595657680748,0.07505430859266037,25.403823359930243,0.1747483523338633,-88.9631322787988
3.4292573018388786,10.696590153919054,0.7427807690894066,0.6079575035221889,0.7247413584735944,27.73752816065463,3.010673661570561,1.3761068832026409,1.2520528875541095,0.7035007338833285,0.27784625263068774,18.92211646101941,0.15828167214486252,-25.301225963857533
3.417481405821656,10.141221707348365,0.7876250699006226,0.5715145723431627,0.7662380913612862,27.241594028955973,2.84967140241981,1.1540714892170696,1.187727677290005,0.7192592981771625,0.3783737397110871,20.865031330725262,0.16841768764217585,-59.22421544147271
3.426871143741759,10.848123135592678,0.8799972505903322,0.6802447611660387,0.7679133841339805,24.832361028898248,3.020722002160551,1.2007603003322744,1.2596568707951945,0.7379479191652982,0.2570230403003164,15.191941625921027,0.2019308616526719,-101.58145918463765
3.420890666510267,10.12783114920116,0.8713691816226226,0.6267260570305935,0.7358048965276396,23.455145050977254,2.8798299388379176,1.294637141678454,1.1071245068262896,0.7302308782405575,0.05300647899263845,15.324196617814133,0.2015849523250313,-34.952838554201364
3.438345975385055,10.55270115182161,0.7831149258340284,0.6736735686296982,0.7626804055102009,17.84409994173344,2.8509754315162463,1.3238764985818396,1.2963607799657955,0.7424406432154287,0.015701710130729844,19.062072541263884,0.19167733348533,-26.606127978323926
3.4360954641478307,10.154690929918461,0.6622246684731933,0.6292681169381065,0.7523843645651757,26.59239541156148,2.9821504972632074,1.3061546546698815,1.3505189140657223,0.7084342868624438,0.4826460295377921,25.818020268208326,0.21743797971416046,-72.19548280345246
3.4175416242787553,10.034272497532431,0.8661530889534659,0.6280493864622926,0.7351004319643691,23.136624480074907,2.719764865464346,1.2228028991991249,1.3400526350791868,0.7618218747155244,0.04127578634851613,19.74540783322039,0.1623420939391373,-76.93715318097436
3.421506081578872,10.199623471578834,0.6634324899120178,0.5856044009347953,0.7116776055766645,27.353259601474615,2.685022870939504,1.1586317363599221,1.2809361961471857,0.7589770405189145,0.49251528035259734,16.83594684260761,0.19619931522602907,-91.33586009432423
3.4005725909911186,10.69440003886817,0.9633038830632057,0.6679249791899358,0.744685675657476,26.598479756793196,3.1437323570849407,1.1906097917106382,1.262695284303833,0.7581398449095252,0.23945737263487246,18.22875370484158,0.17480800804670574,-118.51378604484302
3.4172792447590186,10.054383616764333,0.8608085461355325,0.6499248001143371,0.7615123048230548,26.19266853374612,2.6860416662753397,1.247921448669839,1.397513133487328,0.7378665869417517,0.3626082581448756,22.254504465248026,0.17770757374271184,-97.09793568889711
3.409518620580932,10.254457746941107,0.9393781827135517,0.6956740864827257,0.7122879987133661,18.81452489444662,3.0707024937401157,1.2280446730990526,1.1592614330775712,0.7249493564624268,0.1274529265690667,17.762481654860935,0.15290349368575457,-61.97944808626878
3.4376519436802897,10.89252877281853,0.8391703439593347,0.606543354509198,0.7202383390813271,15.994391703078705,2.8044897242970803,1.3087974460697247,1.380934712921887,0.7785799291371742,0.05617404404168589,23.104388429671225,0.18793773976966716,-65.53305584245958
3.407213221260723,10.524935153590883,0.7238728555555187,0.6030401206299653,0.7080359517418862,16.418818586205123,3.1346508316014505,1.2132022625224854,1.1690912949840113,0.7907380369170316,0.4999762075202919,17.337492981273954,0.15991545940092994,-39.98009556794568
3.4046689168084465,10.257667152603176,0.7324748658449681,0.5519858634812214,0.7485684928041707,15.52180841882571,3.1138672583435096,1.1231246515183326,1.3259256633821643,0.7183589896166438,0.2675390942329222,20.08308857411178,0.1593635927111785,-78.14569384295459
3.430293873652204,10.506422954376463,1.021045636041807,0.6512692774860694,0.7730418049671358,17.7399334907424,3.1573121665851978,1.296725448955255,1.1833790761750353,0.7792047787408483,0.25150925823470777,19.47551607183456,0.16246401405478755,-46.397431764401006
3.4262685703999414,10.008634313575952,0.8887771104457441,0.5793728333332048,0.7559253781647182,26.444946872498114,2.9446852999212174,1.3232626969998362,1.1760701435092022,0.7524912599169188,0.22257188268446476,22.584342774076923,0.18845722375276955,-97.13824871607125
3.4067106310714963,10.779912504134742,0.7138688621871689,0.5988717302609299,0.7174226135376606,18.220556474713607,2.7597126344821454,1.3911199730287482,1.218968344666271,0.7762995403523768,0.015217029979131751,18.799810951811526,0.15278242176372195,-117.38391513186879
3.4132325435664606,10.172910724107023,0.7086210649716956,0.6705156557879577,0.723790535728991,19.040874076402055,2.68885675597833,1.2844867610756772,1.385022856193541,0.768239867275752,0.2485715826229582,17.55631758596152,0.1572025877813757,-25.13784653759693
3.4299750042896484,10.209992792529574,0.7475319352454234,0.5540326043544326,0.7359844692192183,17.689035067710968,2.8120935841866896,1.2275158735431893,1.2703402059463427,0.7423761622790818,0.34109233025922664,18.347669701219548,0.2178790048576637,-54.46050223034102
3.4268819937732684,10.074348884444657,0.7179745354463161,0.6299945669182216,0.7758887028835736,27.02635240438973,2.758189093539813,1.3766387035923138,1.1116913369352412,0.7561424825576365,0.1499585394681436,23.392095245592706,0.19243101617247127,-115.76855380641813
3.4288412179856684,10.147108567176014,0.7791047255546728,0.6456613895618888,0.7606086255497999,15.467230801038562,3.2426162325791097,1.3966698545598206,1.1968201157809433,0.7849781355862933,0.398924104731205,22.620484724251465,0.18345016475294773,-60.31160732108018
3.424100658911929,10.482552813956334,0.7296389714125706,0.6398313442237827,0.7414410084194752,19.078685693903356,2.679724656655264,1.1838814141489273,1.35951750095464,0.7399333123776725,0.046960572605107914,19.197525890630978,0.15037200524461397,-101.01100949743528
3.4364665334054196,10.509838048389087,0.9618110092218375,0.5592382143504347,0.7700687994321301,17.149633801004228,3.054213978759031,1.1480516259622278,1.3767172675398207,0.7528996568068215,0.20495999901789944,20.74748879679173,0.21815504207621933,-116.33886242522325
3.4356958450034796,10.58414131248237,0.8712151710406018,0.5740852146207961,0.7596878035841325,27.076999930656555,2.798236473758096,1.3195515710287988,1.3965591641293669,0.7195007093563811,0.24833518170307742,19.52520820452804,0.16682866535867089,-27.538497023517905
3.413190883070116,10.316064833853712,0.7025411512107431,0.6394916884146687,0.7055988038539459,20.383923034725093,3.2746252382712955,1.1891774807526898,1.1214474007961162,0.796946636662605,0.2882114018796767,17.02359032438399,0.1812286919381945,-27.49876548143601
3.411701056887395,10.728173703962579,0.6732416780414022,0.606837497399279,0.7029168293377096,27.82255436348798,3.0865425537592417,1.252128474637739,1.3314254315691563,0.7144093684231242,0.39046007884821765,23.448186444723753,0.19526787950792368,-0.16572656434126998
3.416971211366326,10.6029960044053,0.808857042916963,0.5819173097351107,0.7666885759192876,22.476096692131243,3.228772094986317,1.3088624905748953,1.2664976796595055,0.7420568199177738,0.04518415982220681,23.635742720603687,0.15406829263746666,-13.437248902305754
3.43618493298548,10.289712321560849,0.9529734483365215,0.6642299495210358,0.7196562351942378,17.66030021254294,3.078792409247274,1.2713371379023974,1.1221480472638712,0.7972265117990663,0.25964454037978785,17.951147795585676,0.1562962376263052,-53.859960468227996
3.417346878354575,10.68397302280022,0.8857150993429551,0.6112342952938761,0.7078732791284197,26.31007766022589,2.934216237538241,1.2677771087590952,1.2790789015875001,0.7151917308444616,0.29109973693016883,20.344378033077415,0.20757243247507584,-100.15571675333838
3.4362601558466612,10.632477041213296,0.7509204454780266,0.5828244816510395,0.7314486149922506,20.508158896668636,2.9125277768756126,1.3995587544151415,1.1163071027031588,0.7420761372318325,0.4869892978930261,16.193027866077102,0.18940117721389466,-62.11885721200989
3.4289318694408033,10.80909193061825,0.689288137730483,0.545200403957698,0.7535952268016407,23.53453858352656,2.9749868385330425,1.1775279274709287,1.3545666760557258,0.7575954830476153,0.32739349040110605,21.57169273327018,0.20683695846950678,-51.44577511286339
3.4136305298586374,10.425477400962308,1.0238809653195762,0.5847600590757971,0.754923066229684,17.24434590332557,3.2229569220007726,1.3207148832485303,1.2427080849091474,0.7063032501413495,0.10470323661085937,14.668122306399692,0.18715984579745912,-42.30912891752975
3.4070896766688668,10.1187890320557,0.9374332941716652,0.5929085155084327,0.7312956218092808,21.849881460427916,2.685362913125704,1.2962922056043842,1.3769833967704685,0.7257648582744177,0.40085846426109367,22.29578162062307,0.15625035606310853,-102.66471387857831
3.406677611217055,10.589612545834727,0.9808414209166542,0.551558874625986,0.7196440188682064,18.707517910021483,2.9804623863106086,1.1138644431890607,1.2030496912740263,0.7269122430890523,0.13294350822126538,15.006113061490858,0.153683881491992,-71.41397549901924
3.4318060695781982,10.576897752742976,0.809624993796848,0.5537479077914957,0.7295011596174408,28.357204785649998,2.79143826024575,1.242696172844718,1.256222896787463,0.7220873852127724,0.14388106155900945,20.611526132477074,0.17543331740787108,-85.24291240884925
3.4382410977953244,10.352391329190727,0.9645691786177131,0.5953447751596532,0.7711806247514872,21.34123177040199,2.972542436194174,1.2393049826901275,1.2944720265596301,0.7599211179074957,0.03365605853678359,25.354318093579323,0.18936938662643898,-6.215359928983986
3.405864056988541,10.437467120720104,0.8910134374179897,0.6766599879427782,0.7067579319544065,23.65229560075054,3.2148847980815725,1.2837755507561943,1.234612885241044,0.7947733437243317,0.3848293465674043,23.014641022204458,0.1798316894400422,-122.73950732726348
3.423174019865696,10.59807978815813,0.9634458131724906,0.6867201154131654,0.7611560003483069,26.176621294522093,2.8420083709531103,1.1747084788509714,1.2144433856676595,0.7980241328781761,0.1787375251722237,20.244341324168605,0.2118620319130828,-93.2901230370965
3.433737295089755,10.65221301384985,1.0113352888829277,0.5583017980484467,0.768014569475733,23.457328861037055,2.9764887914274425,1.2584176860946346,1.2885732517938837,0.7151111594367562,0.34314268682286575,14.861659479899064,0.19452388219061442,-74.06549556135798
3.438879836444467,10.76912018606892,0.978715047308473,0.6206933334845152,0.7676517453796391,28.166518647284562,2.858627397141152,1.1654881599381492,1.1399878239878256,0.7699432929821273,0.11802694822580975,16.079441403911318,0.19261890279705426,-122.04068995335707
3.413458753057773,10.575948985502214,1.009086934945942,0.6299347507403437,0.7500306936971747,27.46313241295225,3.1566832026264464,1.1200037437659898,1.24949478570238,0.7855803270897528,0.23066273773301085,14.444407351075911,0.1544543830629883,-65.5965239198175
3.418375912655159,10.233486733032628,0.9835544087988757,0.6418401490300506,0.766624140945725,15.605016168235299,2.836387476216954,1.1184995999057161,1.2497639151960904,0.7745854417833609,0.4935037823126702,15.254284799946326,0.15902477664329717,-27.07677637121928
3.421499604355323,10.257977003161532,0.9821053633940627,0.6297544567443829,0.7503464385034783,26.1280870795108,3.121206764869253,1.255401107867404,1.3113558588591823,0.7568902166788366,0.1255338346629097,23.9582250418543,0.19312314188772292,-118.65141305814961
3.414124183714828,10.07176120327333,0.7418139255516429,0.5670301976426723,0.7017985203159997,22.871720905460503,2.84028690056581,1.2424830199913521,1.3331380602249407,0.7837698946764311,0.036673084921212844,18.996507472884094,0.17533402768946532,-63.64999168990627
3.4338417631537754,10.318794788568947,0.9172345418420873,0.6190131590946791,0.722698301151106,18.84461247909988,2.8688572764904885,1.1514113013412877,1.3807165451355679,0.702908473204844,0.14560262968480653,17.026221496559202,0.20621444589353566,-76.69905342421796
3.4170090743678796,10.468146052752985,1.0134319403849377,0.6734892392241242,0.7252946231111725,20.691048781439072,3.045974288970025,1.1868461160344432,1.258898257284386,0.7827002319300771,0.33267365415298833,23.56654708435238,0.19905315441080795,-98.02732437932248
3.433832743403379,10.730732975342034,0.7637621142057276,0.6124001006867351,0.7621154355106996,18.507234307682964,3.078575073982226,1.3113905319191157,1.3407668189945798,0.700630886905552,0.41553944799233206,14.979471473278135,0.1710778625022762,-47.9527920937377
3.4217854895331654,10.440459048853679,0.8256488628089951,0.5725395857109018,0.7715566653899834,27.54836162319372,2.7201299236872085,1.1022773692460055,1.345713177060188,0.765899806628324,0.38316738617277435,25.88575251964754,0.20367782372803614,-111.14177465384219
3.4172068047827886,10.276891965028614,0.805276480340409,0.6097015365475168,0.7755335550725623,22.346179667095534,2.6587258283368267,1.2804250837398181,1.3450137873358452,0.7609518370121073,0.3209174013177387,16.952119208742292,0.1952831494491352,-39.54323847401426
3.434510187177623,10.043687171783413,0.7807317726828008,0.6834391395966994,0.7182182613419807,23.6271683788806,3.1377828693452336,1.2457892155565313,1.1373417460562607,0.7298003540754413,0.3078851509016896,16.67121930220869,0.20810835129189809,-62.23337962061709
3.4015613562621616,10.604843359064107,0.9153324479268081,0.6992169311049803,0.7256082575894064,16.795050486271116,3.0988380144510033,1.1154189794229994,1.2123154098711921,0.747091485277604,0.19840139994984288,18.89797948402296,0.21118697330869252,-51.36990038629909
3.4223084948504976,10.846712121401756,1.0105748013138425,0.6245624615092775,0.7128662212070527,18.313665159194073,2.9153120680931197,1.3158453376194055,1.178917417576315,0.7449721346693345,0.17254944758567337,18.610674289615567,0.20721407168607892,-58.30677849665467
3.4296335742445865,10.589951775664609,0.757335226427152,0.6971844826909581,0.7681998537130543,18.178268954423906,2.857921505949526,1.1279667873706127,1.1055332327206764,0.7786451814136025,0.23320067316722143,19.41326716453257,0.2139027200159508,-36.756036239594295
3.424370896868957,10.605500818750244,0.9350887008303829,0.6902806883975648,0.7703049268423787,18.746689712662523,3.082412080863122,1.3517841686177072,1.261643064192992,0.7581925080318564,0.2209897847927319,19.342247850434337,0.1964882999805053,-118.27413923624633
3.423571627496181,10.106439071933234,0.6502622832476707,0.5936802799594034,0.763868285236527,21.45670989352157,2.8671061163257434,1.2367774229268165,1.3485559343131819,0.7966003698759542,0.22075031164746506,18.696763114394038,0.21834328137153652,-25.492296573181918
3.413865310803152,10.794736056286656,1.026069306796066,0.5663835934659802,0.7227365226748156,21.286281358107335,2.9976546800387105,1.2910422300454711,1.2854978910907762,0.7426908868805091,0.4639999657202999,24.9961293182803,0.2094631490095696,-71.14641882506389
3.424703332568638,10.454333246466769,0.9853756902363173,0.6668137553292924,0.7145014400171092,20.595186991284056,3.1611263598453805,1.2521645190026658,1.2297372523433359,0.7885639951324185,0.4749462380291251,14.306334213986972,0.16386504609402686,-21.941718479964678
3.407895974968927,10.104720819040269,0.7954851540776027,0.66263376757401,0.7505884677745023,26.336276557218618,2.8537004856707466,1.2825271158237914,1.320351595323581,0.716017801502926,0.357572456803811,14.339523541744368,0.20138567110043004,-48.72358813436108
3.402238588011208,10.617974114169773,0.7142760127310794,0.6133664145433284,0.7712964137212032,23.846913847857774,2.7562633550602595,1.3797479865130855,1.3433260651655354,0.7585205601692344,0.16693404560032427,14.225970150587486,0.15734062236949567,-110.5256114560763
3.4217090493303144,10.616235944369384,0.8441657443243582,0.6812761068515919,0.7012781602172893,18.757726455547132,3.001884933190722,1.390298665537762,1.2169018281122361,0.7499474501684855,0.4743973980200724,17.993629572695035,0.1797553062602412,-100.70934535193499
3.4016520891396427,10.379282809643618,1.0206328147439105,0.6668424389240728,0.7105473061760307,17.7351457594497,3.270314289036668,1.23710027389892,1.155243438281285,0.7922433428628444,0.25541069028296154,20.126809501352295,0.172929249890803,-113.53330420521505
3.4158740118267947,10.013904435438093,0.9369682363494141,0.6367472298303251,0.7117291224850429,26.138306177946127,3.1670837942053907,1.3237859782649184,1.2109635353813315,0.7940791405254627,0.29134176985187993,22.142188018361487,0.21877581666329343,-112.11485806642786
3.4144679669789118,10.798480610342747,0.9026726361062924,0.6408109574238949,0.7046471387250282,26.907824048567342,2.6981328428714004,1.2365956769600943,1.2369732301392673,0.7810034260561044,0.19577480120604465,24.198384854183644,0.2153866741074929,-41.42087336126217
3.418594236020899,10.564361771838024,0.9363002922661179,0.5954961308921889,0.7251475888829392,24.27100999821226,2.905273831003499,1.3587222787470439,1.3958669638796402,0.7275829134767147,0.2158545565627479,18.240088238410877,0.16610074088203777,-13.462731087700263
3.403692423565946,10.763339843578594,0.9316452072169399,0.6124924144063804,0.7043466804467275,27.95223920800725,2.9072180803504377,1.195907564412533,1.2080271015661548,0.7830838784385277,0.3799676517835847,22.225659754491844,0.18491556619558921,-94.60144727450619
3.412657105963915,10.430357212084727,0.6943398236548675,0.6019836691238089,0.7360821417368328,21.799787446502982,2.9154128017436434,1.1212021791710183,1.1306267222362574,0.7326011980661586,0.37490357678501635,21.512206798702145,0.2160781210415837,-15.733996968583256
3.41936426198494,10.331352562375859,0.7994109036216435,0.6234412343171378,0.7459569503713925,23.273954072777528,2.834360995488554,1.3988428445796854,1.3414387142483188,0.7306613716179118,0.1542649853114535,20.917085024962432,0.15702990858916693,-121.03409944857181
3.4354408283022595,10.884205983268545,0.8891245365157534,0.679244378298351,0.773469460069417,19.194658756342836,3.1261834853472714,1.1595430728731069,1.334650085065379,0.7176842746461929,0.08142789845511232,21.94624645114369,0.21602688700248707,-119.36720774677738
3.437575047851772,10.50879505970355,1.0092265201981916,0.6580596779752567,0.7594644657578595,18.096764240984673,3.1472036297189394,1.287382644306338,1.1521691683205635,0.7996925700180494,0.036562141059762535,15.958179832196638,0.17790971183557377,-89.20448273792502
3.4347656102482405,10.015080491264102,0.8169228583417394,0.6370411391710352,0.7594219843656681,23.211425895870835,2.7137294938359564,1.247539310651135,1.3327931256068137,0.7467582592835594,0.08649175639226366,21.48611122636073,0.18195640594409335,-3.889628254650546
3.401310739005514,10.130533173710978,0.8640872627362634,0.6758870684744989,0.7410626794604488,24.54651765401644,3.1360336747655175,1.3313908256779605,1.113994699227447,0.7074992197067217,0.32114439200402767,19.7202983543577,0.15200615504271514,-30.25442841534941
3.419836983610614,10.795943446061973,0.7926008119423239,0.5717747550817087,0.7379791997564209,16.0705898565667,2.8358047962749593,1.1864253127081024,1.2330000253576543,0.7157907764958991,0.17574373407636693,17.04497420025401,0.2085311192755962,-120.69216408568035
3.438317876823074,10.266206274917906,0.9219151411308563,0.5679489175283985,0.7491869331829395,16.98077456878764,2.6901483368455144,1.2179558455179913,1.1328098484136429,0.7157255544631608,0.46920254380446885,15.809440018506276,0.19430623408691147,-14.334741529409456
3.4124411584754313,10.549726648032149,0.9062389953259691,0.6252188902065593,0.7100764845344498,18.99615951343696,3.2242294251106376,1.2452326664994733,1.3899287897632804,0.7988052360057416,0.49685378912556455,20.137349040462638,0.20250236613180542,-19.47813359347589
3.4384273059209014,10.441129832373344,0.6596726990339588,0.5700256973429186,0.7259744386041761,25.663621540840754,3.257209866560524,1.3623019705439194,1.3480701127722043,0.7549937136063455,0.4153502376102044,21.423657992013467,0.19427815341975635,-56.47901113673147
3.4344364342001343,10.750159778783456,0.7297333231660714,0.629044864051701,0.7043532895405555,21.12304389681546,2.648322658699727,1.1214672809906259,1.3810971459706491,0.7286795253061504,0.33610700866449145,17.984841374441963,0.18650617053193982,-52.089185305912494
3.4023869918136707,10.28679610245307,0.9800596802172571,0.6488723489866401,0.7736202834037406,18.69238721330174,2.761413585343783,1.3926852981962572,1.2593661169411905,0.7013229468915575,0.2557148019911769,17.87196909360594,0.21712300209744126,-59.33649459874566
3.4087735358273425,10.56197724264099,0.7753618916267712,0.6327736883829282,0.7284621524135833,20.672617478106485,3.16054075847587,1.1517030380838882,1.2620519355963533,0.7494088233137901,0.18042503149511202,16.975352097090912,0.19289530980202335,-114.60916487637394
3.4336280752610664,10.226289846826866,0.9166198130910366,0.6232935444536836,0.7233873348388503,19.010963637992212,3.250397148149429,1.3832090475670313,1.2999006444827963,0.7631044303075525,0.4583815577135024,20.95199579770513,0.19507186532914997,-61.005927024767445
3.407709888898307,10.517374229099158,0.7375018185691683,0.5550347982343772,0.7208903853501227,18.38899050621411,2.814919939890281,1.2805383119151958,1.3034944022399269,0.7019101765017677,0.07742260551941509,22.39324338921369,0.16209631645749148,-12.195853015426621
3.419134232523686,10.33492967375908,0.8025490083194904,0.6512354379840422,0.7318183319366035,19.830635337744788,2.852113659663474,1.2910038174000051,1.1088713822958758,0.7608225529929964,0.021963698033216024,15.704741135820216,0.1712684088471133,-93.60695648222145
3.4186709819349224,10.61031842240798,0.7229845100806611,0.658324082128491,0.7639206196433483,16.843318995381885,3.152091120459047,1.187336732942849,1.3398496563890019,0.7441131160043715,0.46436181804062215,23.190030519159862,0.20222337239520333,-73.74269156853704
3.428756486316391,10.371429555111751,0.9073351424406746,0.5797704970634012,0.7563156863847561,27.597269942754274,3.0467234859701935,1.3445263622685064,1.2510615244494654,0.7200792696759749,0.1613912987696792,17.797432547189025,0.16367895123131626,-5.43775432034829
3.4230670425399774,10.107325533343408,0.7166033839568772,0.605405578286953,0.7253800441645787,23.321601281023227,3.015107684936253,1.2486059990451985,1.2536416443970284,0.786591695797983,0.13628383276194894,23.863046311288144,0.15170884529999498,-111.16943024721222
3.4223760254954305,10.238376206850257,0.7223378228256125,0.606275483989979,0.7720162930049174,22.539527167723765,2.656603041587065,1.1965195672578868,1.149595647453499,0.760616535793568,0.12084494063922649,18.06181580593028,0.1891988612184426,-116.88110006916689
3.435909389805312,10.519135383272044,0.9160889099789709,0.57072501461793,0.7554071493833412,28.21845101698296,2.680167884945796,1.2995281122418685,1.3891002116316047,0.7872437954981795,0.46879490883405034,23.128368391844045,0.1555511087267162,-113.24598983964702
3.4122677837757296,10.740270149851826,0.6975526931975525,0.5629662197894865,0.7188857043676403,15.794483719703052,3.226756735175526,1.1167536316673914,1.3198666930805034,0.7837019838462745,0.35583746295120566,16.773961014208414,0.19505983028784685,-30.745248615230196
3.4086249823067845,10.81381420270982,0.6545782846566663,0.5908623290181453,0.7132518033208483,21.223684456401834,2.723988108436803,1.3646512484345399,1.1395451276705206,0.7295945479138732,0.22563201662515733,19.553337243301186,0.15516090582637754,-69.73497695945011
3.434003029662749,10.25756349886309,0.9687400195980249,0.608186297781168,0.7177214024164628,22.951662438550397,2.985251134660027,1.2106715335953289,1.103704100127912,0.7435768261214253,0.036502923810802515,21.95493893287646,0.19801442291775978,-111.12968390400636
3.4153642421147663,10.015860862202105,0.9234805473624967,0.6300585601103512,0.764456035365559,21.030770960451765,3.0509408032278684,1.272504776130176,1.3700458259886026,0.708719950468485,0.1078932482779567,24.864439645987844,0.1671084775504515,-107.74679859452007
3.400223428122631,10.50853846132951,0.8033147238944912,0.5828660653567035,0.7707008387335996,16.36655350764806,2.7007416384503826,1.280117366872477,1.2274360694991329,0.7449603315032702,0.14532162407789243,24.952534570307193,0.184391123653393,-79.67929295304612
3.420102903898096,10.557021187460176,0.6860302786116368,0.6436332490567198,0.7219745086441736,19.642522762009627,2.826927287932302,1.1436328089871675,1.1191204828523202,0.7542650879377769,0.335660162541442,25.346161352946744,0.21060448280927685,-89.23598537399886
3.4270641499726753,10.140629606952055,0.9780101770827805,0.6750400422730626,0.7066590065538967,22.141507611202325,3.219963584857512,1.3957514824976012,1.323491981275755,0.7452793507477351,0.34602909615321725,14.6272327736137,0.17884265094853688,-37.58532683265659
3.4393425783273126,10.13041100321449,0.9726316226482151,0.688573568238665,0.7527203236423321,18.756154981755493,2.8099643215687626,1.1666222031015447,1.1239647235902135,0.7390840164221765,0.2531167357918332,16.9806590316332,0.19037083174546077,-50.54785256933073
3.410824244617432,10.612183760267984,0.9827783996876698,0.6266644691439455,0.7710106729570313,16.427047129676982,3.166497667132223,1.1665629723838755,1.167981766141622,0.7278889358378104,0.4135627289783924,21.211354937123943,0.17167129004257972,-89.43039842784728
3.4083148998217356,10.83508689655582,0.8575472672378277,0.5870533044503671,0.7552883474005841,23.089315542487846,3.176106388408137,1.3594533963425885,1.249588448854035,0.7752389518766793,0.42030874069438595,16.64982413605639,0.15992881314207705,-34.20957781279047
3.405767493839636,10.241463056629792,0.9956043913709833,0.5609525928170103,0.7791427455653221,21.604600719735252,2.964240179906471,1.1804960931572677,1.2300081045711628,0.761989456804294,0.02014265225787938,19.52153677408138,0.16076077363177912,-68.66414556038683
3.4237754285059783,10.205036733158302,0.741155575784308,0.6874250021519883,0.7091660840350826,26.151862546815124,2.9742863870001885,1.1950367564919926,1.1169120959767338,0.7959416372095846,0.35958476564457975,24.582223240031364,0.1547662007272531,-42.50673341276995
3.4051966631594626,10.626266166307474,0.7127334932594845,0.6907149825211262,0.7023972004377373,18.072487127087008,3.088584715912065,1.2167057131284884,1.3322732700144084,0.7782343897141433,0.4759916925983841,17.18090451854904,0.2117414352463944,-123.75684990910065
3.4008913120248105,10.74776829797084,0.7626655518663924,0.5705480175693743,0.7230658715119719,20.03816954957204,3.116379075486612,1.1838364610069323,1.188899539543864,0.767426992300304,0.16559859528869403,23.85771742883317,0.1959614537368397,-119.48008775726656
3.4397136364146013,10.373680993884822,0.6935363986253129,0.5454631459925784,0.7232419699162346,21.299379259657897,2.7698128674061375,1.156097615731378,1.2771407614435992,0.7685780255165209,0.3330893641342427,23.12074643814109,0.16321786768394927,-46.67253443685493
3.404258806461732,10.374436221565603,0.9642275167899758,0.5794534088861049,0.7000809296679495,27.808318016454344,3.1960276310813986,1.2520035619579226,1.1594150377668833,0.7799718927849167,0.02885468127383943,24.85982850189172,0.1727348677882316,-61.20708506927859
3.426180796005368,10.478255146930907,0.7473960335515089,0.6781287646171061,0.706469193615639,21.38691330021593,3.1997666786089347,1.3039633886671078,1.104796151892743,0.7483725390560599,0.39281061129437767,19.649458772082852,0.1601330298811221,-15.792127936907946
3.438758122896718,10.654528739622272,0.9547728719955761,0.5642224577101245,0.7666631776706492,22.21075780533633,2.9860028354803796,1.1534593211468736,1.3514942364276918,0.7679091716437996,0.06545215514862551,19.380288179658812,0.2167049289728873,-71.94118693907508
3.436925898100739,10.46249773199887,0.6824621972920304,0.6934730602464884,0.7244390409680356,19.993593721758025,2.8569732955510982,1.312578861485134,1.119290363081597,0.7099712216824099,0.035117115855767995,21.22862824568405,0.2010030834733716,-96.53446111139715
3.4128377157918086,10.626729530459698,0.8738782424012974,0.6645278468342223,0.7288802235109424,27.837111847689073,2.751907209738413,1.301778333249441,1.1141193985504105,0.7366835107080482,0.09528746448441743,19.393015744284988,0.1568480113021185,-15.063284059094329
3.4365651633034098,10.872738574270478,1.0009613432292808,0.679865091831919,0.7172575802824357,18.103458308813092,3.0997223906935862,1.3966188707677265,1.1939459462494184,0.7340139659216001,0.2766790453469042,14.99113250728664,0.18176085386094357,-92.06905528802402
3.4273778176507133,10.660871551646805,0.7847420293101829,0.5451103349149669,0.7260625022149303,21.26217465329833,3.1167613783559522,1.266656646748239,1.335706315972313,0.7106876297690444,0.05751893699381444,23.31905894913611,0.18132732395595041,-46.285949574567255
3.4233546867778926,10.606652973151247,0.961750729709858,0.5404738414796221,0.7493462165463851,21.20188124549531,3.0936404909533537,1.2840490937890638,1.1211829472795036,0.726077259959727,0.48947774587324755,21.087618817100946,0.2071958641856931,-11.805072334524738
3.4160160086741254,10.897895218341944,0.8688994652043511,0.5882611170087063,0.7065169329562497,22.003864808719012,2.834555618033157,1.1252865107316619,1.2217479167484928,0.7848621539199431,0.33403098762486216,25.370618090671005,0.1965780223878933,-82.25216282363024
3.4395175820907067,10.491311045047723,1.0013343370951562,0.5914046339022678,0.717756511370748,20.780367211548942,3.042283914426457,1.2871170587214713,1.1482564003359932,0.7730543525304082,0.2751203731788549,22.994333922967087,0.15448787740464318,-69.26261455343021
3.436183461446083,10.436513600437955,0.8201843380600327,0.580626801099058,0.7724367551826412,17.633363603011478,3.143222620723304,1.3046678409787469,1.2521950961316768,0.7685877882693715,0.04544689516074951,24.762799564897904,0.20645301360030274,-1.1868417104813034
3.417610589971522,10.237327576086658,0.7256644974474323,0.575418696712609,0.7137098340063198,20.79518867015211,2.8718523492197052,1.1752296928994048,1.3861846535119968,0.7671781480219122,0.3576141628764672,20.855956315248044,0.15653428171171482,-84.73805583042213
3.414828433282998,10.341935658512138,0.9002107334982576,0.6516297681217569,0.742179303274018,25.400334182521892,3.1878169029234074,1.165670302417066,1.3449099291246733,0.767945040540841,0.12443742942120188,15.963886346243589,0.20358135658335608,-84.89628010457668
3.429234201492736,10.320732959808847,0.8767177229329878,0.5747092481455869,0.7664766338926837,15.538418395303921,2.8212660923093966,1.257723228354477,1.1228703054235152,0.7731611323147055,0.1469653895703944,16.168713843499496,0.1501941169678692,-95.39025138818727
3.425468964477934,10.812945609842751,0.7832855394171954,0.585250089262956,0.7737804871937076,17.479521888984312,2.7756760620964007,1.380694490219344,1.2886921556045534,0.7134827773042097,0.22191829930047144,22.33179003325051,0.20583215859177706,-115.79398213168636
3.400455203177261,10.677747298225691,0.7040338793866677,0.5846371354024802,0.7294357475399895,24.794706246379967,3.130268363861171,1.3248021646301258,1.2096319607667665,0.7684876289184294,0.35254394472137607,25.15688090586489,0.1924816129475924,-65.42371455205729
3.4370111065362745,10.73519441941753,0.8803432122534673,0.6915076195974683,0.7179591546704863,16.45175822728551,2.9831492093749943,1.1079745096251015,1.3888332477784675,0.7150864859328855,0.16974172359795814,24.005365586302595,0.20635755087098748,-43.19987246587762
3.410041795781972,10.504003815294341,0.8664145671016213,0.6017411198199994,0.7494971170555407,22.542535821922243,2.943321370974462,1.168777372327411,1.1770195358710764,0.7767559861908072,0.16989942259735233,19.946075249696985,0.1937952003558403,-18.24112106097742
3.4069638225950714,10.00067651989612,0.9240466319768073,0.6088722399900014,0.777680485785305,16.890203459770508,3.0901710404685248,1.320631989570121,1.2879731313235179,0.7605991580473793,0.22885387474013918,19.872346452164532,0.19252156747091703,-4.849858311959721
3.4258641960057674,10.009166101839865,0.8801124173498605,0.5580615419487969,0.7161903721242349,20.96556814834947,3.174913876339551,1.3158654775690226,1.2986181208500658,0.7233664938786029,0.46718376385845234,20.827562594910365,0.15372068353813223,-42.47329107483142
3.4239473391310264,10.836995493257833,0.7980781422221077,0.5410703123356126,0.7284268550620193,24.889137237441535,2.6608169008917995,1.2966379648476298,1.1049900055852129,0.7334406622235196,0.04854252351310025,25.08014659303088,0.20756047774036396,-106.18838074028145
3.40726731813982,10.681586408494555,0.847004628115796,0.6391550821766749,0.7117455838548921,22.29187229669372,3.185639653830032,1.2958986028107746,1.250324570638209,0.7956503622506834,0.35225502013125676,20.666504651143498,0.17038262822200773,-19.69741552087693
3.4166259694146914,10.407708346588581,0.7034454386436605,0.6564362709124072,0.7737698319646034,17.037553541300927,2.8283426202024273,1.1272911961012262,1.1538346427370165,0.7209243681033556,0.10987372308099166,20.036559467084892,0.18440518063321756,-73.42365875356666
3.436771566504493,10.278043836144702,0.9500456105614411,0.5874603293512456,0.7019023330146752,19.285064860835657,2.712941117505596,1.254134476756784,1.276637344400999,0.743714003522558,0.4378254991372643,25.322828208998438,0.21724239067589712,-1.9797359257139533
3.4187620506774103,10.433627177086652,0.8978559273343394,0.6300281287712217,0.762521108487371,22.660807077432125,3.1431457308633495,1.1363472181040621,1.3191377454277804,0.7748589787473934,0.17248080298862634,21.267388036434657,0.17630126728129203,-92.89822478003605
3.421975082242064,10.245520900930728,0.9929323086123067,0.6563155597687665,0.7595794640300144,25.595153165279076,2.9208063061325236,1.3325366817126023,1.1023217838549157,0.7427593440525174,0.4523019586390612,18.37730449267017,0.2016545329927214,-91.03050894642118
3.42157231770493,10.048759604584637,1.0229797759773163,0.5777651437247229,0.7543819885448589,28.103758932708132,3.0878623822200413,1.2272953763545742,1.25872461334669,0.7715577029154643,0.4807005850113677,22.324042140377706,0.1840133239886475,-89.81918442371212
3.4098217289818638,10.364963430629519,0.7477931427227854,0.6214286810658121,0.7677934247982089,28.260186113704787,3.1698386769031726,1.159448670650596,1.2717351622720792,0.7579786169392768,0.3105509788764425,19.127469666153573,0.19155713970759436,-51.160744574359185
3.417356192358716,10.867052090040568,0.8295463387545385,0.5957608545332432,0.7326113545584401,23.501883547397043,3.1798859058289226,1.1492306103714574,1.229278795891456,0.7500446157192898,0.45581031784330694,24.180617390999487,0.1501880939075932,-43.534236372816025
3.434203965385219,10.651436854115932,0.9661739213773943,0.5753486063289467,0.764842020313897,27.188118160294444,3.193694896583071,1.146698185446837,1.35945983808409,0.7587002146004115,0.03687537681497787,14.803187579612842,0.1916369064538909,-13.140018243253493
3.4180856299385125,10.751113667536519,1.02163888370623,0.589399372470403,0.7192149518951414,15.562611023819978,2.7779736295390993,1.3676650861574235,1.1300118990173256,0.7046785323174536,0.08188652603467514,24.80348004028689,0.18627112653770603,-30.115232774419155
3.4127215520059235,10.701803263304884,0.7354353310980678,0.644758544879563,0.7057388425191917,24.317228375386513,3.0726812421929486,1.3159673272200327,1.307386727475086,0.7308059422443074,0.07555999852533041,17.561417131173084,0.1884143987109292,-56.055150039226376
3.4331838080631463,10.01606700591261,0.8091827647764818,0.640795634092577,0.7215097693258656,19.9707053859357,2.7578177971498317,1.1106108157564107,1.2494763122644672,0.7119324257236538,0.43569549870084184,14.930489419853096,0.2153135209142075,-71.30673971908264
3.4395038173726324,10.216280497591876,0.8995223091093184,0.6375331037025166,0.7609593892778188,25.09160268881365,2.9882342716445867,1.1695076741393151,1.2045257917862962,0.7330966021531925,0.2776442191410882,25.868011882203447,0.15641008885699711,-26.767431020075875
3.4184939980102005,10.17521640812236,0.7488806993258572,0.6183110698929734,0.7111738809726021,18.23143759661971,3.2380739110535854,1.1806597722741052,1.3181546638209216,0.7990436980835334,0.29377528815707604,21.92710932781373,0.20263461287651824,-71.70017125857699
3.409908433135269,10.812813975088577,0.9292124872834846,0.5555692239157567,0.7112898848999661,26.621595416878108,2.9829096459497713,1.2230497025119715,1.3937530585745685,0.7415408153244343,0.3792611241074873,14.564919487284023,0.2168039498625376,-63.11732686711748
3.4212280277380627,10.227096066852182,0.9043155339973764,0.5584193030833643,0.7144611416182304,23.43920444706901,2.820693746451923,1.3448436304640319,1.357732051312698,0.7412853353266415,0.49509914801445615,16.164670923625636,0.19657537682750864,-111.75730396037179
3.436379051900865,10.086417281134041,0.7748938003290917,0.6069732776150478,0.7332693198403577,23.834967254925715,2.7122263334668624,1.1982958548211096,1.3618795038070832,0.7146969512537781,0.2006025309992873,25.509921524123996,0.17262698765983583,-16.030449060696498
3.4271420125311507,10.200509595450523,0.8856411276277836,0.6141894502078055,0.7113087858853255,17.324982347037352,3.0594546537055605,1.3554567784018927,1.2205740699541026,0.7270596827966371,0.32382826653180724,18.594144619501808,0.16186156359925777,-91.48701363464079
3.4282729047142753,10.656836959567238,0.7284249331573271,0.6255691683064645,0.7725379481681639,24.45164499581815,3.2031199730312725,1.2140214309827135,1.147903663450273,0.735543418968229,0.4586087922480527,19.619307542560094,0.19682728199355176,-18.79080768192516
3.4210279934119803,10.799974516245312,0.9140073986706962,0.548148132077432,0.778251264356868,19.792424134446904,2.812436499141237,1.3254438436076477,1.114844234088996,0.7570188069463845,0.23574758780196808,18.931273041240274,0.21986970337334716,-38.46130080100181
3.410141498821611,10.492718342005375,0.9243030060727522,0.5616740858274019,0.7002511729841546,15.330983386847622,2.872883687182066,1.2264760748087622,1.3549182098179393,0.7102937082750806,0.03307284868942076,14.870486732641425,0.1623958111344032,-106.75544558399797
3.4140525708601785,10.766185552311685,0.8616809238113774,0.6075862058165364,0.7230788734623722,22.6656547668813,2.9788469015875103,1.1671972676887388,1.2784360315394776,0.7459787707299085,0.20903136657006607,25.718783089346395,0.1523311258637971,-1.3164106010027297
3.4236787719878383,10.53652900656543,0.7888846208517524,0.5488673190855283,0.725034386776665,24.730137971845643,2.9954944847508855,1.297711799754577,1.227674264048968,0.7866856900375144,0.48779348024920777,17.85766302628015,0.21477160240887994,-30.052399351881533
3.4049183316515834,10.002403082916533,0.7946472083449141,0.6467268073356729,0.7718542050049729,18.622746894311724,3.2744220628909444,1.2108702485469256,1.2938340081363442,0.7014525684976316,0.418492499597852,20.68489538794783,0.20456020381485981,-26.036077673550267
3.4023532482454955,10.585195405635835,0.808319462491246,0.6216396648552781,0.7514158869192827,27.807341912580043,3.1519862186537937,1.168693606051363,1.3722604152824964,0.7204353888646476,0.34309406099074097,14.233027117803184,0.2084415683485026,-20.46254214673486
3.4299197249523674,10.470570815115167,0.9203446553841582,0.6853982790037672,0.7689259861852655,21.169802107955768,2.8446514915001777,1.303476280562245,1.1479147361281525,0.7110670867195141,0.18871944662338277,17.096969256920588,0.18719473730710495,-27.793556739777912
3.422046346073312,10.619525014749751,0.8159599877267529,0.6847993491133351,0.7118240187540524,28.061865581281882,3.039280003190768,1.1644046654265263,1.389228474441787,0.714131204530639,0.04255220185292206,21.527982053691506,0.15235604214132395,-113.68008035317435
3.4024791531912184,10.724084028611493,0.8034194532656298,0.5666049485870218,0.7138772595397233,24.036454270612694,2.6404800293997,1.1604143462193766,1.2107954368883946,0.7660392873990755,0.1962048832583075,21.68230895023242,0.18384537763956252,-64.35892589599999
3.414172566643897,10.114332151508327,0.9067284583301294,0.5988051250075331,0.7764033296387151,16.403567871626038,3.0247388673218905,1.2888211253709736,1.2859216155591549,0.7461823273625079,0.11979045826340572,18.99763082334904,0.15383673679238577,-82.75545664290588
3.4275284954862455,10.67697903088038,0.9941042754441998,0.5629425480159503,0.70612524371249,15.641734672469209,3.1892864550689053,1.3506573489393534,1.298931740111045,0.7701301259881543,0.11588022377044023,19.20581336003976,0.167273504960908,-106.7081477959417
3.413554382119916,10.438056586550324,0.8934871376041672,0.5897899882237772,0.7618725821609146,19.450356469330572,3.2634886422305076,1.168996237442236,1.1185138332832032,0.7573502432552959,0.4966172302127468,22.424293365114544,0.15002505976188943,-17.51365292273192
3.4063494339959823,10.138266922378172,0.7214802253757777,0.5724740049812751,0.7276649100695182,18.961650211092543,2.7697179706802233,1.1772111523322448,1.1853412231606055,0.756782093297423,0.47873165355639685,22.53416154655021,0.178874771266561,-20.254981057987806
3.4296575675019842,10.42184132276683,0.9638710765643976,0.6826468319185532,0.7156754245403066,17.616282638183723,3.1696552161800837,1.1238073980005354,1.3125562975097054,0.7944681555764828,0.11758811662960052,14.812222064590866,0.19879714576488533,-108.37921242316592
3.4315612022337465,10.056724043219251,0.9186751524606052,0.6048088618208172,0.7636845864612822,26.41179135642256,2.768492309378879,1.2570920767993945,1.1105461944182857,0.7891219653390787,0.39537192921141173,21.598201598059426,0.1851754914105938,-99.01453265448814
3.4208090710965524,10.320455292114335,0.7528816459249829,0.5490855675843436,0.7091002298370939,16.203943466770017,3.278310246020038,1.1642926220859418,1.1365322286775954,0.7208609897340552,0.16068243735387536,14.439708796991807,0.1939318934715867,-22.642713319063105
3.4344876525164145,10.446353183979976,0.711668248912898,0.6599297778936524,0.7504340934414587,19.114639821866223,2.7501137084452116,1.2749996628636213,1.1509814863803665,0.7130441781608585,0.2530045555790309,24.686325164988748,0.20366652007422603,-64.76422411877853
3.4253091795717188,10.136990112493368,0.8260516515789268,0.6608189320531132,0.7420866920267808,21.611749896749682,2.816938090659429,1.3627136579898418,1.2469771098021831,0.7353769379970234,0.42361921700612515,19.021167640036673,0.21669798769704451,-38.56883925941247
3.4185641598975436,10.133546954236445,0.6937091589319064,0.6771811231350278,0.777426707532341,19.860476563124703,2.9114270931919286,1.2671243853733158,1.2503446968467082,0.7398731846869935,0.49063598300559547,25.0689024619625,0.16405081925977694,-62.43356110274611
3.431720113132104,10.613311697223121,0.8541746619512666,0.6490378080843964,0.7523518644399322,27.063070289551177,3.2749639291771335,1.1876226539546826,1.1464160237039716,0.744349591698474,0.39062366953744204,21.366578350234974,0.1804512630266741,-62.26537849320794
3.4160510697068953,10.377311020621939,0.9373298646269626,0.5518387078950276,0.7357203754298228,27.646017475693085,3.0058802391648243,1.117386324988269,1.1151963311590136,0.7099913256374046,0.3963574419008628,20.681369137136794,0.1626285415880737,-116.2175477387302
3.405092270768784,10.457083388349867,0.7546860570734873,0.5421020326142987,0.7210146407510382,24.404241419346928,3.0162260082524295,1.2432781324361966,1.3114287596594247,0.7984478468015103,0.032181261405655,19.59955389013651,0.16720629446006866,-90.73796346843571
3.4005806379814842,10.75814115177277,0.7009066985654683,0.6645075145326529,0.7004636598172838,25.932514371012317,3.1303680003645242,1.142241689035122,1.116562960773865,0.7163049876616745,0.22603016791548933,16.12994624086237,0.15356576605218805,-72.78828059997144
3.439769612128094,10.437730171812348,0.766188120915678,0.5740783421948147,0.7673175065928812,27.854494341142885,3.1779926747768723,1.3924211390208725,1.3558727820753291,0.731122580775044,0.4172339913110907,16.96425025914199,0.20838239555977134,-120.29013269747625
3.400012746752188,10.674441700648162,0.7707075293469654,0.6654050434894021,0.7566922533947436,16.55259670191007,2.9786085377874043,1.3193264638011553,1.3074651151961891,0.7135064355188533,0.21634314898258844,25.634973090619653,0.15991053515290202,-11.10930061010761
3.431683354656182,10.300904174470237,0.9736870995233027,0.6228594538769512,0.7230808484605851,24.091914221006604,2.999988665517451,1.1626404661646599,1.2515371984263082,0.705758780688378,0.11193790627812579,19.382952888866996,0.17873074081726611,-49.376072899356714
3.4399520334775424,10.034533447079712,0.9414502277714387,0.5803333163605943,0.7198649239109792,20.05062077033998,3.027715655518582,1.1710822426995398,1.2672644315604962,0.7267768279813869,0.2685842623924406,21.144082023679317,0.17977146606949984,-63.88580660853164
3.4229460172502386,10.73928401102387,0.9896671489100526,0.656135450357265,0.7132448188841757,23.4036186427268,2.9885283578087045,1.1538893677571622,1.1447759285078956,0.7318704975988956,0.27882226929511267,16.48637453916185,0.21186844706789254,-67.88610649925592
3.437399823387061,10.889966853667946,0.9315324431435321,0.6485019693933627,0.70741000684179,28.37400241478892,2.9775149706401494,1.235989073474305,1.1179304807489703,0.7480612670820604,0.47796438265761304,22.084113597324006,0.20546264387588578,-17.771709807111264
3.4140699784942656,10.258725476574869,0.7736962364460359,0.623681419651598,0.7616438934791792,19.41011098664308,3.0591236338610432,1.2654470806879137,1.3565395178396022,0.7418826987405253,0.010487106512794142,18.532879187535016,0.163492396685716,-89.73713249305604
3.4259757328071774,10.881868640090367,0.813939344303606,0.5548697413154474,0.7656403511984673,28.11863816937535,3.0634702185505938,1.1629579185822398,1.2239097514234227,0.7511540816053502,0.17992810046257005,23.500144429015446,0.16269208299250892,-60.70638082346694
3.4303753322429738,10.744167607377127,0.7183660058195933,0.5962903764415167,0.7510028986832656,17.71657568938361,3.2301780329505765,1.3351473726672989,1.3543810955273605,0.7055375114465117,0.2008992290465853,14.003101802689024,0.163822433210451,-17.072759733167928
3.4289631221938044,10.400011853506564,0.6849374643842303,0.5529134886644408,0.7224623514915589,24.729397908334057,2.714935090974389,1.108870540117734,1.3127131787118174,0.7445290259561153,0.1622149426841688,17.754741841181275,0.16759290064080296,-14.565189965228015
3.417503763754921,10.793360886984518,0.8450497215950706,0.6646289607034122,0.7255254291720556,16.66373560048401,2.946387347960159,1.3262896141285847,1.286407325226629,0.7784478076690052,0.09306696373356496,24.439756795027467,0.204877237653253,-31.892290400039897
3.4177003012860263,10.287370618637784,0.6938652145342418,0.6707555244311996,0.7004132530119042,27.821539321556486,2.9520667804188685,1.3327165894770583,1.1158426038162594,0.7350193852510523,0.013271598684505883,14.783886555217627,0.18909082915841388,-5.608739249413915
3.4088424752662174,10.809830915438496,0.9700726423244442,0.6091938089451447,0.746736009081892,16.72035311603639,3.0010134291901123,1.1743102753744117,1.3854946868575047,0.7689593238386894,0.24366872495876854,14.431648466658975,0.15921322873212948,-57.14557954177488
3.404098486555733,10.727937723480458,0.783787432406073,0.6842123684370212,0.7058460768832476,22.856033334985472,2.9366397778871365,1.2954322829791127,1.3979358840289007,0.70963581084511,0.037435132591159936,23.251465553581028,0.15570912936024112,-25.587011508343707
3.4320803338655184,10.170893672655003,0.7399604024181281,0.586657111325922,0.7137033269386271,25.49182805658632,2.9253351487772914,1.290654551483971,1.3612142866273138,0.725948405903477,0.41251316247420294,15.639319291462492,0.17259116898987592,-59.46962382865142
3.403979336763486,10.48040526206872,1.0143254176818073,0.5555535014487477,0.7362710908556868,24.879236042366955,3.2248848861953103,1.314940208427136,1.3276996850356333,0.7085612323540662,0.3756800886955042,24.29416541741828,0.21833483937682485,-14.950461799629267
3.43681256109234,10.272598608450826,0.7642753446920564,0.5920098407587511,0.7584577383880807,16.118158466669822,2.6851064792777497,1.2474567081097858,1.3146171613777413,0.7699647215769622,0.03167625341325371,17.06480811558934,0.1533529067360197,-37.340328612828074
3.4116520438757845,10.681383830582169,0.9168409589929946,0.6964615013858537,0.7208038840912161,27.62918575641023,3.1963904103574805,1.1591439694411514,1.3417541408654767,0.7272573202716854,0.3908199253710923,16.327555762122977,0.15796045540080594,-35.893288309490345
3.4398223526109026,10.85796859174756,0.8739708960340172,0.6173181765527785,0.7027878173402893,19.242763953484005,3.234013653574194,1.1422050212579902,1.102580160708372,0.7905634245093792,0.12729273554489978,21.825742324966548,0.2137457572755299,-110.48297356791346
3.434408710425983,10.714569550453982,0.993604894813876,0.620051019255995,0.736486386748161,18.48696714327887,2.8342352851590364,1.1818188339118199,1.240792222758205,0.7895328072021168,0.035290151398640154,18.253148952885773,0.1876760522092879,-31.49172913110432
3.4056131253238577,10.484085791386914,0.8101794385767346,0.5483551390646394,0.7382730231788414,24.715453899764455,3.195840540979322,1.2612092928573895,1.1619868838472087,0.7842706360693953,0.32990375344866685,17.5466848845157,0.20397532365795434,-108.99379155929684
3.4193992840830356,10.158739035565409,0.8595304775793526,0.6477891065645842,0.7445195373786425,26.169418976049002,2.865933215894224,1.171812536570787,1.1848324877448466,0.7830754016355671,0.47622983152018256,24.725162982453313,0.2061506643982471,-33.71478077907284
3.4295958449541164,10.170616735901124,0.813866534275969,0.5943604581690267,0.7548760818276988,18.633242067600044,2.755470984552151,1.1955879180422135,1.1270856995591838,0.7156964186655672,0.37941976172020414,20.228777603310608,0.16976251641509335,-61.53914687639222
3.416095676652157,10.640105720400507,0.9680639179234656,0.5898775590995533,0.756733453014333,18.994202897748696,2.85298618587192,1.3570268242616665,1.3542806355840118,0.7144789770692993,0.40607748994661536,22.145190378213407,0.18526437410354252,-109.46884500506344
3.4110240632241116,10.272628851346584,0.9509694466885206,0.618431133739436,0.7368118439844858,16.813071201691752,2.9054959003331007,1.285349578896911,1.1075104632882187,0.7315916136047829,0.39551677598508733,15.905130239126112,0.20113193793568374,-32.582797440759194
3.4377443186395364,10.512037153398406,0.9959587705392066,0.6614811011519153,0.7707919625200083,17.36543740254809,2.6613905639327373,1.172638588571606,1.1840490663772123,0.7428108389014939,0.4460698726214504,16.779352374090564,0.1887270951891264,-22.437992650192896
3.427967860067002,10.557843432037249,0.8355975516524194,0.5547906104589398,0.7598370859860141,20.45728262064023,2.7616467557961,1.307301698840464,1.2154556477619274,0.7719186531442812,0.036845294900258535,24.622131245114616,0.154110902346337,-109.0159339059249
3.434442263419902,10.119596336862712,0.6701392581803991,0.6189814265202476,0.7620506582348233,25.3137344584014,2.7179521914634575,1.2987046087567231,1.1864885927707212,0.7817723498239778,0.2694417453999039,20.374793269917156,0.20605600237669622,-116.9131238855127
3.4222807405442026,10.684858747427409,0.7313460301357242,0.5843762575319622,0.7284722211425174,17.91460982308974,3.2003357774988483,1.2693220236303357,1.3778642543866684,0.7454216291278309,0.1553405048751867,20.19086284172438,0.20049713793965354,-90.77572201371538
3.43979094877045,10.77438107118357,0.6686802438316699,0.6542285271229317,0.764063287717426,25.393868580283474,3.2371985676057866,1.3931778836961797,1.1048228241999127,0.7586174244884338,0.28805579411968124,16.38798425137119,0.21258094193497196,-92.75065533112765
3.4276299281467275,10.774693033179316,0.7138992471079539,0.5870815907660435,0.7252965395667402,23.447269813726876,3.224930770190145,1.182707599698001,1.288806540772735,0.7614282533070775,0.11823611339439945,14.747847460676356,0.20541854326859713,-52.97642817703601
3.4374287237307253,10.811537411474033,0.9145414847602938,0.542916905835507,0.7033949515835856,22.778409484658965,2.9213778690056476,1.2174720504138943,1.3862638812945614,0.7963006125249077,0.4461213477931967,20.22102410048287,0.21252297091170033,-91.24159058284772
3.410359208131025,10.095551190160668,0.698226326337425,0.6225378654384912,0.7143017501817353,28.119733993940514,2.7723974981315425,1.2631107832071464,1.380162860871522,0.7164682180406522,0.49539964546080834,23.188006759821782,0.19773217821922143,-117.52742920036609
3.4394695504162827,10.416427901079787,0.6793892344079827,0.5825959287086026,0.747140083896235,17.390565263385554,3.1475607664782874,1.1279290741862011,1.2103681834199547,0.7119281029168272,0.20047763851787825,18.116519292288313,0.20863243199215684,-95.30247305852939
3.4107658402721026,10.578399515644055,0.6579813176831646,0.665833674899929,0.7175580561947374,19.451768073542322,3.0520515824402756,1.190505087730494,1.3899797715522428,0.7125805534327685,0.09093318621172215,24.5346486695203,0.18280727573028033,-121.75465285195193
3.424421090254071,10.784037387053967,0.923732780909827,0.5622050432321904,0.7691909336367677,17.031434019857123,2.661656153148917,1.364303822152429,1.1355864640849456,0.7274496537801578,0.1575386612228322,23.459619432182908,0.1820031223621799,-86.13380645895974
3.4170640107152432,10.527352671451272,0.6634034160130584,0.684764411893522,0.7295069193954719,25.470541743781748,3.1193215623802537,1.1898393442838104,1.297717315517916,0.7865237608253745,0.2732364125467644,21.73423446031609,0.1930935290772746,-9.60096944489851
3.4043864328305444,10.416162059344577,1.00801926390197,0.5863583251602797,0.7731415011391329,23.493537783622713,2.6401358119022325,1.2877171167036612,1.3328610852683032,0.7523329087135231,0.34180553503077693,16.2751792797927,0.21924164082853204,-75.0296923834058
3.435455385258893,10.58779391679352,0.7603086659219792,0.6436006620027171,0.7372431637212626,16.123559493597206,3.180336606716515,1.3555984072805487,1.3582898745404142,0.7179079819623478,0.14629486670610997,16.927801087957178,0.16545032842094096,-46.35496669453384
3.413029744763335,10.761403610724868,0.6801083174223744,0.6144833782561105,0.7541036597509149,16.39475484969826,3.1348314479922257,1.1585946653341415,1.2058439998256356,0.7716524096488067,0.15438067199189878,18.183949924248353,0.1874206663945481,-12.664457229660272
3.4364445045949616,10.198441416559557,0.8568949737362325,0.6742235700234569,0.706795500844701,21.421034598391675,2.7142661398547356,1.3054710830873018,1.2230187730585627,0.739062669209971,0.14033725969947256,25.900816461406905,0.15263781873531504,-22.887145705795973
3.411480154857187,10.232583758425903,0.7204356040638342,0.6425534963065269,0.7263323014209254,18.952575002698616,3.21395970370326,1.3013896343740048,1.3076443812292708,0.7362987057190983,0.11310283815424084,21.044357328890626,0.19516330049685862,-1.768137476733017
3.4168029410569156,10.769251530814987,0.8992735764003652,0.5552494671622079,0.7072907959347176,27.377874163171725,3.0907525891422787,1.233464559102279,1.2702583478934613,0.7147638020998627,0.28666835251405814,22.55352562307263,0.1880991223280431,-87.9392948623364
3.4362899105996063,10.234497376171822,0.6975070577818877,0.5473935741189673,0.707286400702588,17.22685477934621,2.881737809833958,1.1498905079400006,1.244214354422558,0.7513754397524735,0.18127807710882773,24.225154486629137,0.19414286481401546,-94.58958742833588
3.424851794856273,10.02113805314949,0.9060030493916965,0.5561252471374258,0.7370519688586635,19.539901050470068,3.14769164706072,1.297553370308879,1.3006223932620862,0.7008531659354926,0.3486789435229801,21.161962305017735,0.17146446593313142,-3.4983742901281545
3.431496771526158,10.73649725597643,0.754884490625922,0.6741941024742285,0.7331068057975376,24.953422483222376,3.1810906366443734,1.2232693657666183,1.2657187677364812,0.7285587244371454,0.44899650477156805,20.312994297613898,0.17075252768362764,-49.09303647915739
3.4108643319952368,10.658981581570304,0.700520825968648,0.6662216166882272,0.766954911862021,15.874345982921508,3.111481992577685,1.287817892601614,1.1547501260015782,0.7163559207942085,0.05845179370125924,20.676320385691337,0.16906569723202114,-52.25132848039435
3.438464369566167,10.450211534648314,0.6528639055236864,0.651844292299498,0.7472789945606558,23.924735115671687,2.6638977310420717,1.3718352776355018,1.3644470904472126,0.7247626649743074,0.33788344079395843,24.265591762461128,0.16626375202312593,-42.0379312107585
3.4375893642000586,10.809502788476804,0.952429771727237,0.5884326817269477,0.7067414603030242,26.38653723510538,2.91415309053403,1.3069106004154014,1.372563146769631,0.7586480954787869,0.2461269476338185,24.27211850212599,0.21432210190538734,-48.14489203924077
3.420406134715304,10.092483238086963,1.0078496127974423,0.594333237877785,0.7290043330772606,19.402022288604076,3.073310546845089,1.1066859071501016,1.1318299622313575,0.7274637034354202,0.49023871321552176,14.094466378254323,0.2145818507477411,-42.080057461744005
3.414258640810367,10.368099849005823,0.7327841319211625,0.674995122259255,0.7714942246193963,17.62123853278009,2.808220585733806,1.3446393581061717,1.389318926987146,0.7336381517785759,0.1411947374418076,16.89914691027539,0.19446785571393294,-121.75984168241723
3.4253792264865566,10.435520889144355,0.807123545236531,0.5662952542452702,0.735978902923949,21.151686795771667,2.97176348048268,1.3032125164151334,1.1896635892275702,0.7044336524113344,0.19058408298541585,15.997350841645213,0.19698045538553585,-31.918468321008888
3.4137209711520735,10.586364078288575,0.9057587977921024,0.6539860010483554,0.7652137095731592,15.554067149633712,2.64896696068365,1.1717594370420255,1.2592078233826824,0.7399562991041096,0.2173342579587489,22.450588525943857,0.18677394989518514,-79.72764608282338
3.400430595140805,10.801804629184762,0.911849745928452,0.6257807577245843,0.7489760899868332,25.51145662002073,3.1298377834483553,1.1377131076231657,1.1150628104770552,0.707971228403377,0.012093366368418202,17.19357316966894,0.18370909085381726,-46.31635200182801
3.435428375015427,10.641565942908173,0.8180591602015549,0.6433184116799682,0.7666047191243613,18.422148055831556,3.209290928531022,1.103726824583359,1.1430703326262626,0.7241687659663951,0.19033763415862112,20.949219018988096,0.18230851478866378,-45.19127759448003
3.4231510110385908,10.209820848030326,0.7566123462410284,0.5839907841996488,0.7343425852713183,18.739233419753084,3.013931795979155,1.3208752555504613,1.381163184747201,0.7976259546121004,0.09905058393250313,25.342772302820364,0.18324483461024293,-113.83845812104201
3.438348019554914,10.309301606327379,0.9504187555614982,0.6845567831967674,0.7244450519276231,24.2105947913909,3.213182080868073,1.2437522174738453,1.1305651718037328,0.7424192485379683,0.16595350955959526,18.624645512546795,0.21577061158272737,-82.24225971511717
3.4066672773427316,10.397082976799755,0.8017434221576819,0.6965826062154445,0.7497430417996641,24.21465740601023,2.8786070340340517,1.2907517320192028,1.2900529671787428,0.7999082792831123,0.026860548470033347,25.434043838487455,0.21785778528768313,-12.878775670008807
3.425415858253497,10.358634472550722,0.8837811846805395,0.552315373388356,0.7428216245082129,21.371300563768386,2.9901412889978416,1.1475005236633549,1.286895846438906,0.710483134828798,0.3574885291484827,24.580667599619154,0.18603851473460636,-44.94405071976141
3.438517895415481,10.844225136699976,0.996691040298711,0.6004684848390062,0.7244999453752043,27.00140099631675,3.088245766383014,1.3737408462502803,1.3361833502357179,0.7435475992989977,0.1543432963871979,16.938295311056265,0.161388734419203,-16.678195979560712
3.4108579350353816,10.705817412205105,0.7925320330603867,0.6384504945133023,0.7435583732210447,22.067852036268732,2.946136541320406,1.2246770814325538,1.145945981048906,0.7864877911715246,0.07810828468696487,14.662310972124423,0.15293515239371233,-78.09935371737225
3.4037400970887948,10.758619450148393,0.88390372911817,0.6225831168922621,0.765636050902541,21.606912154079605,2.966805575681881,1.1226585829486682,1.1481674898590637,0.7860759082587073,0.3118785327661532,22.942913340566157,0.2117172065745353,-61.553371048181994
3.420571913271462,10.191498507868404,0.6572446913716126,0.5496642707174572,0.7086687646262145,21.764946452631573,3.168093930390444,1.3302340578424634,1.2307622397216664,0.7022421990079685,0.21750495515882112,15.964805695515205,0.17006408175964202,-100.7992102963747
3.4176875810414864,10.73627457708822,0.8799742826928445,0.6563672645351685,0.7228502083938807,24.642332546851673,3.1424274690523264,1.2765635324811688,1.1909321323947468,0.7280380572787759,0.07352350600185313,16.02476646350942,0.17160000311394183,-97.64672641523995
3.4303875503422945,10.0482078998488,0.769475718918454,0.6913703246132773,0.73104227514382,28.08494501129502,2.961751265832662,1.3603715335993247,1.228240384677627,0.7625626369593309,0.37436150300081966,21.431937199373273,0.17420444086449455,-91.1196715950089
3.4025840600942843,10.717349798786724,0.6784230449213354,0.5739422123708894,0.7292641278210108,21.381683655827445,3.1548233666923675,1.2719212981474421,1.3828078496948109,0.7831895729200127,0.46945858889793873,14.963011876054205,0.18561047860822916,-11.75244190478476
3.427520019375855,10.156769880650954,0.8609014336615262,0.5982255298248,0.7503213960525745,27.59620456212074,2.7848961522995967,1.3692516188647734,1.2395181595137714,0.7586500309405911,0.35689880276193725,22.5719457175434,0.15095172238016075,-96.75308183521794
3.4017198194100637,10.41060353275862,0.7449078310533134,0.6217700395599651,0.7644550737335871,15.633120971871717,3.061588457160598,1.290322762467942,1.1649701663269632,0.7733453566124295,0.1624800412278085,18.79423325219105,0.18859958068587096,-93.7931742844967
3.40931547210326,10.778741950085918,0.807836159397878,0.6924076418576081,0.7738367083103334,21.09136872521313,2.681630921980694,1.151438261233175,1.38743511508161,0.7443939494420412,0.013988159082589791,14.516331779180714,0.18529351551460232,-30.42007505824816
3.4340613101320736,10.021756308549948,0.9208500270027289,0.6824770204742714,0.7068577514381337,27.920333350362583,2.7214993967118564,1.3856965657009537,1.3267232985657058,0.7739156798353367,0.46141724026441816,22.185926939980316,0.15427600654640256,-109.43716545781936
3.431685447695309,10.143121652223332,0.6552794082805544,0.6182872102015794,0.7737251507284068,27.915894655606714,2.8053442549394636,1.3495940331315925,1.29243695422509,0.7632056519477112,0.43167698679824157,21.511055998708912,0.2082893026452225,-64.60236190784492
3.432160224403735,10.09294059154927,0.7341176815194898,0.6653349964852561,0.776056352857512,20.89142456590382,3.211574288601539,1.1544647624794708,1.3977609723366387,0.7792392474765305,0.3252651695825905,24.472832393713166,0.21585807084755687,-99.12292790197563
3.4053219980813827,10.31384604920132,0.97301932615408,0.6456398795515401,0.7037844086967115,19.948799141503407,2.8467259509541805,1.2223555250536193,1.3137932642613923,0.7306041150583579,0.34642641677169633,20.888114836180513,0.1576062698748074,-94.45934732249242
3.4251053755640304,10.408987354484346,0.6586451548933345,0.5896969997890585,0.7231215314975166,22.013296663661322,2.6652394570748075,1.2065109842181703,1.3942504916866172,0.715638433669496,0.4442702221935128,14.218057426563796,0.17466529429057576,-117.80658989214533
3.403838542988677,10.073410093096905,0.8769826916949544,0.5423912966733735,0.7700102274864281,23.785943420760788,2.861418868713871,1.1591082321978132,1.357199364619267,0.7894813345817955,0.21796411425382978,21.689486037514854,0.17990001174787842,-81.7249559282103
3.4242558176337403,10.018794573836832,0.9269655265265455,0.642515833168102,0.7451466363310951,27.029182498096688,2.9240370668225526,1.3189249616092673,1.1093238334078317,0.7207514933789971,0.1625437896181044,20.426060435901974,0.17285428328781913,-77.72934377667858
3.404155584656109,10.87663783629606,1.0240914537564343,0.6072138392322426,0.7518546219382423,23.986986437015425,2.873014137403496,1.1464347761503344,1.1582108874414156,0.7250068542910869,0.1520217082205515,17.20893972900125,0.17023063459548,-41.486015920929674
3.4307728036956187,10.141678918144036,0.8103967591370654,0.6988204107505246,0.7494268934814691,27.20595185160223,2.742865931820622,1.3184007140805514,1.2199666434395215,0.7217268940577163,0.08461895039997873,22.214206130874004,0.15920731775004487,-0.6283546782519096
3.436141932457113,10.364490372741573,0.671964027374378,0.6809628368673882,0.7569014461884199,19.333731866034924,2.7621486550746526,1.3082930313131815,1.3390769413665171,0.7249004076379097,0.013666587857930842,19.224201589542645,0.20841000901459522,-33.01867067059358
3.4207491191983985,10.640191800206157,0.7572028793779477,0.5529560375861996,0.7001114652392665,27.110197891493755,2.8791602645896863,1.379677352372043,1.2599170423327521,0.7392267349139763,0.23376119016632604,21.72706585746014,0.1862107441023393,-49.59951610923795
3.4114319657001153,10.68609582980891,0.8347420515556614,0.5745809754434883,0.7411206450191257,23.39864400911302,3.1575409907934295,1.129144257197554,1.2934816707636412,0.775038722767059,0.04082072397027673,14.116906170206862,0.20790948331443615,-57.80444769642229
3.404468292339542,10.270701109823635,0.8771386934978503,0.6645470773547938,0.7100669588091368,23.696148167084353,3.2716589770440336,1.1074756215868122,1.1675202003896472,0.7010334392481966,0.10581961430573777,25.80430665625287,0.15801646600970287,-35.09664555491193
3.430683777427454,10.370993168547207,1.003596482507301,0.5591495061448946,0.7550199545092645,24.658160520416047,2.71101822838069,1.1622140937720908,1.1828190690187994,0.7296513733513043,0.32746332514825954,14.418490891526119,0.1808901810260533,-38.073308579433274
3.43561834398659,10.50115541787935,0.8715895424778402,0.6422862351379106,0.7744508103657893,20.283161932453897,3.124062042866502,1.2389357484932713,1.3777359568455525,0.7592851654637641,0.06961725710221069,15.636818619517145,0.1920263056704572,-14.509059632776442
3.410788878986179,10.4434150042333,0.6905938702530927,0.6531437088428492,0.7536919999755866,23.935172887611973,2.651307843304463,1.2140547812021736,1.1944125721586882,0.7723511163088652,0.13845086068137605,17.93078625868621,0.19224873520414212,-73.35827876707421
3.4388882382338646,10.075536110085906,1.0102257847365017,0.5693699142060675,0.7074079467056467,22.94550019919557,3.160281975069814,1.154949215809875,1.150231596735745,0.7255708925734411,0.2747540751064797,22.810966320311174,0.21153751633751747,-75.17242322325598
3.4314259372224236,10.400491493093144,0.912372080553853,0.6611265173184514,0.7334665295178013,18.373450130328905,3.148486884901855,1.319953681256082,1.1333095109852809,0.7865866987189436,0.1939130016563931,19.365676445624082,0.19884573756054766,-55.41664970405165
3.4109390040909298,10.068094216519846,0.843469165007653,0.6980667283697072,0.7063284174296478,24.783875839478593,2.6583972242356437,1.1517318776469785,1.100443451634091,0.7864758534006098,0.2097854130032932,14.781037205378595,0.17252414601847152,-115.70134304766587
3.415565996952611,10.704168466136549,0.9345678796297663,0.6173446629010343,0.7225605975733886,17.88318816109863,2.6793053722947207,1.2046302790664578,1.3645976859147815,0.7855396438157347,0.2517346065218868,19.342434401370053,0.15033093391311073,-117.9096272643832
3.4318096488175156,10.727024742738429,0.8265603620042923,0.673422145498316,0.7124743984320452,21.307210398376753,2.7019495606125425,1.2399007645038997,1.3194615954845417,0.7603098217058293,0.04376907797638931,20.874027346520975,0.15061622650956952,-78.00129401138588
3.4307135612392496,10.501546412127695,0.7574115982326991,0.5721761747590053,0.7695068765466269,16.682537522999258,2.9895420036627804,1.2468056572382733,1.3099936302332975,0.7440919847159709,0.41798561528538003,20.96704320027133,0.2123990699275847,-73.8499923815501
3.430662900688969,10.773651414987196,0.6935834288991231,0.5905282643317248,0.7190483546465471,21.172252074050306,2.778930389547006,1.211264616515914,1.1087306708992222,0.7019464234529178,0.29233498060235164,20.863794152323102,0.20065915994813316,-117.19819120482352
3.4207026305731687,10.081220264300711,0.8754170848151925,0.5688945420508901,0.7491812361839525,23.41177138917841,2.941295170896152,1.380982004184743,1.3861145230493843,0.7857529640629565,0.4017486936934688,17.00200911690922,0.15763176471655785,-21.147546711659388
3.426769883088577,10.472431928419557,0.7832412296027266,0.6793508890387822,0.72162288085535,23.901360843147977,2.7687230892559307,1.2795516359303287,1.173666467854192,0.7761572248269588,0.3632813766913796,25.518002485273268,0.20247288895008292,-82.27396812587715
3.405837805328008,10.264251853131292,0.8242485638921255,0.6097162994863106,0.7517601058239533,16.792440418141126,3.0096488865073034,1.347671189874232,1.2769974510288775,0.7583176366247955,0.15827446979088391,24.53528555152848,0.17897779998752272,-14.170861801956349
3.439807342544425,10.259077435316275,0.9099847494759529,0.5813739709696342,0.7685673677316843,27.86074541357027,2.746343918349723,1.3329974254886494,1.200400798035492,0.7530195800738515,0.4743052006948593,20.784080026549653,0.1898723675553311,-41.35991326244155
3.421911421303393,10.353947225274018,0.8369706546049882,0.6849158608815865,0.7634438230170311,23.9002163979708,2.9589492221376084,1.2536714844939323,1.327156469229001,0.7393533725741706,0.23954262788398747,17.297797588816763,0.2167118579475626,-68.16730353761979
3.4319707262264196,10.860649175453307,0.9163279824515673,0.5441443569364254,0.7251335335276756,18.223439420303837,2.6486346743066034,1.1612449430414544,1.3320057475007516,0.7140331751819508,0.47081647727441384,19.183986939942116,0.20346217046634868,-20.298095893530174
3.438257485727307,10.181707053888474,0.784888789042965,0.6205810809154164,0.7783202930768038,16.169069973825323,3.110894510042466,1.1408757861161383,1.1792365512342113,0.7327695183433014,0.06921767064655925,23.693501717175636,0.210872188191181,-41.019265709213684
3.4352846031584443,10.522665552846629,0.9366148212960249,0.6502244128262332,0.7361253778460728,19.594178488576304,3.0006557488427066,1.169018215015235,1.2057908033403677,0.7891479354834681,0.04957485266095185,19.033926134055783,0.17154477143396413,-115.15491273037692
3.4261896935591616,10.843326554440647,1.0020088759267252,0.6667618198420682,0.7607187253624136,27.77868897259491,2.6410876005848363,1.3273923528056344,1.1646787626429305,0.7052490068045382,0.1473158554797888,17.91653367551416,0.2038042639418891,-117.21607510228102
3.4208939570270767,10.255986171456845,0.7623350804593931,0.5779094960340834,0.7257291610870753,27.573438017319404,3.1334486602570593,1.3788649651868305,1.188588195329698,0.7476682325080142,0.21110949425598383,19.860816767694644,0.15200130840939477,-42.139950684583795
3.40423274509346,10.088693831779727,0.9077623388445185,0.6560844817257099,0.7040225744723779,18.116926851787927,2.9297613104141824,1.271377702281868,1.3097009877548274,0.7986067923905837,0.03791747519430706,16.57983831313351,0.21411676404214142,-96.97341475861637
3.4293860246340406,10.566357462847375,0.9012279152058784,0.6326896280858945,0.7104806654655911,27.553064308804487,3.2008186319203435,1.391738071382532,1.3420689017068974,0.7612883227042859,0.306082444722584,22.708780562845952,0.16793998638116797,-108.17766203840706
3.4323155486215646,10.172608734100898,0.6538486195361896,0.6757104551233813,0.740176720406402,21.777441751236825,3.1597351212852063,1.235368851150153,1.3761236279943716,0.7016166660488117,0.3653596512645167,14.20273811547722,0.2101381649125797,-22.81460609319332
3.4284947463497626,10.42498690960728,0.9482452025445656,0.5730772608977436,0.7198585964661824,17.768871525651978,2.765494074283085,1.2419560060579076,1.1353144688038892,0.7720786024237869,0.4973621566115275,22.598014879410606,0.2156491115894207,-77.17435318674728
3.4236120487511084,10.624967364274443,0.9717266028910472,0.562495699854929,0.737698271165659,17.6175692198169,3.0496799586380106,1.1348681306747632,1.2908177704442885,0.7827204825559179,0.28259609332051616,23.735524021635456,0.186382174473641,-78.4690595307836
3.4352445691416484,10.448074399142195,0.7776625243878056,0.6752470768234085,0.7294166287125662,16.18631696030234,2.7542998617002765,1.321331999478726,1.1433652974446165,0.7113862089843523,0.25383737766612996,24.830798215146313,0.17106737144383993,-56.75059637646818
3.4073771253114518,10.432791889098498,0.9628139798775779,0.6560042985043772,0.7521620826720571,27.53405012193678,2.8164790350160263,1.228733443441905,1.1541469994261004,0.7313364610852469,0.058707678146675775,15.676160749010924,0.18912089546718203,-52.85007448062041
3.4068794511297535,10.717410963835551,0.6587263894403245,0.6829644254808322,0.7702422191663865,24.443505640439618,3.1559947083693185,1.3558972877072606,1.304348662560914,0.7909763635523415,0.10416318932367302,24.616334422260465,0.21510506673951985,-53.42313560902613
3.42261759285816,10.79160830619781,0.742535120329294,0.5873739585484187,0.7047614911108934,17.987646656869238,2.894670572100627,1.3781997261658145,1.2278868151494118,0.7696841525678468,0.11578737590307672,18.991594164919757,0.19359134113009765,-37.307793357791226
3.4378576661801037,10.040677344048637,0.7211629806700011,0.6744688611410541,0.7013106518161224,26.933978813577834,3.054715814690973,1.195510909664505,1.1758985469559968,0.7529326149615903,0.4532635204326641,16.73759538623839,0.18362598280397843,-64.81180648627584
3.4158039334482355,10.167106669290241,1.0099331523270938,0.5423695921354345,0.7518972498754226,23.99387698247441,2.832494749156096,1.3848526819374591,1.3162194390607178,0.7508489438101321,0.28036568715847693,24.08505371400659,0.16942286397868012,-102.21168048213136
3.4352323897199764,10.343101011480343,0.652207067492715,0.6009956047101286,0.7371206000610993,23.906703061353213,2.651185342745493,1.3338804548283076,1.2446850794467355,0.7327424646142211,0.12451528099027845,16.321759299677236,0.20336276898438352,-35.149846698907325
3.4292913094993027,10.79216702339009,0.7152246259710977,0.6014567579166529,0.7376604435114762,16.892771794486528,2.854076922612953,1.1812730444507757,1.109975537894029,0.7431330879629336,0.2943046108153831,23.336850959091457,0.15741791338974692,-85.71481788820908
3.4006729612796405,10.717898552777292,0.8769668192180395,0.5599161432498705,0.7534381968248721,26.3035357354011,3.2579182010526657,1.18532580524096,1.3488415067034007,0.7707098030851751,0.024628386788225817,18.35127507979358,0.18943479617932676,-83.63826916505612
3.4063333771545703,10.582229383859461,0.8372575891249694,0.6588061144936287,0.7470336620541121,19.731816929979583,3.0729118260144914,1.1741467839544792,1.3418030114501003,0.7348433969288237,0.2639682399452701,23.46988357877143,0.18283258380276746,-18.077095522949634
3.425537666604344,10.856889071030675,0.9878247703076006,0.6152823243248627,0.7268689787811305,27.97144614377322,2.8588187687514064,1.1131218163723098,1.2055913071282065,0.7724635628788401,0.2497690635454432,19.589558337224098,0.17483271936144484,-17.100258246476074
3.4184514850476977,10.452245943583733,0.8312303773108245,0.5641932666457949,0.7549149881401648,15.975989581700796,2.8181288331213357,1.269960522103122,1.3495339430506776,0.7849831990368598,0.1817882058844648,16.212346579556897,0.20616165835549854,-19.664207597235688
3.4135706317789536,10.774452599902158,0.8363580209960997,0.6862527166235317,0.7380294915806528,27.983791840104526,2.756841465641832,1.1800389995873863,1.3989171711628094,0.7673457719835483,0.13711179670076448,14.17365748239001,0.1576822101051589,-35.87424332205413
3.408405353880157,10.458753040747741,0.8282201833342433,0.5566833724154843,0.7080134328551769,20.638940322838955,2.6454020999542727,1.3740497921630639,1.263886185321729,0.7075585318599855,0.2748780189196866,20.87740947956569,0.19533676273295883,-32.36845644080843
3.4104541059699547,10.826295489648015,0.9830974997213957,0.6809353553820939,0.7176963662196016,16.643969695824197,2.9053140338602095,1.264883260474613,1.181820904319094,0.7768927431164032,0.023891671003503832,17.02181399432821,0.1879800877672553,-117.26347627214358
3.4120968836148835,10.305544736776898,0.9848249496333705,0.6067892628486213,0.744174686526986,23.71289850559444,3.062270293429515,1.2429574902457796,1.2982177924409313,0.793274165872207,0.47100542631189146,22.13899079967708,0.21098468915476823,-35.51403820678128
3.423468081334429,10.47130503513482,0.7065806883903164,0.5873073266846474,0.7131770323245867,25.56269287483871,3.1106026612495636,1.3220051848212953,1.224862954361737,0.7473360278185878,0.04509747290143673,20.234906094441754,0.18708137651630455,-37.9340724201048
3.4249153330872106,10.041397141200115,0.9584998223644352,0.5785181985808476,0.7628892043087233,28.27198344558534,2.71481276735711,1.3163623193065597,1.2978544101339513,0.7324140584547629,0.2939258687359653,20.99710341427675,0.1837397718675072,-107.20446468592372
3.4211164177436393,10.368281885899888,0.8606076552342683,0.6615196385310941,0.7231680238018091,23.250287905086388,3.2057062786783366,1.3835287692501348,1.3354137635367633,0.7246529062307728,0.382837433352692,21.639868598301174,0.21686979407518459,-23.677375161633762
3.4130133859629166,10.229699716391655,0.8095381091690168,0.6001550892730052,0.7746312989244543,15.39365302769553,3.131036499152769,1.1661273941031898,1.2409152823388823,0.7705595573295803,0.447374075550657,18.02189068184864,0.15044206864734633,-6.57607453752729
3.4049378490821174,10.338178405358759,1.0032230921182315,0.6614056475900723,0.7357120964435404,24.74239592009689,3.249186640797863,1.2512122313158602,1.2417887174277147,0.7661030762925287,0.20310527738680023,24.90107648320567,0.175967348926573,-107.12142462999564
3.4129593137542096,10.800594818139503,0.722841050760071,0.5956088908390366,0.7022985477177267,19.70184368470396,3.1054719745617088,1.1280718853865332,1.1089014804202753,0.7447786722165289,0.06806242915569027,16.22357848500567,0.18150440629091885,-31.33609969449975
3.4266899730999922,10.672291007283958,0.9135191747067395,0.6352951550841928,0.7254359410913519,20.325299349622963,2.8367915961136583,1.3772972486400465,1.2105679287700575,0.729064157919639,0.47203330377643526,20.377549445663675,0.21952989331248143,-113.56922939067609
3.417881007538469,10.034869897216886,0.9514733999063094,0.6807155990832051,0.7288455866737911,25.757130231181968,3.160622621227991,1.1791110329090964,1.170455835234789,0.7508053933259938,0.11562363605903327,14.131401409933376,0.15710990988034593,-113.47445747097431
3.435558421685266,10.595199319213561,0.9621979545888715,0.6853353325355029,0.717587502693868,24.683171715665065,2.643761132839752,1.257284422122993,1.1759832078188788,0.7822572826261183,0.023955764671387488,19.081118192253392,0.16166471803812463,-53.00471018921273
3.4093856304965215,10.63310049620843,0.7424429973540759,0.6047972195579959,0.7683767419784138,24.629419771659954,2.9512433563494422,1.1812401839486304,1.3187782978567593,0.7465525154826035,0.4229120839199055,21.81742234220958,0.2048164630456678,-117.01978686427785
3.405786218438268,10.091093877306447,0.7725975147381136,0.5939889190960397,0.7350180972279752,21.745907806488272,2.7495658752628045,1.2548988627828128,1.1100228337820428,0.7191214494037067,0.16336126416547173,19.9177095214338,0.20620517406274178,-22.612247901330775
3.408403770778086,10.254129133196477,0.7354223184767454,0.5791817049208423,0.7351897416260029,20.997323406755488,2.764358490719475,1.2210927368106501,1.3221731869584463,0.7614772214589095,0.41479880245697653,20.053641398763293,0.214582470827142,-84.84582517446775
3.43809924052742,10.790001532113958,0.983242063227665,0.6472699642637328,0.7691307009360573,18.917059869893286,3.009976835633875,1.2424340835879832,1.111060853199395,0.7464544323142283,0.14565848287904723,23.92434384969814,0.18982145829771147,-52.584748065381135
3.431300539443429,10.479929164261279,0.968789886311679,0.5879259250224881,0.7613110065063566,19.978438783758726,2.932208170419154,1.1657351798304285,1.209720378787691,0.7041761465817978,0.2487862124035426,20.714483939346053,0.15906499360971274,-61.67076364572896
3.4106983657773373,10.326341729265627,0.7650416650753056,0.6669894259052356,0.7571926006027317,21.544005768042123,3.12766726837132,1.228316838675062,1.3129389898887094,0.747354745531219,0.3047779429720086,18.162839020892676,0.1956497771861982,-2.04092098478759
3.421437674506932,10.250794096792498,0.8086981255640899,0.5884791785612847,0.7201681501286815,22.452778133658615,3.1545111128651775,1.1601604878711764,1.3782979524627923,0.7954797708368718,0.20796127314840346,19.31530885181133,0.21106929045331208,-26.758332730701824
3.412435013220307,10.613407446646683,0.7934541430368699,0.696328805281525,0.7787630831767076,23.714017901900412,3.0487638853426415,1.3757593206007974,1.1575342268621103,0.7947222168133057,0.06514272333042376,16.79887826540355,0.21496757467030075,-38.84893588301654
3.418200219631657,10.492646810510873,0.6910441759374563,0.6019455460414784,0.7587858064773911,16.665539991787362,2.8951869236468752,1.3425697412599964,1.111153087194386,0.7923119709698497,0.2923727203544087,19.767995575657505,0.2050573668055785,-101.66688610251391
3.4021370800389987,10.203124315495371,0.7444388973549136,0.5860757540958592,0.7116977056200225,19.464846169157205,3.013109632066242,1.309274648164605,1.2055239074844233,0.7885723330700637,0.3360291043122388,22.279089380315458,0.1509683221743366,-100.01199532069576
3.403325203081825,10.820788224734857,0.9593765731853447,0.6099801035969366,0.733057964934962,20.99383573280399,3.051663225976979,1.398985409064692,1.22900548672294,0.7612603099536632,0.3493320875529739,20.67060627882578,0.15289561254380835,-2.4294664687722047
3.402376689969841,10.27046336951745,0.7790102219713166,0.5534125447673692,0.7538289430966488,16.79695378251721,2.819953107941891,1.3698026855034589,1.1314345362894305,0.7487368124114935,0.4311534840875252,14.921396514042945,0.18837643978719415,-66.2646064781853
3.4038600105888817,10.630227013256803,0.9035323903112313,0.566385503540877,0.7282707787884792,20.586960935248385,3.0940111095190703,1.1221829650028232,1.3422164633565932,0.7613519782487602,0.46275792036507396,25.275167753302718,0.18513399835763972,-118.08111212293471
3.407013860441717,10.871588771929902,0.6608318591342981,0.6222063067214912,0.7711535039507178,20.614023847299215,3.2455482718065545,1.2555423196487365,1.307109196455044,0.7472050655684798,0.2222277730400901,18.64005181736248,0.21136147823260287,-93.51717352778246
3.43448257536586,10.810397281187521,0.7077013557776053,0.6937013661553123,0.7581593987247257,24.97681145532323,2.667451252588965,1.382096198127552,1.1027006876870387,0.7315709634996092,0.4552923989938919,24.923615001667596,0.20513627391460593,-11.642919418356783
3.4366636281324654,10.142343149202974,1.0179681503488895,0.6043812825095243,0.733127135916023,26.003734993164485,2.870107837648268,1.1992701267582573,1.3097905793084275,0.7158034868336005,0.38800011640616117,24.65156169974348,0.19594164498787572,-41.27713383768496
3.4186148455515584,10.802298904373849,0.8411418131243412,0.6993089086792731,0.741667561355555,24.870072958304526,2.989646790563958,1.2071939748102016,1.3335790255219084,0.7604116935263773,0.159245337845995,21.962376946434166,0.15006644726092397,-89.42227996319292
3.433168513606315,10.496260458939242,0.6960620751610287,0.6179820559912943,0.7416073503412328,20.826381370271477,3.025928669745201,1.2053312953323523,1.359086394798547,0.7917888261273655,0.3777558845067949,15.998325312834044,0.17763850889948918,-24.82519019504487
3.4080604768213463,10.247540195159413,0.7153480677459653,0.5884512995597916,0.7524057075129166,22.608098159919038,3.217433980021498,1.3531265326757416,1.3351353564385933,0.7979907455644675,0.2250650536911848,15.631823863264087,0.20235682365242402,-98.34502942852224
3.4139478484061114,10.563740749235981,0.7147812050738516,0.6191569911450844,0.7400110024517705,28.065664901283892,3.217582218231385,1.2011126649860142,1.3798435950384396,0.7686373150636963,0.4330487977303368,16.44555573852725,0.16339884348078465,-104.24711254246915
3.415870069378147,10.284320641869574,0.9734215130270599,0.5661298236448391,0.7378375526435302,24.250171373204914,3.1745084967040524,1.2973426094709948,1.1650216114621483,0.7028759479962305,0.23772459853898784,20.76622908177538,0.2024291911705908,-90.39209618639813
3.4192863122155104,10.847863273660739,1.0263783892329248,0.5537196318507237,0.7672782616381708,22.035515467862638,2.8496556546201806,1.3526637932696521,1.2271364479854134,0.7801801105726371,0.46731667879260064,16.781419222456176,0.18449589180064085,-91.94968168604449
3.431504533653623,10.443690209609478,0.8606849389645952,0.6222775506151011,0.7053527374797874,27.61897762032406,3.145888513376656,1.2140706509744852,1.1559351201336703,0.7921509720931952,0.19831684814829084,23.716928451336464,0.16116958998945388,-6.814466839781886
3.4080510331546834,10.83602790545518,1.0167708846212238,0.5461891272729203,0.7145827544541622,27.07144786869884,3.2503599645995926,1.2221780044898523,1.3611233140422163,0.7690592465862962,0.04384192803122757,22.07557923962437,0.2076311041693985,-120.4947713013311
3.4065119118812537,10.473255144617161,0.6541464945642181,0.5649867312171415,0.7041495677689725,25.065307038640597,3.0605691394444055,1.1309374078083236,1.218702631854241,0.7636295844303784,0.019683692490651418,18.195856758005473,0.1776831626140042,-77.49004217691133
3.4290323936009037,10.695626711801781,0.7652101298176532,0.6144632896060969,0.7682514963105701,17.248709062801936,2.7057315286164325,1.2801217487384007,1.15799180858367,0.7664089808866535,0.2882692940047498,14.840066679971295,0.21158167432612082,-92.75471249041959
3.414967663408478,10.83190174326522,0.6561764828791393,0.5697798162447237,0.7416831055664774,23.239647664532445,3.0844609393471654,1.2019229593564171,1.2792179510195212,0.7279207519939196,0.3030858357204002,17.670001709380525,0.16930313777841643,-82.31986951206555
3.430627831880994,10.76283201718864,0.9209167548020507,0.5610674366699799,0.734026804674563,16.3398693158331,2.7935750243347326,1.1491877998140552,1.307226645552254,0.7376701553605606,0.12412109067704061,20.8089883097091,0.2004207288629135,-6.848569912345923
3.4238350811969327,10.26175693422981,0.9691474273167027,0.6411903768427852,0.7186215666939431,15.316325234836235,2.903477779257972,1.2604251640692392,1.1797640247363101,0.7739081276407433,0.4052052527066174,17.88313492956567,0.1742818421913063,-50.31897657522019
3.421903331779368,10.84713283002983,0.7741924330469532,0.6060191881034167,0.7610510594196054,20.162313439570013,2.9619073802131886,1.3137369544881032,1.2348243221803636,0.7936030113463719,0.24548217891410118,22.265616235064968,0.17046631367138493,-37.98344822817646
3.4212870101534913,10.540468764439277,0.7488526741256551,0.686202582100649,0.7150924243462555,24.34936419864096,3.171771581809761,1.1156688668445192,1.3440029776281874,0.7914173526959171,0.02526944366715672,25.093973926227548,0.1550609192197991,-47.93980211785882
3.4394658738198474,10.804993158210806,0.7738658750320436,0.6443016447324373,0.738617377425758,18.60093845320172,3.156078306504516,1.3366704588264318,1.2350695625798171,0.7223313126175496,0.36840366021656495,17.627129146700074,0.20492065695795147,-38.33502009282216
3.434843970785986,10.567440113560231,0.9278424423370815,0.6967878013126617,0.7621385215420146,27.76422495457389,2.989845746976635,1.3771385331240356,1.1857892757636637,0.7159744643042995,0.03745340516657269,15.408786069957227,0.1724513442697413,-116.93036905254083
3.418006137558483,10.786637634582357,0.685612834395516,0.6959071924224615,0.7138967755997886,21.14759806845073,2.671239270667058,1.2569252725512015,1.3016532216613692,0.7290224668370139,0.28965048849354463,24.605093575902224,0.21621710261632043,-88.36790871540566
3.409953969858902,10.129521039333168,1.0005907849056295,0.6774815169893793,0.7214995130813592,19.83180517154295,3.2073903178635526,1.1922178868056335,1.2445129457819237,0.7849250379570527,0.07382713079182501,17.430002831636354,0.20839598754970234,-0.009455980955522136
3.4142332726432536,10.786219416506373,0.6572741792065596,0.5694274400865611,0.7733005394935852,26.40987439115989,3.100323408527853,1.3279514784353676,1.26768864307382,0.7539765807355496,0.12213796904820493,16.80682091486848,0.1728920247970305,-50.499626747232455
3.414285606491387,10.154483571782162,0.6646549687898063,0.6307461872626917,0.7284148208881005,25.90692233491204,2.8299350930291043,1.2175091147111834,1.162054751494892,0.7710086227547701,0.3865438259693347,17.72798339301188,0.21310908212999735,-118.04623029156883
3.4205890298260226,10.717081350563591,0.8140034095612338,0.6868402649337497,0.7239531983147837,28.302635709641834,2.9093035440262707,1.397727787862467,1.2039562413350977,0.7513156684446987,0.006935922345517751,17.31865330631619,0.201360758211557,-59.57086920623219
3.4013318051497214,10.127080251239526,0.9083624694474866,0.6460670156123395,0.7077511183550347,18.527129909926778,2.7718724987209886,1.221197959590261,1.186647976220687,0.7809525820338303,0.4783632364974666,21.173783020719483,0.18791250142765833,-64.3504654500436
3.4137164002100704,10.449675392894457,0.8130626754318109,0.6416952069285776,0.7339172744743527,16.506746714883658,2.7869391641267303,1.2841590694416112,1.1034049325812427,0.7051369877660004,0.14419504807698172,22.624734947957293,0.18488521733139862,-32.2692328177706
3.4243054515717044,10.143998485680793,0.7947846220023017,0.6757147841428914,0.7683552484024005,22.37035142674513,2.836573253790145,1.188643868789732,1.1743196939218203,0.7683440811055284,0.31714922812986973,18.617865397123154,0.20498493790005917,-21.541983715854315
3.4324795936889747,10.511062535473863,0.6614255380346373,0.6559311896374901,0.7795609083728384,17.97754162926932,3.138274198051378,1.343387512286059,1.3430823800836307,0.7466199696299505,0.025527249253143525,21.34030582144777,0.21282988082957963,-2.6094149006721494
3.408420593203066,10.26171802363377,1.0063038184655793,0.5626740541928583,0.7624813862268881,18.48948949866395,2.7351789207225425,1.2551181047087911,1.1436484521254235,0.730223086021572,0.10854458604601229,22.75511431788004,0.20321676310195727,-119.07923535054293
3.4015076695200213,10.722149396138132,0.8220911036840698,0.6793043789868145,0.7543867630834389,15.738286717695809,3.006667899985913,1.2746056412146431,1.3541758474792671,0.7348072482772722,0.33052802086925787,20.58965087911943,0.21840928508858581,-24.559780164170505
3.425420224048576,10.281832492446132,0.9112629373796335,0.6476468696276138,0.704672593201462,22.745664276662858,2.817221526960863,1.117124565095516,1.336499555687489,0.7653315486658944,0.0027723886780361973,15.007417239550634,0.2051213594887121,-2.7388165276048255
3.426174824578623,10.57445729426573,0.8378624912939595,0.6284101454416844,0.7358579718018383,25.927179526798636,2.7919292294885834,1.2210433617759198,1.3838067130568636,0.7162593884132322,0.3272883473258837,25.30191862565677,0.18893878210871082,-41.26281715555184
3.4001431342465875,10.51469280696353,0.7238411188432037,0.5430848693925978,0.74506161295366,28.076254736694175,3.0324126588090765,1.1380954489744017,1.1153620003968514,0.7430876007172263,0.3531760337231754,25.92173524220687,0.16995648671213948,-72.26579380702624
3.4162936938493407,10.285740733530794,0.6676172537562165,0.6135344155812024,0.7670403179645885,21.14298142942212,3.1270007455918143,1.104134861994604,1.3180487539979633,0.7754427762544187,0.33832697901770414,15.977230301012465,0.1936187270021863,-76.25344987773391
3.4265017037554752,10.142689595975048,0.9378979813630475,0.6440549523628094,0.7197445203578668,17.66308954718333,3.015098317699045,1.1428426073126723,1.18660258068646,0.7548339817193355,0.36673061278577673,20.413312179775495,0.1537598769166659,-52.32371465876257
3.4081918167087832,10.23910406556083,1.015883482682904,0.577866845247434,0.7647687588330602,15.423347432075115,3.1996522992035716,1.3329350673485139,1.1787250687835873,0.7518686940721808,0.20944808969022669,23.62703168484974,0.17734882898183177,-107.56525335907449
3.414969522927238,10.609712640373562,1.0040789681985625,0.6678053092610601,0.7147412775388187,22.678911985965005,2.9018702772167995,1.1692806936310514,1.3857042417990337,0.7240434022969706,0.15709793087947263,15.216898750860308,0.19079763458336657,-62.82320399569186
3.417662909662082,10.78094252704537,0.7953412731767974,0.5524550956606409,0.7398853480052484,24.998724945183568,2.863190209050528,1.3058024939766584,1.1254872077479177,0.7350707338664161,0.3727429800736012,19.26804185245103,0.2165767485545862,-86.00232793707724
3.419867741219728,10.792333231416539,0.7811194976276202,0.6834482784994356,0.773219327368443,27.638652183820312,3.0710971503199884,1.250970223995829,1.2644163204620342,0.7735624006988431,0.3169418802522379,21.08477497454028,0.18786470333592148,-49.8243545748244
3.4355018640965067,10.292716710074195,0.6554519854188345,0.5862813581308878,0.7008449369880703,26.55998866874737,3.0617956479741673,1.3418466460000698,1.1767899208983237,0.7234307107280237,0.37946036315352666,21.130674597180544,0.1792682395555838,-74.16051247183054
3.4054161236790836,10.208312883782392,0.7893115383217331,0.546746872536673,0.7426404658704587,19.00374184001103,3.062576334267221,1.26511624934877,1.1208265756490858,0.7158402552255131,0.31718102765346795,23.694077978244394,0.15472230607582793,-109.0252613325568
3.408952938802908,10.477834273494198,0.6661957833511063,0.5796367675690901,0.7518476215739608,21.64836488847642,3.1579856843368557,1.1166401267104837,1.110055681724462,0.7464670723837098,0.29594780011492255,20.750794901177386,0.1774482311037112,-115.45959538332365
3.404186927222054,10.02627177490794,0.7581863932392047,0.546210163588315,0.7320855163281059,23.069357734550994,3.0024790062074245,1.3498869489997225,1.361646523688233,0.7181709774404753,0.4857664099553403,20.227426201648836,0.18223391864947713,-72.56217224626306
3.426874033358699,10.179073848464698,0.8810015708388321,0.5578271019911719,0.7537685937285044,16.215126618375564,2.9859541715026827,1.2804823020539033,1.143485350855038,0.7629847753539711,0.4963706892613935,17.14972129422369,0.19108268055917646,-41.51559218750555
3.4195539782538757,10.347544553534059,0.6732641118481035,0.5596623964506074,0.7237120285831288,23.72464678840091,3.1832124984531065,1.3108116743894211,1.2525403970207223,0.7054658564255392,0.27208287081911703,22.11622835546443,0.15649276777202673,-26.48432863185529
3.407517813302314,10.074707102137546,0.7544681222388424,0.5813252724588629,0.7039554713427602,27.651458936388934,2.708929004654375,1.1773999119673764,1.1079199838477287,0.762371387223612,0.10597644785122859,21.526497546352523,0.21892823180716198,-23.030920384332106
3.4242969764323177,10.725910053012624,0.9772400905087095,0.5969186929209873,0.7362530835065215,19.79493834141418,2.8716277564116663,1.3900856655137217,1.2538766437891646,0.7342074539770109,0.09278311655620304,22.653702798148643,0.1884904926390897,-103.75659255051082
3.422081356222327,10.726531701641735,0.7956802484308231,0.6636331539258433,0.7003018758357754,16.19467353630876,3.20443874033961,1.208716576164362,1.3630304587124409,0.7222146143045044,0.02146908963746363,15.12039661539653,0.15996024958574753,-115.41274281070949
3.4236690430125294,10.258372409046062,0.8364534373448965,0.6898496075217484,0.7282162409485358,24.27792022801754,3.2036092760110786,1.2383208027089918,1.3920892176754087,0.7073215123672398,0.1300099269402067,25.60363915550242,0.2000939798779095,-86.03617360006447
3.429772581063597,10.793675479933484,1.005954806365172,0.6513484844708382,0.7098147372993777,16.228042875313218,2.7432259293917087,1.3016822823763707,1.2284995456076795,0.7088722922826761,0.45143767119535927,25.673077338831604,0.2123126099340681,-38.89195943868023
3.4253681055350462,10.894474623765767,0.8197397628409993,0.6217933042207229,0.757708188187876,17.046660326505787,3.25400085059432,1.2824326320719996,1.336936781686907,0.7045641191330249,0.30080529261689437,16.760305724084517,0.19714264643516308,-92.28731846756928
3.4147863392867253,10.221462127663125,0.9278907450703584,0.552677356371277,0.7390193261268623,22.37396637024702,2.836501600544551,1.2189876979519396,1.1438254635713156,0.7646764605715748,0.1770563007426876,18.65528768904501,0.16789368039150213,-66.03954801646418
3.4054637893455375,10.782497225008887,0.805154166861739,0.6033587346626925,0.7658293858626203,24.967179247390543,2.658914678935684,1.1244941910299064,1.10602841195037,0.7191522188232252,0.31994243184755666,16.092025745173256,0.1872334393381468,-42.278217914771304
3.4072205442421746,10.508336876316642,0.9022379460729828,0.5711685540995081,0.7322400747431843,18.33961579143503,2.701812899098553,1.1022487331419977,1.121764419002784,0.7560040367132113,0.43627242505445046,15.37010494906211,0.16268731759934033,-26.6792994865705
3.4196511106160647,10.18831491913031,0.9371907947527521,0.6717276446450013,0.7694157999777756,19.484987831672218,2.885006670456056,1.344702071683133,1.1068604415577712,0.7459945482946992,0.3779112307460778,25.096112266366355,0.15087300089061736,-37.06002372493353
3.4388722347598892,10.51481124284372,0.7537134064479406,0.6027600360737307,0.7770505123687342,21.023749631880218,3.171962907890225,1.3355349955346831,1.2233188187222437,0.7744360661677118,0.3891163036975929,14.265942210166614,0.19288241303928452,-111.98230695242268
3.439960083762613,10.608255163035928,0.7235852677558148,0.6805916421110736,0.7373196252352816,27.517462290210194,3.105342087264737,1.120036005407055,1.2383786305975828,0.7213148730280334,0.007507415978354545,23.7706348196947,0.15244716566754812,-64.58547092356406
3.4003436667363,10.317513080952246,0.6770558455857699,0.659756175226591,0.7067042401698679,28.210056887736215,2.957652113130754,1.197251775008686,1.3896155769625647,0.7892223293358822,0.047534474531121314,19.164720193835414,0.1584833267194125,-73.30395647929362
3.414783853958011,10.115079630934211,0.9957347125114896,0.6308516899656335,0.7783461882747525,18.370608282323893,2.792237191268802,1.3991540098377315,1.1974195620051649,0.7506632595275747,0.4681161262632216,24.123651484414378,0.21007154387703902,-116.58338464698765
3.4092708222791837,10.624491335517062,0.7119866561156984,0.5818007150781149,0.7254970028466018,25.911092420922692,2.6851744140515925,1.2534697609716319,1.3673680949080218,0.7799336862675392,0.1631561787621171,23.624870713516366,0.150978526097497,-83.82740390390155
3.439552589239375,10.191376045206503,0.9783121958867138,0.6606233095065173,0.7082788925907885,15.634253288098673,2.9670809361190296,1.1450888837414315,1.396959882352648,0.7092936097718672,0.09747266697834685,24.29689719423681,0.204276392596209,-70.6041257646047
3.4102026894104442,10.65162526170946,0.690637256552549,0.6349893720471357,0.7550422827425695,24.369816788128634,3.073858288266544,1.3180757158012375,1.1472924608771462,0.7822763027824469,0.1211689976162237,20.729330033411934,0.16108213504548677,-31.21187053096942
3.409615500962091,10.658559706876751,0.7269324822056795,0.5448225853906887,0.7298864804847285,19.136623300973596,3.1860373400315707,1.117740429877975,1.184639320140508,0.7108637931042764,0.33670418310530914,15.28237757312842,0.17459854246626244,-49.199157694457526
3.435602427510517,10.768298001836778,0.8028708891047239,0.6171712096236139,0.7738658022216454,23.779874966339666,2.9821419046977837,1.1378761690917834,1.119573985550315,0.745815071868318,0.4101905299283107,24.67151233787724,0.1717012133481808,-24.490175258849675
3.4378060948246616,10.197055680427315,0.9093852198585233,0.5606762545105934,0.7085816273381756,21.177952065273786,2.735395278435502,1.2941952860483363,1.3970974755691323,0.7581051706354138,0.06582270876765432,14.54202413070392,0.18753610600077075,-85.51636344186053
3.412349139446592,10.83039859867076,0.6891002052989178,0.5455182703768984,0.722064757746159,26.749091462653972,3.243882746328959,1.3240922162175401,1.3092526983762167,0.7332689378328237,0.341327263510039,25.602191245203834,0.15953581620369342,-85.37181099865307
3.431845437905454,10.489773043989674,0.9509492212709717,0.5534819766340082,0.7357612382661493,21.161268792585314,2.9039516846660014,1.141886190021497,1.2391401459403526,0.7101356239675686,0.44285181113432487,25.755751355628497,0.19638672737476356,-80.84121970588762
3.4133852035565244,10.736813136596579,0.6544684510153386,0.6217434115977741,0.7372094954436452,17.871456129324503,3.0807985945023515,1.3665813273436276,1.1060770760000367,0.7014455224501546,0.0496957890284929,24.636591877976116,0.15470700127730494,-120.7927290221283
3.4054495153419313,10.753114172195149,0.6963224291553799,0.6004891698848939,0.7375465764369573,17.01760333037817,3.05179689494765,1.2164617966879518,1.2105251168566393,0.7379366005975555,0.14772729000458348,18.857537016282414,0.1681641063550464,-24.991851084133287
3.409675167985758,10.668405072140777,0.7173340878356754,0.649063535416541,0.7210569150892094,27.890761765205195,2.9522800708357306,1.2632093689340633,1.2001723036779928,0.7673248283428664,0.4417804034367696,19.52870570655233,0.18106026377951068,-89.4733051906704
3.423239517753887,10.173534139958953,0.9775303401898741,0.5972725379056315,0.7335267235515671,26.08665311730625,2.6462147638298372,1.3828878706316,1.1674656164536852,0.7968884129312762,0.3888912422043516,16.508676111618097,0.1789970911390959,-6.193986331418756
3.406339222747035,10.26707180240425,0.8487392726368657,0.6497864082176255,0.7149638279069545,26.507793704240534,3.2205823869515458,1.3518570322373233,1.230519655997122,0.7481113386282776,0.3223507098457346,23.64061536511791,0.18263622479898134,-85.90756203385845
3.4062942002428707,10.657780996934372,1.0101058451880665,0.5411820284278771,0.7735493331860649,15.867426698570593,3.2012070667169716,1.149830028378671,1.2669988159879022,0.7353395891927329,0.32867261478413196,23.715171660578676,0.1597675357748967,-35.260409455274
3.419451108838814,10.751853880826149,0.8298146205972441,0.6973747187860784,0.7120707301550477,24.407182926442466,3.1474723737439065,1.2697245269793216,1.183679192076342,0.7937155500390422,0.3380039907128482,19.531520062108505,0.20252896225623973,-27.006257611963875
3.407231257154262,10.885804623477641,0.8188530492669797,0.5742740547827155,0.7575516319762704,25.547486919112174,2.9716786804341417,1.1027585246145837,1.1265747398421189,0.7540585974117276,0.01631338200242704,19.053532151029653,0.20900598099681572,-28.99779185195942
3.4377570091582497,10.717978884750059,0.6792068793251528,0.6911830279519283,0.7536137474723271,26.950672565540874,2.707819073390962,1.187119202117637,1.1348462445604497,0.7576303201298948,0.3189069349259772,15.411289184734278,0.19119851543680305,-77.62977672969447
3.404222717422751,10.761989413405786,0.8805501639002415,0.6914468105892279,0.7024896279862382,24.845997885843005,2.7140656763882505,1.3482705504398163,1.1490902296154575,0.7186980541919973,0.006230513812681509,21.194534016766436,0.17019241356962722,-28.111130207154133
3.410167163656728,10.817185563392632,0.8285660103454889,0.6783258984949969,0.706031816618027,16.409721601910576,3.020802602589135,1.1032967716017266,1.3237089158725568,0.7874720171229994,0.1835770175231883,20.946937590713805,0.15079576924123675,-92.51336310395492
3.415904636069863,10.576922392928587,0.9786258448720286,0.6962460807065189,0.7192508663559151,22.655423211165985,3.149109441545998,1.1887718052450515,1.3009900559316574,0.718603977727812,0.42322117871985276,14.25691737005628,0.1867463422058337,-34.1988100631164
3.420065993976882,10.832470015125171,0.982380737914597,0.658947986789353,0.7462998733426235,16.90149788878422,2.8252633295120417,1.2786831253783713,1.1520616320741683,0.7063691017400279,0.28076467240778663,25.53617891408228,0.19201142664734241,-56.11962733928283
3.4207714818393913,10.56820810483823,0.9918994211840086,0.6072953370028151,0.7441641673555123,27.89945683856989,2.738648463335258,1.3575132539803847,1.3668132518853242,0.7655977373983368,0.021597774059283786,19.783786097442565,0.1969295237916326,-65.85609164903236
3.417806564412506,10.073189655123075,0.6622812582648304,0.5812316059403437,0.779845677266118,27.24821207164689,2.9440842277114183,1.2520603392915364,1.1739740904978706,0.7777924191108391,0.16395208964761732,24.79556887373228,0.1601169281899678,-102.67657321018122
3.427518302623166,10.019382348269378,0.7751246373154539,0.6015888024578046,0.7087640379778902,26.972112215168735,2.862153514563259,1.363773649437054,1.2486447284946187,0.792660248904397,0.35490638073409064,25.14820891711716,0.1562282508379182,-12.983329995255033
3.4020132915618753,10.642881695766437,0.8739875996757439,0.6762423889225412,0.7653041044457668,24.466783191967185,3.035375192858714,1.3288097518988187,1.3120414784301628,0.7023212683059662,0.08910586057546552,24.887496099746297,0.18298999327155774,-77.66043095523852
3.4207895720549235,10.840900569270941,0.6972791527686419,0.5420911964537494,0.738695114087283,20.516481425375513,2.700917278564169,1.2925332043837552,1.2704080239840945,0.773317486587139,0.4446130110617196,18.07420646103772,0.15739908759248028,-50.28536919603815
3.4093788705342365,10.706973193744789,1.0101840725537232,0.6417303548708458,0.7786665243411327,26.774253054922575,3.0307695048166825,1.2422596841958484,1.1642832051977163,0.7309322202389342,0.18770296871006606,17.436957820084036,0.18307869966270543,-94.66526636643016
3.432395735433253,10.185988337573535,0.8098697291009147,0.5653119317023099,0.7698619399773211,17.166875508567756,2.959429562816681,1.1332564100492581,1.2513499883104298,0.7005040026067855,0.27130238050336,20.801239916184812,0.19715425539425366,-104.92210986201441
3.4010139911186363,10.47797131417881,0.9604573343082526,0.5408301088382493,0.7025499824027591,20.931547043941105,3.2518315122109485,1.3906145184176721,1.1769299446892865,0.7230985300049565,0.13645703233493567,25.04920580910273,0.19354903100285747,-23.332522304317436
3.4045678369062444,10.051863917014957,0.9023254635455082,0.5655251141661708,0.7633413974632046,24.069135267034362,2.8125536820011696,1.3150630730619992,1.3191595062130348,0.7018441948544261,0.21014142721770593,20.15382716328904,0.15840812262982182,-13.541828087678837
3.409110489121368,10.21169224101084,0.9938038303617316,0.6942226775172988,0.7343282058433821,23.156439163344192,2.9979598823462195,1.2902017540573938,1.3365715584190547,0.7129946864502562,0.22983425477472647,19.491532221883947,0.15443645532701494,-36.736177131568496
3.415718640687547,10.716676400876656,0.7195683711761993,0.5547013871183674,0.7786078486709518,18.414127057650315,2.791173961075244,1.267925936228656,1.1361477947708996,0.7812556051114059,0.26278751035803116,25.03234876954859,0.1744616575484089,-41.86620256190365
3.4323595532957873,10.62518496143977,0.8206924388253017,0.6952844950679085,0.7264185796168616,19.06626516482099,3.0953464200489584,1.277530816145994,1.1949923828437277,0.7671335088606989,0.052594658122090784,22.808450718638625,0.16800204043935532,-58.931820474439206
3.4153622437113196,10.03507013212916,0.7365318525157173,0.5703631752342131,0.7101813909613687,26.174656585369178,2.9500706820305123,1.257406586032095,1.3127720154481648,0.706948640523819,0.14280044764085328,24.06626289431795,0.1746854202107973,-118.39606622522408
3.4257418365473806,10.285881310594164,0.888724627921876,0.6602709103714789,0.7283561345451517,24.16831470882877,2.799933298832705,1.1078759186543212,1.2690510368764514,0.7184963203505212,0.16053193605772198,17.894836092662768,0.1722104140016072,-31.14244296979237
3.4212225356950565,10.340936331884134,0.760473232404681,0.5680438605706585,0.747460624892634,20.913102456925852,2.9755598016643674,1.2907341730734518,1.210140327032488,0.7331190813433276,0.38789390413069796,17.30292949797498,0.21699043694765147,-38.742489786581345
3.4381144183772103,10.75712241416797,0.6890402336851527,0.6951714401761955,0.7616824855628441,19.893028618351188,2.852396835231426,1.2159785495986652,1.267630975248786,0.7798394217611235,0.13948086270799512,17.897146892486074,0.21475298229106357,-109.32672438082668
3.4016162671728063,10.059525168732588,0.9087471024351631,0.6947378552414807,0.7791275299834864,20.792200368700833,3.2453638397186464,1.1447993030799286,1.298293573511689,0.7353083737771478,0.3427020345067987,16.17595747416533,0.1889257029361796,-21.080549450593793
3.401526070922091,10.654927937638082,0.903144193863981,0.6930991795881802,0.7499558677576142,22.999306103399892,2.737785255054726,1.2467163791349853,1.2040075437436097,0.7003698477547187,0.015285447853785713,14.410767405498188,0.1540949262861176,-62.34523984235519
3.408318114850201,10.033216446603673,0.9135886348271778,0.6721447492713005,0.7133613351184139,16.699995365082362,2.8409806518430836,1.2509009985742328,1.2227999447334754,0.7048259337881905,0.09436043146851486,15.447354954146896,0.1833997075573875,-27.482359202307705
3.4055470292432597,10.036020969411668,0.839662139636214,0.6371485511019013,0.7604147070847175,23.305077142716005,2.6405815453006833,1.1352022127701153,1.280989187541938,0.7001277310142556,0.1480647736340047,24.516856082508564,0.1756617169177379,-89.62035644137418
3.4213015105141564,10.806523413190007,0.7233017845887693,0.6016442034654942,0.7379958107982358,21.473538711921833,3.11321734872099,1.2115670001437266,1.2607153772627286,0.7448496435053565,0.38826796955577125,20.629466735594903,0.16265897535829632,-92.90368721978378
3.415160516486751,10.62579477714976,0.9444193125026793,0.6962380295508193,0.7007979369620094,24.898702460667323,3.260739010267102,1.2798123704787565,1.2513880498407302,0.7773544852990989,0.46189742296000885,14.199854269608089,0.17749421094700182,-96.45896759613996
3.4039579121039742,10.45225580327074,0.9511877756281562,0.5552099157063238,0.7047481471599079,22.22291415074346,2.867849105112155,1.182727495349643,1.2281156786265965,0.727033628790883,0.3744960538476699,15.892423938915826,0.1964138479894493,-12.216978258644374
3.4098957911295105,10.082678676194877,1.0100510922464014,0.6147416401095144,0.7796076854395505,24.408148064540626,3.1184103937682,1.3753185425968044,1.3596460790040032,0.730599391481891,0.4513132916818844,14.031373271552502,0.1911164654620313,-121.08869388106217
3.4094974339021,10.06723456006436,0.8952621566282586,0.5951858653950701,0.7791452013475849,16.609959353167625,3.222841596172419,1.1668490938414062,1.2368835200062522,0.7221291700368211,0.3786762380565907,19.123371248971154,0.1696367514559908,-73.89210603979193
3.4167164926324953,10.35157664285467,0.6723132564398434,0.6418947153938787,0.7514296482109514,24.958846498447123,2.9078545273100302,1.139129251279685,1.2578312515548382,0.7056340436588939,0.14749650124058455,25.744129630649894,0.20958115589139473,-8.22305775370397
3.41288466544704,10.288666076892468,0.9131749958646573,0.6699838368122493,0.7252756925166329,22.765127451630292,3.231874212477236,1.334360879988645,1.2424085267476368,0.7254331821727288,0.3552943895025266,16.849218693243717,0.17134635185672398,-75.3817388145795
3.4194172224290247,10.208496245579694,0.6713954517226343,0.651161987381927,0.753641887978219,25.110325725208313,3.056198106786473,1.1487673228355815,1.3368113027831283,0.7420152388153959,0.20604118976403885,16.41236479625947,0.1979305879397865,-47.51760784027947
3.4165011623616075,10.204847041791021,0.9532401170179348,0.5479510992227988,0.7111831555557699,27.5292539300723,3.1659537240723634,1.182073444488972,1.307080073924863,0.7430903740298798,0.44236369848177864,20.585282360246246,0.16587222591047146,-97.53901711098752
3.4239810956278673,10.461216086398002,0.8351244673587934,0.5926992445834072,0.7126210090202985,28.088814016625307,2.8921628416768166,1.3822716125394823,1.3756503268694893,0.7225071657088309,0.3995542363189094,15.259501165319811,0.19335873366923448,-99.67411482846873
3.415039821790938,10.416157697361376,0.8275374722119067,0.6237669135037744,0.7266746096439982,26.519392575705965,2.791126549191653,1.2759801126094448,1.251985586034872,0.7603644477084444,0.2849167604588357,20.455001792838907,0.15873872178343468,-75.53008222910879
3.4342169295215386,10.800786437138651,0.6861270780396547,0.6062580819675749,0.7150129767908697,25.73171774966337,3.158459224705934,1.306826281860538,1.3451532270462012,0.7976115566219893,0.38962810044236396,15.712709186125991,0.20565385423259688,-63.04742614883736
3.4297960048051537,10.395624334721536,0.9453352729528074,0.6807280992637799,0.7437014138227673,17.23941414543982,2.800172895074349,1.3091587109267717,1.2125206457619986,0.7503636900351274,0.19560759392158128,18.30720057839053,0.15779683473810424,-69.24084571610844
3.4293248407188535,10.12315491620091,0.78754669288176,0.5852755211456421,0.7376295239089659,28.298851049360437,2.6660500355601737,1.2272421706614642,1.1822226871404178,0.7422890789251932,0.19513232757211713,19.031621884804316,0.20808304079157625,-96.01248250522076
3.437979407903223,10.05496411334294,1.0051561494179866,0.6921096648733907,0.761104653602633,21.234293541346158,3.0994375098894937,1.35972983230462,1.1322108163891187,0.7376905512607559,0.014429379484368527,21.74797210262242,0.21769876839606686,-72.20912699128695
3.4313883283259634,10.854359653333855,0.765890549446704,0.6616311337978367,0.7005170410513935,21.615405890613804,2.702018630413708,1.3657283633890374,1.1183424095441024,0.7631435234587652,0.12703520217873923,19.560000336805953,0.16644275533912706,-99.12963538833606
3.4242725245006618,10.51287298920005,0.8695692186648112,0.5853716518369326,0.7130559227106242,25.796736080344267,2.808177652446531,1.118101482007138,1.328916866405964,0.7035926205104666,0.4955277755229408,18.929643719768837,0.17937889960588171,-13.806258541148253
3.4375026620492672,10.114144435779004,0.9566055200177939,0.6749610626946811,0.7651566339469268,17.238085574662094,3.183049047313153,1.1915487655026435,1.1869097337490944,0.7860687909769821,0.14535408408970069,25.554406853891813,0.20382465645777725,-98.50921019319469
3.4396939220723537,10.274853600466885,1.0004002166515844,0.6084208992982069,0.7261474249451407,16.59199421889745,2.6497045145448626,1.2805993846965311,1.2413859471594866,0.7238439630901833,0.43151499696049805,21.54883662530541,0.16432570178845524,-24.71404795057981
3.43155905868214,10.811994895257978,0.8573347035878212,0.5579793910800294,0.717316167051044,25.83392464976809,3.000619965047761,1.1561155348946075,1.3694305462330008,0.7402940842430298,0.1751716567800118,20.977933395689245,0.17292484864154142,-5.758196525098313
3.40793136167281,10.044962487973189,0.6867887828388586,0.6832602735856099,0.7170221523878287,28.214056339832005,3.207533482891569,1.3382786656643448,1.240601959680402,0.7100435365659533,0.3668981991898285,15.066582462571445,0.19559528149904915,-113.61782260215229
3.4151060610035757,10.6309826275674,0.808729701009512,0.6700592728709843,0.7657753840873851,18.689959454778908,2.7610793655745987,1.2001043715007176,1.3873484246596723,0.7796854998574968,0.29938991218930516,23.28216559221242,0.21223458449115662,-76.1838079152131
3.4207156004309014,10.330610130020697,0.9416014721324062,0.63727262600958,0.7013365413916551,16.687209048575692,2.704898320812486,1.2427391215939023,1.3762569151250932,0.7130037024354375,0.05996604366738364,18.685140650272974,0.1657401460035392,-47.82315272570651
3.4179446381996277,10.157048309869616,0.7249863730238981,0.5961551825630808,0.7494392757633633,17.935381191262998,2.986461300271206,1.2802031363972644,1.3712526994237373,0.7375559014917857,0.32507553160054886,14.222550800805266,0.19484932367941388,-106.0508982550287
3.4212167680804644,10.77819160639199,0.7284567272910093,0.6568616876877035,0.7650458138672379,18.900764175102008,3.119650092646525,1.192685617686789,1.1985879360118552,0.7242715339181548,0.038376081082535866,17.266589465858083,0.17729765916447607,-11.969763144101918
3.434326273088425,10.061903988624808,0.8472251306855731,0.6803714925225255,0.746914138690989,19.06480704525522,3.2325192742888373,1.1275009352436707,1.156455864309502,0.7001492171801088,0.17661389355368048,18.088907520409585,0.16132813478562874,-116.44708405944934
3.4024329361927794,10.827204328618047,0.7708747544283695,0.6830637523760722,0.7696799697554583,15.982041516693762,3.1499604470695943,1.3540868934561168,1.2399250701194844,0.7266872439238603,0.3857768429161452,17.01783527549067,0.19423535018237315,-100.6203052220592
3.4122008204314214,10.702365889274564,0.72579822733968,0.6176959462687409,0.7275068378363421,19.99194257866391,3.0954361281489167,1.3574021559844947,1.2107406666921758,0.7994786647661574,0.08148816767966346,19.43705911618421,0.1537526387379849,-90.11847200174171
3.435056914976351,10.728223874488698,0.7395365738128293,0.5651562846982072,0.7454396214699747,23.544688878597384,2.7842514072558333,1.2395117582282151,1.336850535007661,0.7720990247060906,0.03662457837529926,17.218078867276656,0.2016459070067146,-11.536740028270287
3.4144937108681503,10.456461117453866,0.8302448029964076,0.5470066183501282,0.7201816466203641,15.760078702729139,2.86938249966543,1.3986854973586518,1.1712685308619097,0.7595960723609748,0.459484991152775,23.171705963357773,0.20910208207731867,-91.40646129134288
3.438804814069794,10.263192709464636,0.864177204915537,0.5579905709062161,0.7561501679887691,15.362546085723457,2.978773290271305,1.3463642579488364,1.3940637514307093,0.7998426940054433,0.10754344293387717,16.768814111722055,0.18558090470402958,-79.82298186042615
3.4159183498146195,10.19373520267381,1.0218765659758535,0.6578053389017536,0.7763413130071557,22.827030426853632,3.0025693022490927,1.3225485278661975,1.2721343441003656,0.7085480196588799,0.32563601928764524,22.530253849887245,0.1920488755822217,-31.865624737183097
3.4377061606248716,10.874821791166958,0.6508575725732596,0.5666571325404924,0.7670178863821436,22.92541964780502,2.6668882256894277,1.3187190897050922,1.360789641545322,0.779328357890767,0.4023464262179729,19.89236888099964,0.21328876567890787,-57.07550473474663
3.4202568781860916,10.10886895125437,0.6912776715868543,0.5611792119937578,0.7527897258666976,27.220365862214408,3.1857389541730816,1.206131443191853,1.1281264765701986,0.7965133901490816,0.3015863310259197,25.80015043036456,0.17720381116499945,-2.887068155567391
3.424856061698852,10.813044651865596,0.7712920143128235,0.6433828112556225,0.7538350169649702,24.319813286995277,2.8214541791994514,1.1617061818184606,1.377636590359487,0.7471479127419168,0.3810678070784204,18.038052666368774,0.1539368465729591,-110.39534415050974
3.4341900700977925,10.567577573795443,0.6552098422877622,0.6379009248626617,0.7640904526962017,26.852535176848384,3.1415335721875897,1.3668235099401065,1.3030995794385811,0.7237858133050836,0.03327229631460483,14.133073054184294,0.167773497352107,-44.11746441589354
3.4079659168104173,10.696985228231238,0.7592574702857245,0.6049435197546179,0.738036938854445,17.23091103221197,2.686512543548189,1.3347192472907203,1.3689049779981264,0.7446154560463367,0.10354008378998447,15.165660757759753,0.18526852007358102,-110.3014568709514
3.4344692818552005,10.853343451012563,0.6933617439306952,0.6943821040420828,0.7415688353370838,20.728806795431037,2.8727776885156624,1.1001359751956064,1.1444404255083613,0.739968883581816,0.048670635652066356,22.849407487256673,0.17818667749046269,-88.60917321607364
3.4338777275378063,10.153839400866307,0.7376814632848079,0.6799055883435794,0.7542500839663693,19.371984529618793,2.895458856722162,1.1207171315936924,1.3339893263701947,0.7715098107201674,0.45534367750849314,15.714333073550023,0.1992089572211685,-122.07995020369344
3.4231391343819464,10.849707219569481,0.692100990098797,0.6815865759104535,0.7575030037570916,17.955563655094615,2.9769536631626963,1.2601448306916305,1.3228100131920268,0.7954414688124707,0.4678714392138928,17.851485693591165,0.1896962931374271,-14.291470318332614
3.425840922544825,10.859762045445347,0.9866743983562859,0.5408784807119745,0.7107761416883835,20.652546404914894,2.846372398637917,1.2483875309227812,1.2616260474581784,0.7852074573840554,0.06288239576952281,18.757048011980118,0.21909977471157283,-117.55185446510156
3.4144595893580263,10.53357789761391,0.7222998205691189,0.660975955089816,0.7236824446507177,24.096940353443465,2.918135817216376,1.2786752761189106,1.3498398262776912,0.7257420471829448,0.35357984004798804,14.356709191512834,0.18862658387871073,-64.50699871388412
3.425590227741995,10.81213260351608,0.9129676645086087,0.5712619293168513,0.7625340355090344,21.45491948345884,3.0193715445582883,1.169405105958968,1.1611871378691574,0.7420923617370745,0.17235036807689688,18.09313707540659,0.15315282069175096,-21.724318393444662
3.4205154009045726,10.869761433138422,0.8244638403579293,0.626328658778361,0.7652352933246049,22.074478291148637,3.176704633994557,1.3133233450700383,1.1553378347038303,0.7755421170449847,0.49002847452117254,25.119804181748353,0.21344928074820485,-114.7426085712086
3.4366691589478737,10.512432221752741,0.8269936668300644,0.6406411865867176,0.72118605924222,23.774133015880018,3.218390826061063,1.2411848267143564,1.1525697460139048,0.7593211683565413,0.24401412977661333,21.279549687630297,0.19171412016750902,-92.58944576755846
3.4144898744214776,10.28254571532457,0.7369702503029716,0.6569769815415994,0.7200349659730897,15.32675269977342,2.984904309701609,1.364262430823175,1.1674026238389186,0.7727622521781237,0.29546800625777037,24.57016914165434,0.19622216438234408,-61.604502706532465
3.410442052911132,10.579279361708624,0.8044027615784993,0.6261631027935816,0.7579704659751288,25.08118978189696,2.863539706912724,1.2827762620976149,1.3170206075069584,0.7886638429986766,0.09781257131751367,20.382299102628043,0.19923771414082314,-76.31478057945063
3.4027896045648114,10.451183378994877,0.7125336937824454,0.6214118843591376,0.7289982593862838,21.572894474062828,3.1425304552314404,1.3234991517823758,1.23388987114747,0.7479981331859532,0.0637537669289944,20.804870021275693,0.19087404248976608,-59.06088977626236
3.435552562401821,10.371999923581079,0.8169699468753497,0.6100012727391575,0.7310953080824207,25.44438998711471,2.845570813694711,1.1273759530700855,1.159043140435024,0.7476433352740695,0.38059935476634554,14.827748931915888,0.21147154364143309,-100.34425584238221
3.4285120084430023,10.81732010698437,0.9870177702277296,0.6223146228381936,0.732627243479128,19.61530860781588,2.7097896466622946,1.2819181683807193,1.142249455347961,0.7629537256645322,0.32390131618731366,16.79467983710757,0.21438473398016278,-23.60197407680532
3.4194985047783057,10.465949135298631,0.7126140778935728,0.6109097882330232,0.7175472378329097,20.40600483276677,3.0251612595790345,1.1801111935726567,1.1138985747172567,0.7650355235394128,0.17717851907137386,15.600634068555415,0.15982172151695698,-75.84327392867891
3.421351704258863,10.578774975837714,0.842214398195315,0.603416839991086,0.7637423230295524,23.219434458962454,2.8582969540666014,1.244575835548788,1.1155312150113057,0.7709049650102734,0.3881152747718141,17.81322637168088,0.21768328786511765,-96.83252102451753
3.4246393304174614,10.273922598292906,0.9271904937384055,0.6743851435524959,0.7414747685325261,21.7535582389884,2.7735503085188298,1.2280281078988986,1.3584908664148836,0.7802034540785566,0.47971707429985205,21.03419737709134,0.2179433900983973,-81.5586314968333
3.4063406757285923,10.473083711420712,0.7052111636343936,0.5681835534563161,0.7785994093611701,15.781792925097445,2.8752314953576934,1.302446370171068,1.157835429260032,0.7486376117641856,0.1584450327503257,18.385556051638765,0.21018701149103913,-113.07223256428057
3.4126313108468382,10.751709257332985,0.8485283592550996,0.6619702290823319,0.7409306665913087,22.85802046367519,2.6768754992073434,1.1604872227435976,1.1603653305459933,0.751915853553623,0.07537019971255332,14.178237145907799,0.20150466953264368,-61.46231367844632
3.4397879843169776,10.393823724759754,1.0013876088957325,0.6328205080965258,0.7554856876494591,27.40716195128843,2.645529181427705,1.2433482024083502,1.2330775404724688,0.7691634785279006,0.06869132578580296,22.616820734869904,0.20076956120583322,-81.78884898341192
3.4386558932290403,10.6618991821677,0.9517242140107369,0.5852966405680231,0.76995524563847,28.309339557751297,3.059183069834756,1.2270881826986664,1.2657898073994138,0.7188467497737899,0.3554299125069821,19.669885923751934,0.16196887976739313,-117.60741624556205
3.4312277153576747,10.680674192268702,0.8033435922929205,0.6415873679304079,0.7759594760683717,20.393621794634125,2.977241670474223,1.3349913157447393,1.2090153628094427,0.7144598246826931,0.4647626663418314,23.90671822027339,0.21608133140657027,-99.62920414917738
3.41514626628404,10.282167400475203,0.9514102352756223,0.6215189281841511,0.717990418449011,16.355535563132417,3.2324369198992366,1.141786686040442,1.371519080774113,0.7996840299830232,0.4624784190801187,19.518200414501607,0.21600992289008578,-119.26778740043045
3.4071576437198714,10.684804401901491,0.9304452536140224,0.6751206943487065,0.7318391663275438,22.501562719129907,2.663334470558033,1.3496258720197207,1.294642688439119,0.7059195260176878,0.11797912437038349,17.245534230327358,0.17442890443650308,-95.9067297601922
3.4131461728081245,10.658100470859571,0.7844563213975311,0.5807144200690498,0.7203009271493895,27.214357617283383,2.979061061135713,1.310531320095073,1.1990303791875512,0.7292391004772797,0.37688497198987325,18.504713174650664,0.20160178018837965,-55.06518157783191
3.4179764667967607,10.794582560415448,0.8713894486304984,0.6756309241086134,0.7071270823344541,24.01614017311693,2.9508865741448527,1.2603665199234604,1.117491477071313,0.7281423006948257,0.4061980476843082,15.683054632396626,0.17557184148538302,-35.04484014573178
3.4000052683231936,10.636756111484184,0.8089995065949586,0.6302367133235449,0.7003265060368999,16.8110308247278,3.1577021986212905,1.142806446622183,1.178300839511858,0.780366275860815,0.21484567824457965,20.73124827822633,0.20664003148649987,-104.3307180426855
3.400304983060554,10.131375903424285,0.9557262974052825,0.646193349199915,0.7123984077079866,23.4789887176104,2.914818201644338,1.31368925046458,1.3289439887337897,0.7892937656862531,0.45079416653197235,17.709327696124294,0.17681816811429701,-48.394641156665784
3.4308093121556618,10.876266754411487,0.9257820625831191,0.5507356102380393,0.7366315395612814,15.940168151318492,3.2133206648082515,1.2499249506967711,1.2186184522980024,0.7254760572912674,0.05887621658774829,18.338662185293245,0.1597352282416197,-42.973172144959335
3.4201767014879914,10.103188078116673,0.8461525934269687,0.5720419609297211,0.758287683759252,21.311782940139384,2.9935528377773375,1.1708336292073291,1.1697590355932996,0.7923327366534662,0.050782700953039765,21.713892527776196,0.21017808695969212,-21.11197560229182
3.4218690788730934,10.531280529336335,0.9714957003771394,0.548823447407586,0.7449299552557949,21.036917900282642,3.1736448017916485,1.3724493990250404,1.389413374318359,0.7136973822031952,0.1099513747749994,19.540019785550406,0.19116807741988193,-11.169375875180236
3.403273407779453,10.717803779392764,0.8240321330997395,0.6428866274721846,0.7204310900372896,17.627012023767485,2.9710688590941654,1.3008325987125358,1.2377250251434193,0.7410771168683097,0.1785626721579662,24.866821514319735,0.1828675800434312,-43.98049712068182
3.4335918906419693,10.449890393373156,0.9874623525921022,0.5442022871159647,0.7594745444351515,15.759239200125648,3.0851377596800265,1.1436805414564757,1.1424994778118616,0.7224724959516808,0.10458560816988231,19.255899716868548,0.16165974941363,-76.39255636934382
3.4092154003156177,10.293596440370893,0.7579771099820933,0.6850506500955179,0.7529659355465057,25.581322613780124,2.867456208021513,1.3952200058934179,1.324435540248553,0.7529291822479606,0.414629732003854,20.638213794395465,0.21184099750844032,-10.366188311781201
3.431749953648811,10.47565092480321,0.7937993893965537,0.5574498452524422,0.766917949692802,17.01690332330091,3.267046256549839,1.3973109277637277,1.1885353979009814,0.707065419880456,0.12094430723694764,15.843704154256459,0.1604103083186045,-24.262199416865613
3.4313371322945456,10.803087442193487,0.8672821905366728,0.6905108315120756,0.751618357091566,15.656171512170209,2.6977839777173394,1.3678805267203578,1.3699922581217898,0.7812255071971398,0.462161046926701,23.703555145740722,0.20263289847467983,-87.80430993716253
3.4293223344656827,10.377659567385162,0.8263319602792213,0.6163916537246479,0.7501314876084669,20.760622155142432,3.202428836975082,1.3749266151429818,1.2120291062517983,0.7066163565709445,0.16277805830459208,18.331584148062127,0.19487335237883782,-12.519967813787758
3.4135398770768086,10.673566956188816,0.9874852086474075,0.5491815212201965,0.7640292975674838,21.85621388656763,2.800229763526565,1.1582159665346363,1.2109807990549162,0.7949261096797483,0.3708122632406647,23.433601152330112,0.18162932886744138,-36.470591347607055
3.411018926075891,10.0654814606337,0.655118865321331,0.6662885593846759,0.7761639376898144,20.980362881750402,2.847944854479194,1.1675330841126779,1.3912234329508042,0.7907908881489714,0.3396819983100356,21.468407529564033,0.16077641070715545,-94.97667274878536
3.418336467095657,10.855651183758791,0.8719394351836004,0.6602767585996373,0.7602288470903166,21.58266349199777,2.880758320425351,1.1785173881995463,1.1692718274440554,0.7608025895973286,0.15064943042285645,23.549340431838257,0.18107866072330897,-55.19928570494575
3.4095755175841793,10.272899159429853,0.871254575807418,0.6688350451729947,0.7477554171926365,16.707588561408564,2.971286760938702,1.1645178083535226,1.165954595727039,0.715143144034641,0.018083481795057317,18.819050983159965,0.17039392019355387,-12.089451548088704
3.4312334429326135,10.711907149438748,0.8072479257478844,0.6108172378439184,0.730909929783328,27.687099429173536,2.9035491822100683,1.1398271928556665,1.2064124206645335,0.7632637153130524,0.10213528982733255,15.796419796292414,0.2056879100742025,-94.22055348053755
3.4060354817459877,10.60907850805521,0.9538112022167173,0.576047629728779,0.7096046021674509,19.975826021769475,3.186967554088401,1.3798220590274233,1.2798445487242902,0.7987531205099743,0.03123325361508927,17.454915021260504,0.16396266923679556,-31.069822513475913
3.40475320577061,10.226663269521262,0.7445701877159019,0.6478751079673922,0.7461904466215578,17.80265383075681,2.6544720285645376,1.27477679599341,1.2897444527820228,0.7348758268318696,0.3496015721323745,14.007451729035717,0.2180118658148704,-101.0489059155028
3.429547105063809,10.834458493533198,0.7970153039899937,0.648764668004196,0.7556281843828193,19.92631579237367,2.8731418373017497,1.2726408598824512,1.2449498182533163,0.7509639582884696,0.46257105143220145,22.12160018428437,0.2021917656337063,-51.42640243308843
3.423409699150693,10.488846296608273,0.8821116738244332,0.6573906277158496,0.7575169212147853,27.119413647501066,2.8254284791675572,1.1917149303664734,1.3175341880200178,0.7473478876788215,0.1576670345199643,23.646883219007968,0.19367782931879968,-31.797769161943236
3.414531853033739,10.78064138061922,0.9399276384214015,0.6893942959313657,0.7305687042585982,17.579675881197236,2.9172164006113057,1.3249637020412188,1.2135603931579702,0.7480067918955978,0.2812391508150345,25.843938660084504,0.17272162616097722,-114.20127358354458
3.416251347654584,10.565554933637173,0.6763868201825964,0.5763433111236193,0.7569500480575447,19.303948605836972,3.134764058346683,1.2971054983071904,1.3876639112544473,0.7228177366177885,0.47487848317451176,23.29400796922922,0.1811118078515201,-74.10227981304732
3.4060798667655865,10.442910188193672,0.973142346429589,0.6558965826188856,0.7459321638754612,22.362858814328195,2.981287855103237,1.3307246875505578,1.1762430964663695,0.7581478075835184,0.2062895095052525,24.40729965188015,0.1960540735612749,-67.72733800372396
3.4133477143053446,10.860878456806134,0.7841970714108144,0.6057590561172653,0.7673555633822564,24.64337649223505,2.824672360034975,1.2756454265778672,1.1426732198308036,0.7622379736711409,0.12539110824752842,22.132049956340502,0.16049570601945565,-31.758287276100475
3.411037484630516,10.314640745095463,1.0249547445821272,0.612221816868415,0.7407995847832837,21.266619272452118,3.1808150284224093,1.1509069872536895,1.3497645273890309,0.749985207481766,0.4804257332958204,24.150758020084297,0.18748188894765946,-20.18986748779703
3.4394636027549743,10.8199645887006,0.9085463429080893,0.5892065276806299,0.759128077617497,15.702870111243154,3.2721954270618183,1.190759417550966,1.2203040112386012,0.7365412276274635,0.4024932972660831,16.121057308210947,0.19652221318330623,-28.816153952629392
3.4100642777329684,10.808747840670806,0.9775184104201885,0.622628136797989,0.7613972109136478,19.332530744482995,2.999191025443967,1.1188201130972857,1.3428674084460526,0.7105879874535656,0.27885131620883746,21.306839707400066,0.16226670157369966,-90.99524125809232
3.4388419480453,10.205976409533008,0.7704497697439059,0.6174337710968337,0.7104376351465858,19.751666769860467,2.9567592157499347,1.3663044740723045,1.1175554210936536,0.74033748855069,0.028008971275368885,19.587070870862792,0.1737879410713321,-69.95871401738984
3.4395355956359017,10.080541498468854,1.0047350813839304,0.6902446298173633,0.7672958867518154,19.19298753553273,2.689527410551439,1.2911690311595474,1.2411035880064465,0.7196534857329221,0.18638299333156785,20.525778426313984,0.21051556353274758,-52.929150660069226
3.429255408256247,10.313703137605485,0.7677821693961232,0.6025204705135248,0.7616534350910716,24.746879140449657,2.91305620767426,1.2245429685824658,1.363904993979661,0.7704146494635777,0.09504596310565759,15.844913520015123,0.17264367618298973,-90.05495352756816
3.41410367914582,10.86433452594182,0.9076559842490759,0.5903526459134583,0.7475907405803126,26.19073770189867,3.197214241544717,1.3617571044597279,1.1253790776254595,0.7127544398643035,0.3221546925759877,21.622809334903483,0.15965366649124152,-101.65491615197043
3.420717694212912,10.409089340107045,0.8332733698693363,0.665114062397183,0.7273660327917866,16.593266624451875,3.2703383845255347,1.3699411090483822,1.1243521324158805,0.7781623111282951,0.1772766665417857,22.95382496309278,0.17776139244745634,-94.25647354780017
3.419170135574314,10.280325444933169,0.6510953801765158,0.6518937998226279,0.7456292555845416,24.797846871370293,2.9408835086020244,1.1171533391589366,1.2293693043682647,0.7537495384293945,0.148702894356356,18.16475929184224,0.20565798184552533,-119.84410507751869
3.4269272388319236,10.522128731105308,0.9122406289287329,0.6565283789863953,0.7037170188183816,23.642953364642686,3.0348912604927802,1.2300149881511677,1.1933259552788715,0.7867921286958389,0.005725843461019163,19.3320817883593,0.1672370461766859,-104.23148675441598
3.422655049149393,10.89729308219382,0.9109963593272009,0.6068077702718909,0.752938648194415,20.987743969773792,2.9689199922354055,1.1305217689569198,1.2254284895401262,0.7647451452116366,0.2745434011743029,21.516868777909835,0.1967910267150903,-107.88036852777284
3.4181533927867873,10.776272625887968,0.6857555629306444,0.5939128847121979,0.7116270041098853,27.490603954206065,3.0191448111958303,1.1652277187020486,1.3984657075670195,0.7801965101971919,0.48934351985805274,19.245515492232187,0.1694761740337254,-100.13628447977744
3.4349366759128417,10.391656868124134,0.8489838435378201,0.6460992933700178,0.7557387962445072,27.213492518171364,3.1311208130547254,1.3024086918830824,1.2740103268317684,0.7349799904135873,0.05676844343495328,14.741145306811907,0.18441607347562985,-22.2810280180379
3.433745330596083,10.706116761158805,1.0085051614103022,0.6461858067956221,0.704728783053615,18.140725368503418,2.8175479134937267,1.209408674104091,1.1810390289698531,0.7672154548407977,0.24916199863658006,20.597265049420763,0.1767398824145636,-98.00040328152306
3.4197312927080805,10.254261221455296,0.9836299649483804,0.6419875919415331,0.7707383009190218,22.286937143010785,2.8122051832516357,1.3737878087415547,1.1488294470343627,0.7183070510949717,0.179504922167746,25.473821923264502,0.20899503215745976,-97.39523574716182
3.439116758969894,10.343387449887157,0.8871106933948741,0.6720674496242887,0.7190363792441119,16.75563809169491,3.0856164684503895,1.184291487206633,1.3678636820313665,0.7492986228590407,0.04269516762299313,18.48374587711964,0.2152065802805126,-65.90145898117092
3.422779069792627,10.851611339787398,1.0003678321333673,0.5658832696019109,0.7098995022221666,22.207823652996296,2.856860849074881,1.3018266191809902,1.2212900306652945,0.7090330762343372,0.34613373321510116,19.498083592039812,0.17792820840898838,-79.06215819841191
3.4089304978895023,10.80944769867627,0.8263945147664159,0.5821989702758856,0.750724215471762,23.97764268798194,3.255912927660138,1.1619148347658412,1.2981341603986372,0.725282023939053,0.41318138597861054,22.896163138065013,0.1847500553362523,-97.01205006658535
3.4056298982074806,10.464139157645361,0.9167530446129419,0.589662801837352,0.7327588406123445,22.128262512164536,3.1284365509121352,1.3574871370802237,1.2759458642707406,0.7427332953069806,0.20398269825787058,24.79678617081406,0.18360385208209667,-102.1480870503261
3.4389344237307027,10.025922935622898,0.7426463116262996,0.5711553763683149,0.7556170259331494,27.460976279625477,2.8833522311261603,1.1268090681473197,1.158842932140032,0.7684744711442578,0.23141054259538646,25.048033839630726,0.21523007914943088,-89.29697642220489
3.434376997111981,10.2655580560608,1.016597264255619,0.5947516382490411,0.7610995885622922,25.76290522350915,3.1335139543009998,1.330776985335628,1.2535362926156917,0.7850170750357546,0.11731851922779023,21.132280964713214,0.17120254573071336,-98.88458752677725
3.404396158646141,10.47067525973417,0.9219744931006963,0.6656530801046886,0.7436167569750938,23.86725441947886,3.1034682743167665,1.192108382790386,1.2613965276704604,0.7952477530547746,0.417598311803918,25.206372478707593,0.21859791183121674,-74.80772739866552
3.4331241799501937,10.633742586550248,0.797271681675255,0.6251683214755501,0.7558986135233512,19.025952455887023,2.7880150113202666,1.3339769620578972,1.1024729100073771,0.7913891053285718,0.0920951884471742,24.923498506516207,0.15085069457257935,-14.058963452451351
3.4030603250188713,10.350085606122214,0.8163862004580579,0.6408528636037271,0.773151910847667,19.923060368213196,3.08578383776589,1.2836722256064355,1.3604580297021611,0.7119007111186004,0.3344616711846692,16.276572095830712,0.16434654685575195,-43.83263272188891
3.4255167976090686,10.467915746818235,0.981012058295915,0.5618450427740053,0.7258568673755061,22.279247307502985,2.651516750066843,1.3002148029836775,1.2922454932567828,0.7451634378820884,0.14756878054287983,23.051279383447408,0.16062460804155065,-116.81746992946177
3.421281286033059,10.176147902344228,1.004514688844216,0.586481985493899,0.7732744566632227,23.06396510785961,2.8517297508149158,1.3977660709864752,1.362099345949298,0.784307930854061,0.11909797479647974,14.323130287461455,0.15903070461709487,-65.65256567967825
3.4107270010299824,10.661978502310788,0.6953338130598292,0.5473250983644398,0.7153017927572826,26.187830830582804,2.826607943884444,1.3479204638144044,1.169566061514027,0.779162147761534,0.4561680740047093,16.19814190894163,0.2199339050981795,-89.44776635509433
3.4258565495406237,10.423601210771874,0.9999124012033762,0.5621445981177764,0.741091165888024,17.503790406408363,2.654886920881295,1.2732119082086852,1.3024637373547268,0.7294857464291397,0.47468064524425163,20.118110572301525,0.216284483239174,-108.91636925189256
3.4363453034182028,10.232866330692183,0.7015674636227646,0.5560700494950135,0.7238096636394584,21.226643989952635,3.102934172087484,1.3255823661605497,1.350613228168496,0.7095284842649736,0.16906501831973425,23.440475370791752,0.19013306724651305,-110.40370151427707
3.4234270218915803,10.099426697092406,0.9318285833070546,0.6156540506516086,0.7312563846340873,17.894313022896746,3.2134664308279874,1.1961300837006466,1.2633726574209823,0.7278296222309169,0.2154788866075809,25.748410118510527,0.15130148261498394,-45.404943643310745
3.4029230663405086,10.797498163142848,0.7812334499344901,0.6704571741221983,0.7756632823685662,17.614519762695778,2.693619430495009,1.1504412888162465,1.2895785656377894,0.7903355192748089,0.2958127535057378,23.206074803499884,0.15088850973283702,-7.810830169707501
3.4032810443338337,10.55016709279364,0.6537457443970732,0.6846863674343368,0.7014697425579313,23.63793621854986,3.270823339801626,1.130789250118192,1.1745267538812985,0.7018506748510087,0.3157158989015921,16.270212591316277,0.19100597224108373,-36.03138602664188
3.405230776952365,10.221994691366673,0.6519005455457187,0.5774421361496694,0.7539470792523312,18.793439832176738,3.172300464404425,1.3118048719402857,1.3211901290270747,0.7148045267028378,0.4598568375384609,16.37875978261136,0.20535979669216903,-93.21054788606878
3.4136601078291156,10.27840687470509,0.7768677493959926,0.6165749016514128,0.7249522509748972,18.32125830347721,2.793695427406323,1.1519782709398299,1.333204634641564,0.7045376294829138,0.2591943000853965,14.60797158170757,0.21633917086053117,-93.1522367378562
3.4327809043398467,10.7770062383962,0.7856167671554958,0.6568947163560268,0.774857172770359,20.159451612405412,2.8991672483517363,1.2517112339595402,1.1500891799247226,0.7754841021375101,0.18684650476903314,22.910982298551605,0.18119322803310903,-65.79373181615945
3.4368301448418057,10.3292463212254,0.6614762150427915,0.5775197935313383,0.7079411046691703,27.794374440074353,3.0394859450686242,1.1364470660222834,1.2856687456748794,0.7303693614330367,0.4963117745668285,18.339935711208483,0.16748719886331376,-25.40705214972246
3.411070805569164,10.40312911478573,0.6627244226621162,0.5435449421439771,0.7007911457807425,27.605123538043976,3.012132394771671,1.1824775218305859,1.1468211499426078,0.7641520501976886,0.33766900665322547,24.359405762998485,0.182411792165634,-59.56894687817291
3.4290614090261373,10.082729279662551,1.0012513856348946,0.6131449050495965,0.7648603650567826,16.99866460896595,2.646897503287357,1.2323785521932922,1.2355602162866086,0.7517173092061997,0.3903037094323055,20.056333157634256,0.16674012034622412,-40.13159803849672
3.4179832003165975,10.229794502444493,0.7576739548337328,0.6090982154400121,0.7731793882383395,16.00478963247761,2.7693981047507963,1.319001399847376,1.2656722640461642,0.7321512055265321,0.2599188155433201,24.027881097132585,0.2105093630313979,-63.20765798084626
3.4182457904828683,10.031678209049899,0.9592315725045075,0.6737588803980862,0.7616365188444653,24.240725367455973,3.1188719718166555,1.106073495155488,1.1379268774792166,0.7411101208357956,0.07213813769881701,18.036485270177067,0.2124211027292766,-94.65709539880295
3.4387291239178204,10.239592831294855,0.8950428432015646,0.6952210076606158,0.7408700015568181,26.502712558307486,2.887567516005951,1.2224525341585064,1.3509766313387757,0.7736334302010265,0.2953985171110253,22.177810230677167,0.2027920343859916,-100.86947617948135
3.432387656649588,10.4030624238031,0.9224594710958521,0.6939283943757605,0.723871161406921,20.037299364346552,3.2083995493804385,1.1755137996965797,1.2549129814682833,0.7313490145991768,0.03131807872719481,17.3368637237757,0.21285913730517825,-108.48637857380396
3.412375284597545,10.294983843176102,0.8926572612300597,0.546116973362675,0.766709769497697,25.40476647247536,2.8686143959764756,1.282243213124238,1.2897128742248734,0.7546935122879459,0.38399628642403477,22.646654324871502,0.17884835422874373,-2.3273046547942187
3.4091601756149865,10.06439488660392,0.8584180786487547,0.5732950012020626,0.7002192687092089,18.23623432374675,2.829305837007243,1.2937615843870347,1.2385311311328646,0.7532607179885824,0.24676849060640194,16.820143804626742,0.19195436847159586,-4.956164907141186
3.4101751602422326,10.647708409636248,0.6873807029967683,0.6506142537940255,0.7284238837470066,19.87307917673921,2.9956281175162323,1.2211122657470577,1.2995050191510593,0.7047430878962618,0.3701712790222425,14.84546260911767,0.18342648965765704,-39.106012690864546
3.4244559511882393,10.293550066412445,0.8303778210635199,0.6046851144941867,0.7017548906596619,25.522327858205905,2.8336798522924975,1.197620239398983,1.143098741037132,0.7375399897746514,0.20680090067927598,22.3568329679689,0.18170284349860666,-45.83576518773086
3.433979922780354,10.893770462880708,0.9728423267274964,0.5580297777221127,0.7351583679610172,15.430864890438656,3.0977480462694764,1.135864103204879,1.1286378646170039,0.7934236906909917,0.3929391101593573,19.605801512329123,0.15208003655497634,-12.406141413657181
3.425247493738802,10.528437001585349,0.8730801991427974,0.698191992257619,0.7527973130045358,17.38358735127186,3.116087944762505,1.1897675727813786,1.3311040362693785,0.7257019201259612,0.42587228548180583,22.198486854596418,0.2112176938468823,-28.94124970986691
3.4256600280524,10.23796335913485,0.6509226334060584,0.6802805196343827,0.7486039282181973,17.756518943287197,2.7134999103029633,1.2708188841346657,1.3634434740212613,0.7503426042113442,0.27730249855403544,16.046926731801623,0.18970104579809488,-34.99705361657192
3.4346514840264843,10.474016051132088,0.8644094492014803,0.6991773241498246,0.7676874243953573,22.263518781441864,3.256039568530287,1.3869260607596186,1.3038603696064206,0.7355208552894632,0.3064360233441065,14.929081857512426,0.21855596849254902,-119.76529784266174
3.40935206792177,10.772652821671244,0.8265919546152244,0.5769568563720193,0.7394931708667847,24.78499729295032,2.669375987446514,1.1461678638064319,1.189119316516484,0.7038934452952199,0.2326982621707984,25.308189548629173,0.21403902711722883,-22.898445656159268
3.4111550682062757,10.206682890865366,0.7262864989536887,0.6940014612802664,0.712292277379792,17.54335282670615,2.7131954031890757,1.3274332389827825,1.226646229525945,0.7924454808878124,0.06697307310218147,15.436052843585694,0.2059412571197815,-75.7562655505343
3.420548805671383,10.792034792074137,0.7640824937437013,0.5871671941216774,0.7381516818469657,23.29803285155671,2.8297001700185556,1.2196621191670873,1.3149886942448081,0.7330104300963227,0.3102199524067083,16.133174397619552,0.210334039120394,-55.6740321484767
3.4029383474524253,10.825259341809584,0.8712881225213924,0.5420051788034783,0.7001505825663594,27.648089911658104,3.0441831717790895,1.1627065538505514,1.1658390298716241,0.7411083586812585,0.27746517670608567,16.3766094227635,0.21651421341560148,-75.3521696398638
3.4290744632796795,10.030369224092203,0.6981098451607651,0.6927303165464203,0.7589238088164159,22.26826288046822,2.650438171959466,1.19305325826936,1.2692455792081405,0.7263566343102471,0.061520938085115766,21.101513747009363,0.1556331640588896,-3.555083068170603
3.426844896665757,10.587516463867185,0.9724262324907478,0.6630627507170144,0.7564573869122428,22.38246075110403,2.930705296528055,1.2466946189122845,1.3342034348224858,0.7307028486425662,0.4515924733875134,23.540329864449475,0.17801793715914593,-44.77566403116374
3.4131831851703125,10.093897272196322,0.6761532451010486,0.5702569220966046,0.7580387958269366,19.070990022971646,2.7778830698419292,1.224985254573909,1.2641466358727014,0.7232094719150798,0.05572585798763789,18.86266858820516,0.20894291236234694,-113.57525548011685
3.4202671488563157,10.313634743792619,0.9399604438554319,0.6247614589398417,0.743541986676572,17.43264726857674,3.262394964507447,1.2105610699548723,1.3515348685539057,0.7702544766061459,0.24423141759249958,14.474421742847616,0.18571502761744327,-71.49637775147153
3.4010709579511174,10.546268865083974,0.7683611401885326,0.5972170055308795,0.7598238433037657,16.52082010362208,2.7929448381239514,1.134657878082349,1.1566752094237824,0.7508123044362222,0.3313100528610902,24.26649712400191,0.1844484016235052,-105.08368118087193
3.43949293277426,10.65800882947724,0.8583226616449151,0.5654486073568443,0.767479262927043,19.91864494935809,2.758993166656146,1.3280186953435995,1.171742182422293,0.7426782908427938,0.11509513250950004,18.25860352113404,0.1504664059893642,-123.3223950583432
3.4350123570238087,10.14805893198258,0.9012794716681227,0.5641103962187295,0.7376957295457819,19.390069977358074,3.040710137487695,1.2270357960404559,1.32291927620195,0.7604551348063634,0.05586156375223122,15.010852646608154,0.2098579509097432,-46.294247371141566
3.4295410477372656,10.526284817746381,0.7564986617357242,0.5776991153415936,0.7686258035624226,28.045338001141403,2.6618705753959166,1.2319430471155313,1.3323765771987033,0.7295852143877798,0.34692509764785967,25.98074079817942,0.20309524298204887,-3.3937732607312796
3.4092737787308445,10.242147911945548,0.751578482925225,0.5520264118214915,0.7021608698420125,17.745813137302708,2.9380203218946654,1.3572596180138616,1.1038345842740065,0.7041993340956804,0.3190421238570362,21.06435764146228,0.16917435102093595,-98.16987514359937
3.4109325736031266,10.109744081258919,0.862093428171698,0.6733847083374571,0.7106370063072432,21.68018251424732,3.005917756005098,1.1155466364379667,1.346918108737658,0.7585484328537193,0.3519841455058568,25.859886339741514,0.21890342298546916,-2.7768010657467244
3.4213995593797906,10.719666302651447,0.7536829679979106,0.5872371773256262,0.7118637142910621,17.520225527728403,2.8305708384950905,1.1623851430526888,1.3108779415383394,0.7273955611865627,0.44106356967419574,18.808189074524037,0.20326900909975198,-64.47987809504168
3.4139869932878493,10.28902346896896,0.737826823216971,0.6580958005143446,0.7375916134381046,20.21615634727236,2.950317409964555,1.3471877703710675,1.155623219260521,0.7039316853841298,0.46840299449457223,15.58592066310408,0.161453972846047,-25.575190092479616
3.434948044485137,10.577605758596034,0.6530345396478201,0.6622813013541596,0.7103415033256439,26.858937350490294,3.192203754008501,1.3836042432780684,1.1151182669685258,0.7564042726984698,0.19180919805060143,25.388279358999714,0.17582764333102813,-115.0650214073296
3.4233983024265893,10.260055504022203,0.9475729490371567,0.5416105864651113,0.7602027599484091,24.056901966966784,2.9288005843338283,1.373398297826797,1.1237843935357679,0.7102065273838003,0.1783692002795906,24.999077439929522,0.15203900620729957,-10.85381172626964
3.4161561673834475,10.109645167012069,0.7560618521833409,0.685120838812656,0.7008244572546984,18.26931732410829,2.6817197158607056,1.2742648077199006,1.2142512394382903,0.713796886845538,0.342854385483788,20.976765690223015,0.15817900945973745,-60.07175109994804
3.4067811820007092,10.81120036850993,0.6519937264904935,0.6577498092119278,0.7796121031059897,16.23881384338645,3.1799216724690944,1.2701813557343795,1.3724330163143572,0.7639658463284486,0.38644953610691785,17.099864531119763,0.16113155216901176,-77.6111893279278
3.4132945786712403,10.255879609111552,0.8145264457462407,0.6788682521108447,0.7105944906288878,20.00998261207054,2.7832476873888123,1.2976912067724005,1.2087670086296642,0.7195103677111455,0.38767338401547424,22.0084392862393,0.19472617282807209,-89.8048428164117
3.420618280677074,10.611771671353681,0.6716946178274754,0.6731613922246193,0.7708726609417771,25.542613338667515,3.201905101984632,1.315180883002773,1.2291403805236731,0.736892854536118,0.01848922565860882,22.290148368662134,0.18843512649060884,-95.95777956790641
3.4046762979424527,10.809243475766712,0.6885970571239778,0.5812959577372554,0.7043764362425987,17.014091571544434,3.1649815966225923,1.3103605615594183,1.2672297852860062,0.7318935509914164,0.4003857205145196,16.080674787861117,0.17228450157928002,-52.91171764995366
3.4390094648673757,10.069073809864276,0.9418480756012383,0.5851488014123277,0.7587074515088157,24.940876414927025,3.0226136599865496,1.1845935349483563,1.1385152650630042,0.792064106209544,0.4658397571693704,20.21541176816691,0.16630703132927055,-48.43416099494651
3.4065062290024417,10.550689231131463,0.76737892562199,0.5804328974910563,0.7055237314039673,16.88662370779826,3.109113448934104,1.1714281770728294,1.156773968042643,0.7988298444890556,0.35233900952327774,19.085886581008296,0.15583970216826948,-81.33180126340538
3.4389804883624184,10.237925947490929,0.942674125296355,0.6145708718697603,0.7152888218214273,21.37403641431422,2.7176757538197833,1.1457003562958443,1.1074391399761072,0.764759616016909,0.19916659214257082,21.79652483288525,0.1809322022629358,-9.784845307409881
3.4218530756111702,10.830264422529488,0.8025080876340001,0.5614017610183748,0.7799582647521268,26.345852253370193,3.0631861211639024,1.3658861242361469,1.280787983470099,0.7955688245160255,0.021144131558711744,17.897778161296998,0.15683996728618238,-51.14930646458579
3.4084387867699117,10.844813819859244,0.7128887201877762,0.6806794956610022,0.7000062677938402,23.043245030375914,3.1450965921844922,1.1028903134884862,1.1886905072499883,0.7115457499047623,0.0044898052235217475,18.174574094367564,0.171533206147265,-75.05721077090533
3.4312705992849994,10.349996635104219,0.7394560555974473,0.6414509161370501,0.7699932101444922,18.668775075249766,3.204555306915023,1.2051645573667573,1.373408592978504,0.7750875778707259,0.24486213866440418,23.47566359317056,0.21626910050874842,-41.15085263724066
3.4085854701090583,10.17723026250419,0.7033976725998468,0.6625645884777006,0.7772726640226894,22.511538973551907,2.8061772737575605,1.2361952248263264,1.3907889437005094,0.7916516886861483,0.2383431204726675,24.475469119186467,0.17530950657549632,-85.57748266296852
3.402544428406787,10.22083620741417,0.6823735159269496,0.5536214717201844,0.7419822172515146,18.254254679120415,2.922002880490374,1.3069484417139487,1.3009177103357483,0.7708405780262486,0.3951380796455764,14.437968495679685,0.17997318117460928,-60.38029130131047
3.4276076756365845,10.208101140071955,0.9375799886723356,0.6846608668883062,0.7082853978189176,24.56097272363996,2.7365556329961205,1.1133079546799367,1.2778003192494376,0.7371533564991759,0.22531423105496726,22.21813690910225,0.19354270132182644,-33.875539786552025
3.4316759431442203,10.601423632927835,0.6648103818446583,0.628934017031015,0.7432664003174569,19.084060287652008,2.9992967394117898,1.252150501440396,1.1931543773733089,0.7031640212767711,0.2409130893128463,24.646071188063587,0.18072575175816502,-24.626526127946775
3.4265829567096056,10.300447362335278,0.8344619968046736,0.5997794589003009,0.753103703597318,17.694227019351743,2.778799319878407,1.2591795465431765,1.2485278291003579,0.7403694523726964,0.3700816312629885,21.251611187646503,0.15829166165913314,-110.4577117469512
3.4283165424185946,10.74750724162773,0.9467641683063996,0.6210571563199858,0.7681293220000674,26.24680291831215,3.193102275652881,1.396148062203407,1.1499911287627707,0.7646968028637207,0.08054743728073539,16.0974177744211,0.15027466830642847,-9.401771811623917
3.427990886536665,10.040530713891165,0.6584478491632989,0.6308330615600878,0.7508476384331608,17.486093182710366,2.8528279019861635,1.142020668646879,1.1733249206707828,0.740372864084876,0.41173113268844336,18.18567564266344,0.15599662662778543,-36.23760598639069
3.4154037336412304,10.315480955669063,0.8077037400137005,0.580641749089248,0.701557597307817,19.198444208264224,2.86802279883162,1.1809743959386747,1.390065504284829,0.7688801480912331,0.33661447358719127,25.266573928538435,0.1502104856341214,-4.554408869015447
3.4341585913848958,10.614061664755637,1.018845311436687,0.6900257402759258,0.77077196494999,27.455239748938,3.0868568909076712,1.3618428964393345,1.107943076242507,0.7996566895386664,0.10726664436464867,18.252627310398076,0.188624155027774,-62.06631820878518
3.4362574470261587,10.212299550738857,0.7086437836771206,0.5936079900597482,0.7409129997142386,25.278050742768905,2.827474863070804,1.156752773248824,1.3891457118869477,0.7053748057262521,0.4231472233367075,25.899593266488072,0.18744430469387013,-60.95267093529039
3.431896708321195,10.194879804399942,0.9557759604512688,0.5933847404235753,0.7352189143061467,19.52841890315929,2.6873744262339785,1.2013664623852105,1.3329725354269575,0.7898821542676188,0.08752301303035975,23.482425693361712,0.19878566304236137,-111.52906916241305
3.4395243926875803,10.780801057255958,0.9393607797037804,0.6399494005498119,0.7736801362036088,19.43078583592186,2.883237650398506,1.217565330277661,1.2832211717262367,0.7492010620908589,0.465989866096315,14.119970516671563,0.20399518336323405,-32.631102224474816
3.420804865793934,10.80477059903493,0.9974048066560683,0.6155376880532802,0.7531683248142821,24.75803431362036,2.8758724261417674,1.305720895955175,1.2389357789007223,0.7535008818209609,0.47764987209612836,19.609212696249347,0.19112018097495037,-120.85651188323217
3.4322398275428294,10.171121153289192,0.659741391243225,0.6822724295015008,0.7035332738881751,20.49600839795889,3.247723160396337,1.1051770840120172,1.3677729613373821,0.7658162573789611,0.20996375326844055,14.268480360957321,0.16592839386331357,-41.76685976025293
3.407764271224966,10.773334937897047,0.8666158883582423,0.5711328395518402,0.7063276632238974,26.73334324957183,3.022889101877037,1.329359104437848,1.3081660126586399,0.7400658466280021,0.1254517447136343,23.00413049887853,0.19622879842782584,-114.8961403147751
3.4198572709197697,10.633483770811239,0.872269247638241,0.6348587577603335,0.7790655864675541,18.578517611170685,3.238820186335249,1.1717272111023633,1.1912720379570247,0.7020036693224192,0.2752905601453464,15.959939840031959,0.16206407133332768,-23.808121271143193
3.432890506171901,10.788562529684373,0.6777930478190445,0.6994638064623957,0.7114051921867393,20.385848241442154,3.079689921098253,1.2344298139059993,1.301879533596734,0.7608505868511652,0.3394085148920099,18.404334835506198,0.2050359107220771,-32.52188755130055
3.417720587231592,10.887213172229663,0.8524592371908069,0.6235347654957122,0.7141310858087522,19.073269803547344,2.9661273558444536,1.2759779493389674,1.1691693347834138,0.7360934265513023,0.4948036899940849,19.54354979152047,0.15855496162766014,-86.95917384777601
3.418701041101835,10.421234664882746,0.8981890344922464,0.551144783699366,0.7321256630015093,27.78991979069874,3.1843643883630337,1.2808039397141304,1.1983932361900274,0.7586647485490066,0.40206066089190073,20.851955584707223,0.16445276663415515,-36.435776265853136
3.411560865599105,10.899908241322917,1.025688474404445,0.6169921274408849,0.7047852870910836,27.552413883418865,2.707169286419353,1.298909572380324,1.2929472508280158,0.7799573068161236,0.08109354411085004,18.539918851334026,0.1717860455395771,-4.875335414477902
3.411315069275356,10.699157649864427,0.8773215509304928,0.5511747985271216,0.7736151737173008,26.68772238890757,2.9978114075954343,1.3849102538875204,1.2088993901411171,0.7749502355459215,0.35513030262157774,18.635466728568165,0.18183758642689093,-66.02242279702153
3.4172234701093593,10.076910873001975,0.6718099079042903,0.6277545872213571,0.7555953451270704,23.584587994350045,2.734221329928306,1.3005098899294092,1.14618826275635,0.7438531689444751,0.22898933166531443,19.57939764353695,0.21163605014732362,-69.98628287698779
3.4031837844802926,10.207328659637577,0.785141247577912,0.6609404765857488,0.7742631478016408,15.770001360658368,3.100665705080044,1.2623730480330912,1.37594754065592,0.7496558341772699,0.2948294541571683,20.601066849074193,0.18990814433018888,-77.06077014581555
3.4086626850318287,10.842201157037673,0.7880499251091415,0.6714258787772464,0.7582384153032216,19.232320966669953,3.1948347566226003,1.1496042406136027,1.3561759322647344,0.7056857636418105,0.32064377483691,14.161419594132404,0.19055743896768693,-99.77371129796512
3.4022109632402424,10.260393772729772,0.6693288901881544,0.5577591156599757,0.7537324479594893,16.437316075093932,2.9432115361315585,1.2236683866991158,1.178577720562641,0.7289261297343255,0.39996700378161637,22.617240724939574,0.20216124243880737,-65.94815140008043
3.415834806194694,10.444017986706536,0.9255209144702796,0.6922280564520935,0.7685819097532703,25.964740939967015,2.6557958269777564,1.3836999466537958,1.2287690706161887,0.7983519020486126,0.1285906632787043,25.466275139724317,0.21972768420652897,-61.037124889124726
3.4153457061353025,10.138463342337403,0.8042683859028957,0.6149656419558712,0.7162021145245003,21.64480044965034,2.6820148275549442,1.305999456708708,1.300846847554569,0.7623861633538707,0.46235447900196136,17.983668744170565,0.19731117421180575,-104.58499074149749
3.4196400530514324,10.366546265393557,1.01818774179991,0.5865252653968799,0.7175099499494793,25.87998489019953,3.103703281793559,1.265752930927821,1.158071154419508,0.7913270614295822,0.35485603039547814,18.422424247727978,0.21002891160591364,-13.28014819932298
3.439324083215743,10.471929159659636,0.9121145849935488,0.6837066461015261,0.7117831430690528,22.793321738675395,2.9137286448171866,1.3239686453257318,1.2968782413450026,0.7350067114093642,0.07636177079800166,17.613962482006414,0.17816985154309062,-76.99546939468794
3.42569753663685,10.833374624816013,0.6759175167025462,0.5489987904476774,0.7366219357723288,21.155814562520522,2.689133934316619,1.3513182679575169,1.3334735371244923,0.794784191714091,0.10423647767115078,17.40799450582302,0.2182505612016814,-114.40876446642015
3.427484981656104,10.886867952289155,0.885229187493646,0.553783988716575,0.7195449063654032,26.88817534815625,2.7547057777899844,1.2204513749809816,1.1308075850947186,0.7953012056523946,0.19231340437409858,23.64510825975384,0.17468035988076483,-99.09142803091557
3.4134715938173987,10.470975188857883,0.9412528592327448,0.6552612082124718,0.7109970482934576,21.097691246321247,2.679133801001329,1.2673966759202753,1.354359672178322,0.714667432185738,0.3114744383585103,15.213744296170127,0.21480968688076935,-60.73438981489548
3.429114695885774,10.64004411931262,0.7205772880587269,0.5508642467942458,0.7307304174143241,19.20512506245191,2.7982996239660296,1.1123538916297913,1.2426043415428434,0.792355759183273,0.48857414442649133,25.549241612508787,0.1657313617473805,-16.658732844369695
3.4338926997309476,10.032351439997221,0.9681622390396936,0.6339482860221134,0.7363041053350821,22.703655835799584,2.8173222291892053,1.2004473486480651,1.3405743049713006,0.7504371012265362,0.18186055979461704,14.872980460166938,0.16395793658550445,-81.76789473936256
3.4378873083949046,10.224119928227086,0.8166768475396013,0.6196325416203835,0.7615113806085044,19.850876193924478,2.9466946009053134,1.176727157346897,1.2652842876409165,0.7294447982334775,0.06630271225255834,18.776379296047235,0.18100897180071784,-34.77192487408843
3.404406231068764,10.828908737061344,0.8736442164790738,0.6298414333407347,0.7017331651473742,27.866921971720657,2.6767543335176707,1.2906130208652045,1.390965687432295,0.7508907175668912,0.39053082028158503,20.631164683814582,0.17228830933959272,-54.4861425127973
3.4083756344257523,10.558132909406629,0.9184550903360869,0.6577037910070631,0.7145148691294515,16.34225313237655,3.1378111333451457,1.3330414300417182,1.1348891640438814,0.7117315779373254,0.1954234869550854,22.757575279710437,0.15540447366654103,-118.52376182081765
3.4266507152804957,10.887071545235887,0.6799273429508375,0.5719163365644796,0.7050126378457123,19.722743966593313,3.232454139289801,1.1256999459865642,1.185895456482956,0.717349372445719,0.33643353807099874,14.609442659961791,0.21801431695031087,-56.84175358220091
3.4081871560365142,10.045905949402398,0.8081667209414133,0.6193952211468623,0.702842300812609,24.6535199151199,2.852663103022627,1.264721310000057,1.2089584779063958,0.7970744156591262,0.3400756056385448,20.358630240771106,0.20051431884304902,-94.47238529474359
3.4268760533758704,10.864458244764585,1.0247377047560091,0.5645422940687024,0.7613265514389449,26.35011640278109,3.2671717255080344,1.316158859573647,1.1396868972230263,0.7552528769236506,0.30704341528494494,15.111281413326926,0.21588670681940736,-96.20967283328122
3.4198127189257392,10.712565442690053,1.0182225830741511,0.6864396236944348,0.779420675048384,18.407514314422464,2.7712326052854688,1.1522432973003751,1.3679510833278128,0.7561722386200648,0.1658415266804941,25.61930279863539,0.20514157289996376,-91.21349397488967
3.4005900807565355,10.748756179908359,0.8182087511392477,0.6241866435899089,0.7552568550556449,21.962486386217904,3.186321090946652,1.2936558015925108,1.3534327500569392,0.7522561345925873,0.22701160785023164,16.205340636712695,0.1693733191325422,-31.023642377908402
3.430716303490424,10.577014473789797,0.7845555029635236,0.5743824842812445,0.7232870982707358,22.495000184185752,2.8383069630103073,1.3472636374552691,1.254659249808108,0.7056255067002531,0.39218729636477845,16.811325526990878,0.1900196827318213,-13.827699389754855
3.426524971319608,10.518454083866258,0.8035054751310878,0.5486474526534911,0.729170003045522,27.040491028186494,2.9762407905602237,1.3967084118103912,1.1676896566786308,0.7267332829425007,0.14580075147205565,18.637184493373965,0.19709149944029858,-64.78693772190725
3.4287890543317787,10.580564941781374,0.7281945209032009,0.567134206947958,0.7607562377161161,22.065917980674932,2.923575066287723,1.2700344672915047,1.3567309056490895,0.7580562824309506,0.3924487022254741,20.265534206296522,0.18056662408789287,-120.81663414677854
3.412038770228612,10.837274183589408,0.8409922938636767,0.6258778350418385,0.747539114768133,16.48272969899826,3.2187917106669177,1.179738733349396,1.331322943728256,0.7296987892816532,0.40885737130918165,21.742759383343184,0.19836806224105197,-24.769154385075552
3.4358062420814304,10.50293945531155,1.0046120210605913,0.6956362346230103,0.7189437268602729,28.28222232855663,2.9155365806371067,1.3505430725007996,1.273519139682995,0.7024167391630848,0.22269180099627375,20.283759211474937,0.15621511969791707,-102.35622240735582
3.437821442880629,10.55827203697467,0.8962616932878791,0.6560689836784226,0.7413408635093113,19.42319398226114,3.1956726952639913,1.283844082402996,1.1964083844450997,0.7416334359724402,0.025764922567754964,21.86155268809755,0.17854007500912947,-36.9862407406644
3.4233803034621886,10.251418257806534,0.6616351718949552,0.6588968506674073,0.7619869243990405,24.612099869953155,3.195962407427879,1.2147360447168496,1.2667403628916238,0.7565238227880768,0.10403527638540798,15.25813456390488,0.17538265409953985,-65.43740263099485
3.423882476220032,10.059851238590092,0.8611112353889303,0.6713750547162054,0.7773891065591547,18.88989007948793,3.268369631130097,1.3841437649312285,1.2261548325117095,0.7156857258491497,0.44457513802730186,21.108231828145378,0.1866643199660735,-19.495780583401242
3.428705673307336,10.787838617946228,0.9240781426660062,0.6108924374071611,0.7635786943985731,23.564808026843515,2.760585090685248,1.2767344568305903,1.1930274274030044,0.7026746550970234,0.22669825926551193,17.3864218972849,0.1617160879153909,-92.03108308863717
3.411414043332004,10.750836917907076,0.9545914407305323,0.5563362135719624,0.7773335130718592,16.480898299928953,3.1743730776559875,1.207158772353721,1.2407593571362818,0.7155225511562023,0.383018206727659,17.93123128972448,0.19691553301075992,-111.28049471314165
3.4161489383496697,10.16477080550902,0.8642215401513356,0.5883766479008204,0.7572352623581708,17.28873717581378,3.2617614179283634,1.2624564942719683,1.306726916907892,0.7540837199164163,0.44397727302645357,18.177190526979217,0.15550250050708486,-73.03231929846993
3.419233422526903,10.565247236166403,0.9754546231920285,0.6673850765431347,0.7676027833079035,24.391831789128368,3.2509440098427014,1.1886556769228867,1.2847255240206927,0.7046889441599915,0.2622766732860207,25.34040438851533,0.2127540645602219,-24.44692396852922
3.432054203337819,10.373288142402872,0.7866570751747947,0.6185704136989156,0.7797911103604229,15.882120184540822,2.7312523378547913,1.3883304839547106,1.2219695851763583,0.7745082501300837,0.40337699020228823,19.044070161026497,0.16350393261414764,-34.62291868923141
3.4158586798207096,10.01891321083937,0.6712776589319199,0.576290225679761,0.7237725645290952,23.258459718199376,2.807313190884983,1.1940190954387337,1.2098763176974712,0.7926867752446268,0.3425893920075121,23.980407855298274,0.21235114630697646,-46.64270642897415
3.4028927621363625,10.281952501282383,0.9447025131148883,0.6767299880029711,0.7786737503953918,23.168631721170623,2.6957659162923675,1.1590302895031104,1.3584699082384668,0.7151851907457821,0.27471785702753776,20.926440879514175,0.1782844006079217,-60.65246085636093
3.4109960873495897,10.052207705971943,0.6832352794785028,0.6992524837903589,0.712451223017113,27.802293598065752,2.6740480832610287,1.15751235463102,1.292537094365246,0.7187841184649024,0.2463717192939108,17.987671957340215,0.15822903133985852,-106.91699720253726
3.402763531053402,10.378427194298087,0.6642885904375126,0.6198668548063697,0.7010712218920381,27.003121955501214,2.9243618954693282,1.2290660109493146,1.2016148346753612,0.7005274655514087,0.18678677812721417,16.831564566385413,0.18989748554691216,-91.57837250709602
3.4076173997793546,10.2122088970713,0.8473059722646874,0.5959837734697658,0.7261390643920584,20.168094239830793,3.047936296578622,1.234556824571841,1.2909007055117476,0.7501931654950028,0.044925960784594904,25.981308336750867,0.15981158754231475,-47.30071289929897
3.4138198675155382,10.46993906112195,0.9990584157008174,0.6483847018970658,0.7203393962157304,27.549433754047357,3.1433478425816297,1.1243431534879695,1.3124600740698207,0.7439686944537531,0.23166356035710525,16.731756333852704,0.18158867451212435,-9.888767127074999
3.406864730163533,10.641268348201615,0.7143437235697506,0.6278197249206593,0.7327209390813566,16.31007786602573,3.008577450964071,1.361205699100095,1.291159566558581,0.7754651063553532,0.3491443967060846,15.023407002803262,0.17116327665451453,-84.45427476803295
3.4150938013663237,10.036386497155746,0.8238488227643235,0.631604684626508,0.7232772842935725,21.18549849087971,3.171776148321153,1.1641676915155972,1.28244185228521,0.7896123000923975,0.20017044052817692,24.35413685707248,0.2105978765082124,-56.27931733360006
3.436105678793241,10.39295527361201,0.7108850528047816,0.6095306648856178,0.7016142746117731,22.09347808586609,2.9050497651556366,1.1108911884051398,1.146491214824271,0.7418687043947089,0.24352411939238974,24.05895355632482,0.2109452569252576,-0.6621398606601332
3.4076484653507375,10.84055330157455,0.814679818126504,0.5405913507470667,0.7672324876756637,20.784293580433136,2.790354430575271,1.2751800797705413,1.226807075696225,0.7991777989879468,0.3847625192113817,17.95786797631208,0.19558267934635493,-10.119210577322917
3.4281071932578464,10.827743672245427,0.986217379830999,0.5634188995842013,0.7222020907980629,18.819469066899405,3.130670679241756,1.195199495338251,1.11264023385006,0.705128061868026,0.48437761979374927,21.12639415070795,0.17364014312238366,-9.701206924456415
3.437407682639549,10.892415143815516,0.8580457880294965,0.5529711124084864,0.7612319776435389,16.180217953363474,3.038547298795149,1.3581514642586452,1.2693186262993321,0.7026899390064241,0.44473722078723665,19.42276486926682,0.1576240648815338,-68.48757622357611
3.4268945750906092,10.888780630570231,0.715911858709703,0.5899890315719736,0.7184119674534112,21.215092369830025,2.900002122604759,1.240387858947936,1.374890940686761,0.7394300458739231,0.03783886391879316,15.534642929300137,0.21467287187348816,-107.67079700394946
3.401410500922074,10.173788909871726,0.9547091954096029,0.5862623088912527,0.7728684844084484,27.277793734170572,3.0905371536476176,1.2672534464531244,1.3999016269361995,0.7601892344446444,0.20756474457416643,15.57335887574408,0.21690016054141736,-20.174634430917692
3.415120569146212,10.196053898480077,0.8775312010359955,0.6285280468088299,0.7348684656293972,18.337524798073257,3.082041750231351,1.209798685289827,1.391531642672288,0.7551001934593242,0.2735484235151727,23.947299723518526,0.2119732675751264,-9.734948386827114
3.4328618063102545,10.881095060765178,0.8564262735706598,0.664340048725381,0.7052386231288689,17.101148627158057,2.890503138588082,1.3553234454788892,1.1181287638311939,0.7219450135975183,0.17528927770777963,18.326819844862282,0.15932852500962963,-104.85971356893533
3.439411188428382,10.198971930345046,0.985899916069217,0.6230920514581151,0.7579004016397037,17.019636882859622,2.73325315573078,1.1876325588126828,1.1263664265485487,0.7024607340228495,0.4252565138856815,18.744569515259265,0.1947533098565192,-13.159143585465756
3.424988870573655,10.514337186708909,0.728766729012322,0.6734871138726143,0.7157418176539493,25.158833244419625,2.971548737178023,1.304311552927387,1.1820804393834046,0.7723448973632104,0.07893331922743352,24.70665809036627,0.18938741222566538,-101.71575857032575
3.4285551181085916,10.655648390307265,0.9586917039896564,0.5465521741938344,0.7745685954121325,21.661002493589212,2.9319617243079827,1.2789177720560105,1.3816974739398549,0.7976452021758503,0.17999006177261087,23.852102834110458,0.2000736998340954,-23.479940882712356
3.437786193916742,10.675057623336295,0.8065104966754747,0.6275305346757029,0.771046172953369,24.300459723389604,3.109001465703665,1.3690893612000874,1.1252219208323615,0.7357410446171493,0.40296674892404477,22.26359883577021,0.2103199291325047,-27.053702976548877
3.402558119936997,10.120225837735578,0.6610277769076,0.5742537438142488,0.7401999416694267,26.869736606939163,2.860975480754921,1.3454030203599927,1.2552498339256326,0.7172594419774699,0.13436792010551205,21.86589552430639,0.17727226948295466,-87.49690915029382
3.4071380616983653,10.550935722319956,0.6945781403486747,0.6916044452567496,0.7051864691301929,20.925450308406095,3.152766025644198,1.3397740663899431,1.168089253384125,0.7381517255866554,0.44652524506750674,17.92246583509499,0.16085519719225302,-116.02244381590268
3.432763871425809,10.342112099045508,0.8760428649324082,0.5922497518469693,0.709455981473908,18.739851233265544,2.848960623569317,1.3728436976681535,1.2704338800261565,0.7278141158937694,0.13482316679696518,19.50596867141168,0.17701286709812597,-88.32021714576203
3.401726440349493,10.875943134285038,0.7165424191550201,0.690702137417541,0.7575876901201917,15.6706432082747,3.195803252008618,1.3246327103565982,1.1123927629270778,0.7699067625677227,0.321647201420607,19.145915804429197,0.21527902631993928,-96.04297398233001
3.4041580847901702,10.258135402070872,0.8135077669792941,0.544478309459533,0.7496078093309971,15.817209496974625,3.080307025195811,1.2821890595194008,1.3619111606366632,0.7914555252701968,0.14685444506595732,15.244275726727025,0.21863099316333534,-43.71545544237695
3.4365841630689573,10.714379252780962,0.8531915918247069,0.6240579679223195,0.7206754055859758,24.47311651856202,2.944348701522051,1.1127932250091945,1.1092821900912337,0.7357161510874181,0.43218774528959397,23.112446598691175,0.16354305820335144,-25.25742145385091
3.435223867188685,10.16328976527898,0.9327685142033346,0.6351238233234333,0.7676892134507686,18.131571435051345,3.188234577216289,1.1443655177130048,1.2498193836501155,0.742823057854865,0.3735494012102011,23.904515060101794,0.18139178534961187,-59.37260350449128
3.4183901851816203,10.376762580070853,0.7481214080742127,0.6672879298637225,0.7438749359670174,20.04614514664734,2.931156050992601,1.1819781197591064,1.340203189968765,0.7413533472660777,0.2368470086333175,14.737742763799814,0.16775238504227968,-4.315492023968176
3.414036237339205,10.723529127369611,0.7325235139642171,0.5585870121434698,0.7239341114438997,22.464783900938144,2.893349834131711,1.2849962945214701,1.138271493431625,0.74177450698935,0.23509993923445816,16.90334558753536,0.1645844585042452,-6.9743539293188235
3.4064891282147927,10.68748547881739,0.6742956300172609,0.6247427339015585,0.7261806093767011,22.337772399035202,3.070933529333233,1.3062583152519815,1.281012494388624,0.7630936886843358,0.42705058940513474,20.40054325557391,0.20592879731443037,-41.95720236858298
3.4382871534711317,10.404526267295655,0.9817913879269997,0.6411085585890082,0.7658013005596556,23.32589487495484,2.8964981314677156,1.1958453119986903,1.2759889239111004,0.7525057873783687,0.020618044174042408,20.993383656910012,0.19944298089769907,-69.51499952706428
3.43857821511471,10.322375752446595,0.7773254523063728,0.6385592437089554,0.7757675059127004,15.613082887102053,3.017883239491952,1.1872393170362598,1.2561700909465163,0.7637047934874884,0.020684196582412946,17.224161289268082,0.15523406373401666,-30.637245880686365
3.4005476912866075,10.17744903890013,0.8189905269844557,0.6096778022496392,0.7511659225011338,25.841697322108104,2.8574887766963815,1.1519234821201618,1.1440633040754125,0.7892194582381297,0.08917192145028682,24.949644419833216,0.1582645120071591,-33.754495114818184
3.429144258715146,10.157206499121328,1.01905698465121,0.5827008593259595,0.7207785901401991,28.039809213765462,3.010871796317102,1.3747763127045065,1.296297672876572,0.7105219334946786,0.3760649415287395,15.190548247155185,0.17495408712420907,-50.52495550642193
3.408041309792228,10.464384700984018,0.974452494504372,0.6137983377781798,0.7216628054335189,19.28651230883382,3.267374413441924,1.1187184355343343,1.3896601269019535,0.7767831808252245,0.45657675034398537,24.872193888211708,0.1842274956475411,-62.07620448014752
3.4358930680239395,10.280055753134873,0.7458161199374053,0.6099522988045506,0.7502508250008976,17.056635256225714,2.7600064554488526,1.2752292843894428,1.2847665185490722,0.7569122070696145,0.4621176415984816,15.444255227267142,0.18413208785902507,-1.396718568171238
3.4094773621238423,10.096925287103677,0.8282953992530186,0.6208617206916658,0.7570247830536168,15.81344722726951,2.910135099981898,1.111373823446509,1.1428301511113212,0.7716776775320723,0.2485121070141066,18.785741144015997,0.17369566491225744,-35.37988858218149
3.4248636452552064,10.863459742001389,0.8780692038418835,0.6724136528754401,0.7268590060298743,16.455881822800556,3.2235811917790103,1.293228251541854,1.3458692321268528,0.7692316143109271,0.3812714555142719,24.404773928537693,0.15756661047702494,-21.848651112781255
3.418478532720006,10.653144310652747,0.9662035723860507,0.6765097554469004,0.7395273458792826,27.957798489378884,2.915071308574893,1.2659747436118074,1.361602000983189,0.7615068524458668,0.0023928671076856732,19.485738218119735,0.19257654478964176,-3.2332445673188914
3.4287321515147915,10.133013430184876,0.8746489651782074,0.5607510798252952,0.7649228281865166,23.89731559269912,2.926678143895678,1.372268851606405,1.1765546753382046,0.7202473824649204,0.07095375712146339,16.77642960480158,0.1572875727670303,-89.69946488275596
3.4363136992069716,10.013789028576312,0.9236855937742321,0.6066338941853625,0.7351800980031583,19.10355869237037,2.857429485303379,1.2201427161145215,1.3578336199317982,0.7328400435368154,0.21201554936725475,15.360163598471605,0.1837467108939644,-103.79165184741737
3.4047074594114517,10.249016172319793,0.8200321201183798,0.5634315307584958,0.7782400278888395,20.689795773415064,2.7674678128896635,1.3073930602259711,1.2554107472944844,0.7985867082984781,0.4467399067419285,23.870346054457492,0.1518634523459925,-71.06600481575008
3.426050230657645,10.831061315612061,0.7036003350618613,0.6283709374158927,0.7725763780170135,18.022042611321233,3.123432993714517,1.3468473649037824,1.3201450583308607,0.7141683870752329,0.008754431706632463,24.571888615558827,0.18650072713213411,-66.42968293080298
3.42415060784052,10.656275972637154,0.722802705323479,0.540044937635167,0.7389718105904164,20.476878875323393,3.0924233334758173,1.3209145954434178,1.2917464352130554,0.7125314471775086,0.3871409881527657,15.90800088144225,0.17033937925039766,-52.72749387198206
3.4142420379049234,10.84376117342509,0.7303228043228301,0.6521829508913418,0.7798151698068443,23.537034858807125,3.0402217037106394,1.2704444097896312,1.3560446376002921,0.7387153187519753,0.3318708284501532,25.810525103649987,0.2162351391644704,-95.40901445093621
3.43148899805009,10.203643479329278,1.0020736421459024,0.5898416547382911,0.744350570590876,22.795800663176934,2.857122085634646,1.3912972774810766,1.2774690534762727,0.7532767040887396,0.4646625993371663,14.399128966632698,0.1685107190090505,-91.83887817954064
3.43906884290136,10.63515043795649,0.9797094353520903,0.5497517805543239,0.7456182364643886,15.72254485384018,2.719707395988528,1.1685214813604305,1.295125701384781,0.7135577978013949,0.025477365826796997,17.704833379246622,0.1503509271989346,-85.02884903333842
3.4353543229562344,10.688060694849325,0.8829879907329609,0.6046913354489755,0.7628966601646293,22.47276024220953,3.129338470844325,1.240336750695691,1.2492415853204653,0.7034872617444652,0.1004129408517622,21.673025441132918,0.16645938982053304,-108.29215128179277
3.415300708008757,10.668436704925275,0.6683469649283605,0.6818559429380093,0.7639332803573443,23.30459999054006,3.0481900011754233,1.3717927938485408,1.396491990946067,0.7370643536610326,0.20031099317655313,25.54043036263569,0.15474478059903513,-32.99789626396216
3.427542331812738,10.76723712129473,0.762276026975066,0.6322238343670038,0.7311694729951804,21.7576963231744,3.2568192920193084,1.1989204995864124,1.2514599064261058,0.749331012215863,0.1859583870799004,22.328225232796584,0.17091680460916595,-80.00341262474646
3.4106305706507754,10.026848372835829,0.9443711605180862,0.6178338630779915,0.7509853447885504,28.150299122547516,2.763564208941419,1.3634806788389677,1.2119312581664885,0.7569092720695134,0.4780333843038397,14.736408056784349,0.20817074318592205,-28.052825356559538
3.409279359548131,10.699368224725822,0.8414080126385471,0.5595656338404492,0.7314037733456105,27.538098003447768,2.839317282564406,1.2784223383988251,1.353180840341175,0.7964537064554849,0.11454068289269809,18.301446361964064,0.19121560177261177,-12.720482570161266
3.422504449209697,10.126555927186908,0.8141272236655909,0.6185076421944868,0.7128328536191845,16.175446639797208,2.73617079424912,1.3278620213001595,1.1167750019806206,0.7751335964520513,0.3438922675976988,23.512138438724644,0.19278846288367504,-23.860737877703002
3.430571502220005,10.521120568361164,0.859960886984668,0.625165676655488,0.7344500383837238,21.589362958724998,3.11373874289354,1.1871812786779536,1.3830296957720725,0.7089209274224116,0.08599627889078079,20.560179035295334,0.1530611947727855,-113.22834923950523
3.420003728682047,10.347199317199811,0.887698779140344,0.6472440036246955,0.7470677977939144,22.058157471881927,3.208049396579495,1.2744807450601394,1.2371841237541867,0.7703955593707649,0.3641918157018133,20.266535212166225,0.19791899886352524,-102.45640588771244
3.4171135668762314,10.04922432078084,0.7516204508269495,0.5843372113214246,0.7740108782398053,17.767706913016205,2.6907207520615053,1.1699652521298156,1.3058281354210564,0.7166304239592699,0.30137132364329117,22.71325987414138,0.21002309357231286,-97.2715520764886
3.4326642680279473,10.670100956812478,0.825456757833587,0.6363583367338502,0.7450940052565164,25.032064978146444,2.798742172946593,1.288913088504818,1.1722427070801966,0.7424047485204389,0.3407171106363019,19.17722668250927,0.15905463594109767,-6.0322491837357575
3.422596251650636,10.77125848505193,0.6923008352009424,0.6732770681745547,0.7784092414484036,28.099855883628496,2.640317307204867,1.2363160395729065,1.1682382999174683,0.7359596179390812,0.17019292941743402,24.55300999778887,0.1634764518883816,-24.783425269648006
3.424784478796474,10.784777194507999,0.8849716689129751,0.662847428812072,0.7382962686014898,20.069092353346903,3.027316279653039,1.1855821934704915,1.1830057902393447,0.7845842903203388,0.46150886232886285,25.875299507494027,0.1618562102699623,-56.52402519926693
3.4051359185326073,10.330017178780091,0.6812075810009337,0.5907896334120224,0.7636745980417463,19.47623704168156,2.967604250414148,1.387650204019819,1.1931022740603312,0.7555806347930037,0.4739656516189574,20.393394959522162,0.20877885508017222,-33.76949862491499
3.419484576659029,10.758596049634637,0.7072532223802044,0.5448413235512682,0.74282958323709,16.55503454631976,2.817684762827817,1.3277912404874994,1.351003238999167,0.7711093742620487,0.0007447816331399337,25.054719958291894,0.18235640033129055,-84.92694490741692
3.436297386428851,10.89756083587939,0.8273257285795553,0.5923270590265393,0.7688288963554248,27.16005319267016,2.939552003003612,1.3821473847164247,1.1453723323956706,0.7694491405089265,0.33424024300064764,18.68370158304418,0.19620689430862537,-39.6058805021616
3.4310502463379238,10.075064071226782,0.9037072972931641,0.6967011623126805,0.700345839886517,15.408300990208266,2.705327873269313,1.2150721592558311,1.3805690726715967,0.7415390340951995,0.08455109260688247,18.552273761545916,0.1719794560657783,-75.65862786794524
3.426013078557989,10.014261217056662,0.8637283260318658,0.5445387570783039,0.7793906125223505,26.84058072872123,2.944192323989622,1.1929027292504035,1.1380334935259397,0.7706776985808743,0.4187637459017449,18.00639043121707,0.19666189698972802,-112.40177808861141
3.4201313555949855,10.835198102937396,0.9704312334043695,0.6975843226498397,0.743658055159685,21.86426616084323,3.018138662979748,1.2735498099363527,1.376820412194213,0.7387089974953951,0.30183483532469535,21.562909509399933,0.17516023387885726,-33.98418098180913
3.4320979730657406,10.852495556653972,0.6911290560985311,0.5533737786329708,0.7374726837438531,23.95645222056055,3.11159279540235,1.1430086676446278,1.2851273642280767,0.7556731441680314,0.213655098960189,17.29359151325538,0.15292573496771522,-107.63537396842437
3.409796253014841,10.749932362626165,0.6645822783461073,0.6927958687813853,0.7352642419971204,27.40188448812925,3.027601621620418,1.259733940265024,1.223679905098815,0.7517919927499824,0.09516652061013661,20.725438012009096,0.17199532843683618,-51.51357003830208
3.426024088031572,10.121880134522023,0.6648426933961336,0.6492963968142367,0.7319727612029304,19.998556199917196,2.9117872271998237,1.326043916556628,1.242462154075357,0.7513845123919546,0.04071508728018982,20.37932581249789,0.21055144616530833,-65.22217820624854
3.421088939678664,10.88835938890511,0.9261796371703647,0.640293263320668,0.7528503559309445,26.40508439934233,3.0671242608733476,1.1158685197369826,1.3579756407359629,0.724038566144819,0.04834029536572671,17.74619763432998,0.17121935194073776,-108.71650392029018
3.43041426857088,10.655684718728233,0.6681310376788778,0.6463812658643697,0.7273305618781272,26.27327843466564,2.899494957895024,1.3277175938751036,1.2767528382316924,0.7668787974286823,0.0716193465176291,25.490867222638713,0.17243182109842875,-25.464774161866913
3.4331560351065606,10.805748948335658,0.9147287522809948,0.625653891413692,0.7411423553978629,18.89894697483724,3.149134734604478,1.1964488212609978,1.3029349742422354,0.7033949677538234,0.4376798368209764,17.47865216764035,0.15200926933450448,-103.77927775001669
3.4080465284720622,10.501748332895582,0.7964498488349555,0.627681010747713,0.7590490815361597,17.113465639573164,3.064409272517468,1.1484228223814374,1.2710123024687279,0.71008812746513,0.17072094448775418,16.600834320126673,0.1579240667264872,-65.08730939287463
3.415934871590704,10.187295385156766,0.8080169156040776,0.6834931306561677,0.7231641191141424,26.240651494795063,3.0357208392699038,1.3548310625734805,1.3499147424393847,0.7212042278279989,0.10863327876602606,22.50022271069084,0.16494120130261797,-94.7058109453648
3.425988210639992,10.1066751889931,1.0217540505611264,0.6691646762239715,0.7343032772170788,18.2803401384749,2.7488087202692157,1.3097395835315078,1.2890629282381716,0.7181684092647878,0.3237480030127971,14.782214834322678,0.15188288222728868,-79.69901514457726
3.407510439094488,10.183031927869814,0.9798090616885481,0.5449948994260253,0.7725495484054252,26.61778179717995,2.951865882097343,1.1382192398002993,1.2304491566199207,0.7442495872202802,0.0972786034440876,18.924689567263016,0.1643113783536597,-64.27133381338484
3.4036850431650008,10.170741280044227,0.6847775192832934,0.5877039843802853,0.7618331000612103,20.263091029514804,3.1414155987102537,1.1753975254390967,1.1996157555962725,0.702515241641693,0.22282942247448892,17.52196209615567,0.1823503669478048,-9.314856620209028
3.4224393453744706,10.811519573025816,0.6589738492584728,0.637951086460925,0.7390966040834996,19.6132812257854,2.918717920982413,1.3817228664769718,1.3415545262493154,0.7419528369968666,0.029952988921243845,16.251272274796612,0.19166950236833794,-84.64718338698012
3.4302483125920453,10.54607415629977,0.7014498124380939,0.546942837227182,0.7098398901914494,21.60361764127113,2.8355217768725196,1.2863590768273272,1.1785409410092558,0.7567673925037398,0.33705199444224293,20.58684604255523,0.20323005268813385,-82.23057730319778
3.4209404826868206,10.749776728663669,0.9635265871116052,0.6489834484518202,0.717543961261269,23.979132942359406,3.2272791518306527,1.2007812415847101,1.3535058962611168,0.7853788989077352,0.328411205838451,17.411498914731602,0.16686342753468064,-3.107276967700926
3.4011198390659363,10.237127995747873,0.7556316204208466,0.6332854524124918,0.7511424146959563,17.796715727841054,3.2616848901035134,1.3053376216492405,1.130317037499795,0.728789745737906,0.1009091956794522,23.322570631091104,0.16053717867225015,-30.867108457016883
3.418767160967429,10.039963183329448,0.6922134556139485,0.6634330773503893,0.7023526194090681,24.377908201910266,2.7942169225278355,1.1416570059887379,1.2279830205471862,0.7997164492235964,0.3707152860704511,15.975177585019793,0.161461167755606,-105.51685203800915
3.4172109965356943,10.475470849469179,1.0066988122959155,0.6863830067504686,0.7614807610832995,20.717218350579213,3.1495042311560906,1.3864168704073883,1.114071733738215,0.7928050263949149,0.409630835328364,16.233453063466946,0.1552677238168077,-43.69736033952675
3.437352833243484,10.348174192802396,0.7770194344823972,0.5843050180729721,0.7770433290609966,18.881685356062675,3.091835410041867,1.389145655930783,1.1098623531402754,0.7176514351384794,0.33878986441046516,25.389555247592003,0.19034979455487766,-44.99634117652124
3.4115142285343447,10.110644042044193,0.6754510243008369,0.6252384271233737,0.7085148661821565,21.9985497656686,2.6495748650264637,1.225052661206627,1.232015046276414,0.7482034124095477,0.03087210785094856,23.38609452181985,0.16095896475805782,-79.09640391284907
3.422245753638516,10.45141157058596,1.0092728488178486,0.6449465873342354,0.7722254108150088,25.00395492472901,2.8033306878886974,1.3465987207884196,1.2831630816990716,0.7808719834406294,0.25487469567216614,14.61189893838886,0.2083150587849237,-19.582832050921652
3.4032192240788572,10.634459612814931,0.911694915413225,0.6916266407807792,0.7480872481883768,26.531217826991615,2.9749114314802307,1.2215137140483863,1.2733710813873191,0.7202952239862913,0.16978375489320002,19.67000430901829,0.15694303620112177,-14.256116070922175
3.4018812672108854,10.379232262886068,0.8550705593890625,0.59700158166343,0.7176601928997762,19.52653306421371,3.279654526179422,1.30250720512378,1.3662351070074614,0.7143888085882073,0.30975695886449467,20.64132857641343,0.1544002880295348,-54.25420638820934
3.415694386123658,10.845333130683283,0.9080775799295655,0.5902209542352214,0.7123772549696685,27.814442610668934,3.263324786453756,1.3540125918093675,1.2042049715706773,0.7294930916729317,0.26863641410926126,19.01412304996979,0.1797168540660657,-109.9000326752165
3.4341759191341477,10.635707334856884,0.7498272576732379,0.6558138147527774,0.727855785102738,20.05902558218737,2.8057945801186714,1.3050036043351065,1.1822949097288609,0.765728545512524,0.046738077804494675,16.85646432792711,0.16971304130053882,-61.81742025549477
3.4078864359174887,10.08080566224468,0.7317546427788354,0.5594606561414044,0.7362992346136461,27.112440322987588,3.0481196906544166,1.1379389798358395,1.2842544712871415,0.7940181909249474,0.43708562438461784,15.264419232571251,0.18443682737015404,-1.421303363855614
3.405874368382459,10.328017787987461,0.6705806259961852,0.6916655217683152,0.7299034504400307,26.67291243082834,3.16089330590523,1.3440858813817587,1.28579763261334,0.7194709797815593,0.30284084522370225,20.19753833651066,0.19474375780199912,-1.012233229968146
3.4358310217832155,10.64934793874519,0.8625261089030609,0.5871113945115222,0.707029663925373,18.32543003078048,2.87234629028232,1.3488582942176601,1.141228991091417,0.7847586086195906,0.44859712507926885,16.165218278545588,0.2066268919637974,-107.43696381293095
3.412029572243211,10.685626925285728,0.7248977583007474,0.6610530455682571,0.7657178927663987,26.116681740200125,2.863330686875342,1.1109429220588765,1.2047658222200688,0.745735952278785,0.44800486546674495,15.29931124516474,0.20089722031742813,-53.52700721578104
3.408962575763143,10.299333889190391,0.957971422347873,0.5900696404061699,0.7654003226670509,17.91363472694701,2.883423275773746,1.2692706197741574,1.1373724445293865,0.7434378221416262,0.12069588324660441,16.689399570893052,0.1931347072444689,-52.4007535721161
3.43848340580411,10.32458077405068,0.8432863024210056,0.623071938974293,0.7558591659395046,21.314434211723494,3.242877727456345,1.3775444950030935,1.2388273451936755,0.7223508999394369,0.36236271952025684,21.370458336424754,0.20294238346242918,-120.14715562448316
3.4092671004970336,10.732704129981228,0.6945210427256054,0.5542521475699934,0.7720936213455925,17.78647392919015,2.9349254933492963,1.3193523600892698,1.1242352710173036,0.7774963511748988,0.3840016139545076,20.940402237716956,0.19171183180627455,-59.19719311537047
3.4326773066114282,10.544061789879285,0.7865580826289762,0.5653418128253225,0.7661081261917129,28.31255372362402,3.081827065110694,1.2882367773140586,1.1802085672097378,0.7486851913513215,0.2065764136229896,18.384089238294614,0.21518815076525233,-62.76402721844188
3.4356320496480195,10.534883497196146,0.8495192079568225,0.6014767066658233,0.7066053268287035,26.804743820987646,2.89306484907794,1.1966965860804435,1.239658557968379,0.7042289060623168,0.03826364599355119,18.890126312925545,0.20780366892947952,-39.71315622066662
3.4041749195809072,10.600323109441323,0.7196168540669797,0.6906335746771223,0.732439766196499,18.680270249009315,2.8458610630451293,1.1730964232519914,1.1331708829717808,0.7568447350337651,0.3705831355198467,14.053889735628728,0.15798760776476106,-119.85928014990124
3.421939836075306,10.591245933602215,0.9991188695588223,0.5803511806490381,0.7246978465467663,20.468437548860262,3.059869936238252,1.370599283041734,1.1808772133247187,0.7265261735440213,0.166744103866043,17.475702765042577,0.20437661437315446,-82.74007497842162
3.4002137190353787,10.607961694286175,0.8743610263983322,0.5780196167367787,0.7308715883165097,16.55083287764259,3.116474903098771,1.2501793213782815,1.2798000759764085,0.7510036220340519,0.4455419726125822,19.29975895425742,0.1711190495995321,-69.93111476981943
3.4329308020246825,10.66955564373151,0.7276873215211119,0.6150068663259969,0.7001675144777121,20.90423433991461,2.7344111898339696,1.3081775422873982,1.3904220781121635,0.7869883606177202,0.07690354560585372,23.367851188798998,0.1788836100466041,-50.421637201833164
3.41396034308363,10.832714076499496,0.9111311495126386,0.6706986845592877,0.7751775262377395,18.856557788948724,3.0193261619305725,1.246359152075188,1.398742515871891,0.7830477418493443,0.07425241458479985,25.932077335359516,0.21030284989950304,-38.15190119184929
3.429227822491151,10.082472666366277,1.009359487332525,0.6736377944703633,0.7079055155628897,18.53285275059158,3.159999020580503,1.100886043378136,1.1731588119567575,0.7610613015012908,0.030929110969644017,18.773933675010657,0.18712383479756006,-7.8859462476494855
3.4108716116395557,10.462812540258929,0.8961576446751531,0.667334983204275,0.7764879863532269,22.93265516553454,2.9949411222322633,1.191009619242514,1.3648941908364018,0.7672496141798327,0.16922980317945788,19.797037483568225,0.17397743966844703,-119.64099584086702
3.4326833340720597,10.896732795416597,0.8471231412837931,0.6742443565210265,0.7054033749433374,18.288434900505724,3.1612076527983435,1.3077821387420723,1.1893628400513958,0.7402062864867236,0.38225781224795363,21.12237222589807,0.16968537992839092,-69.06806663604814
3.437520981533571,10.401624910389236,0.6525916629489986,0.5449897441081875,0.762105999586839,24.306351216709594,3.241834565696588,1.2469375317853086,1.2111969678112997,0.7636968995221525,0.34677257072298,24.064562919514067,0.15507438749860877,-57.39879333213891
3.433403222111297,10.068208810424084,0.7435581947162665,0.6531135191525024,0.7486810164028938,19.21510001162975,2.7797269154986073,1.1859065143554437,1.3671468816610377,0.7457666993038373,0.0395481597274444,22.350829524630797,0.17307698775929695,-67.70487338677033
3.4011935609434025,10.579332153176104,0.7158014857261984,0.5810141771344001,0.7121739739642879,16.322232492080797,2.9492749340604503,1.1281340266462832,1.3744848533206004,0.755722315472151,0.3988268337555007,18.01425888313247,0.17417265306320395,-2.1497606030896037
3.420913633072047,10.033728673848266,0.8259325211053716,0.6135998800406832,0.7542786498853,19.264486953495258,2.8046195944601613,1.239582607281007,1.1007769758876702,0.7075618193633104,0.1490070444870284,23.753830330718166,0.16361571849284268,-53.0600763856267
3.419463316107714,10.050577676613951,0.7624285826390983,0.5910131621114617,0.7778962140746388,27.91104378331997,2.8459734076519814,1.2794146059406273,1.2930496057304668,0.7321149805441147,0.4518344718478911,24.769215731509156,0.20183098377699693,-51.68256505975087
3.4142231199391238,10.244583397725549,0.9330134235600005,0.5769828960020275,0.7328524471418374,27.421534630636646,3.1493039091545216,1.1768232329460562,1.3300608873505153,0.7578071711862392,0.04806599879289277,18.627301643980513,0.20742489292458471,-91.63081493353863
3.4333589098321844,10.782583853677474,0.9771114390885054,0.6524903161305149,0.7480753359649083,27.29764601704796,3.270255095154279,1.3691111837723433,1.2023221137074411,0.7902172797107107,0.463067666611844,25.676978787609883,0.20611212320683125,-12.750418153954186
3.432470774924858,10.387032718027477,0.7195355153778573,0.5937457475439635,0.7744353188324624,24.79828077278054,2.644818942334709,1.3802948032511897,1.345678095360104,0.7746627362731763,0.392304454041203,15.332220715425198,0.15686494604642462,-22.182632567475153
3.417842643837039,10.113096875649287,0.6788851821816523,0.5697622824204245,0.7026687064757416,21.34613304944467,3.18811306197865,1.1925821472690674,1.2725212114055626,0.7021726649074762,0.2018572122606807,25.471797003939592,0.19315628366210771,-99.56570217670313
3.407282196941605,10.522869664300705,1.0034336911923165,0.5413599823611891,0.7465676311465028,17.904828485139817,2.9844311267401147,1.1452947193930951,1.1350936308023591,0.7426851903583619,0.1240150969080359,15.674693832720475,0.17000505034396826,-97.56771087915013
3.407341754024381,10.208787861097255,0.9746198806776023,0.6922498709028095,0.7384311491326816,25.849434882972414,2.9981343173128137,1.1735283109029302,1.27297619801134,0.7433400303363711,0.17594129926325425,24.88527870067609,0.16110131176756168,-51.45075240033678
3.435032427517154,10.363760994478419,0.7849717271424241,0.5579011752971106,0.7757985435094678,15.535418157590502,3.019496997737642,1.2405960287849198,1.2005865116691206,0.7750019235670546,0.48669828074722304,14.824249320695419,0.20964140573335968,-32.06619340150321
3.4115719482245397,10.52986949569914,0.9152766955635876,0.641162579177592,0.7280001755057554,26.786802168474246,2.864861511649117,1.2116226602034774,1.3116673845480178,0.7807398793426614,0.40623926205709193,22.906965920884865,0.20007856338534516,-41.90657677126865
3.4134294726733634,10.697222928190827,0.7749913533823586,0.6512520533273816,0.728135201710499,18.55660792723535,3.2001315216227484,1.1566748802663682,1.1023021663064172,0.7238907829665662,0.11488639150990206,18.664846518648986,0.18856731341799096,-84.27445939731109
3.4088119518906437,10.463020334011933,0.6709895750050765,0.6869141153486895,0.7099040182928668,27.120116500029305,3.074737772550032,1.12202507985641,1.3957058771090383,0.7143326964791223,0.2102240998347315,14.75894913497364,0.19875911224971124,-107.06272917317332
3.4296214201186093,10.13319436593083,0.6740768764775322,0.5401395042710111,0.7497764136832745,28.359424134776212,3.176133532059555,1.1640805021120824,1.1754622025848336,0.7933557569808762,0.3300356273988313,25.90558727354148,0.1802077951796469,-54.18603754463571
3.4372660599234286,10.891806545510892,0.9745744814006911,0.6584177567019236,0.7144474156259106,25.6260957946907,3.057121766280447,1.3579512514130385,1.1392955101835862,0.763689999058639,0.3269500193168366,21.18601171695348,0.18899473312082726,-80.49278109704099
3.431218378064194,10.274677972329497,0.6812537299030846,0.5604006376017953,0.7114596220230944,24.242945897601192,2.927309891180168,1.3671674416247346,1.310720182892641,0.7905311885769867,0.08023393758256597,21.199058006324094,0.1739670390363482,-20.51689843345318
3.4325403960574175,10.802177919844528,0.82817320916096,0.6589854335266703,0.735253693914255,16.20208172338248,2.837650313790755,1.2120972841767705,1.1832032006448128,0.7447167218809507,0.4226281250316377,17.27255528586739,0.19060074918206887,-64.22556665491115
3.406632048019423,10.433799399361147,0.9849237787130452,0.5588079089180956,0.7302028198962635,15.512929179456494,2.7810768275254665,1.2653764569527708,1.323312629035848,0.758209169188707,0.4156338524909681,18.93258915165798,0.16586282666975188,-103.02526031134494
3.4047256767268683,10.770395125168463,0.7482098381657826,0.6415648879642332,0.7201534193244349,21.48154658164378,2.677914754479346,1.2950715749937078,1.3639795462591922,0.7592789387218628,0.06534098733150895,16.26079026395483,0.16418478406133077,-7.48735203217646
3.4034552765308637,10.1375894981995,0.9580314909367283,0.5903394853058621,0.7301966781246829,25.95786725881981,2.652016606878741,1.3262288748071276,1.2470865338835275,0.7591864205298119,0.1925396643445609,23.278198803617347,0.16742753517259792,-54.83105081967501
3.431620206164444,10.821533631697385,0.7696671870654754,0.5634439128837989,0.7358451914739457,27.424744328396415,2.884880935105321,1.3533264160465523,1.2911092145150544,0.7801109223747347,0.27536219618343044,19.935143252542424,0.19954075838596766,-67.29521857194592
3.430366552763859,10.057822758172154,0.9882291016678606,0.6154520427760611,0.7088312640891617,16.958337871083312,2.7565691100827316,1.2404724803516225,1.1977153744378704,0.7365692308835491,0.08685810141485001,14.717844701579944,0.15011039645130494,-18.84188453353437
3.403894353756208,10.411905328137113,0.9997185448061063,0.6443157360526963,0.7420918187675488,26.61109212066563,3.015571803678463,1.2281035206957314,1.3039870169026022,0.7081401378429371,0.4168860536535482,23.94006567606086,0.19981778979496354,-96.73370113673013
3.4370176545432845,10.557541232166546,0.9360074930430748,0.6957995708937215,0.7076181139395818,17.452972812142775,3.016956967633881,1.109091871451094,1.3013818844775995,0.7496144288589378,0.08975567506047365,22.128135236407406,0.21126670549576698,-118.94602449000325
3.4184690642363367,10.599329276331133,0.9947705933478066,0.6290974103797873,0.7346754194980002,17.093234592072847,3.069335553451131,1.1748828647855303,1.365481898050052,0.7184085884690996,0.22966176912565778,20.03044946120563,0.17893618344126125,-50.670737788274465
3.4319412587077553,10.220520570259014,0.7937113611440074,0.6016205002338666,0.703703820825479,23.28373662692476,3.0864231545309018,1.3267413216697606,1.2171167634746651,0.7009438828812599,0.22346281327409648,25.42024124019546,0.20599087991127302,-55.644799668461474
3.4155849422787257,10.076485361119536,1.008750571331758,0.6119253360603955,0.719154879155996,18.26580211416083,3.055843820034364,1.267291068028539,1.2468156360621774,0.7338691638983398,0.06205077191846338,15.219367685238463,0.1791832539991058,-108.26663168264866
3.4095969326906497,10.697419765612699,0.8308145547408703,0.6511930238537594,0.7349651093734946,21.825243002117467,2.831135525045805,1.127679546992789,1.1784691684915252,0.7460337456278154,0.3869206768957034,14.965349045175063,0.16707511458505547,-63.90893159091889
3.430589514114985,10.356896849594438,0.7638559269394964,0.6121399283719366,0.7296243367103206,15.900577489306471,2.842307902756058,1.3880554321385086,1.3167156246248373,0.7439949705941181,0.4086360152386032,23.878668346663687,0.16339251297192797,-4.753142824544568
3.4125871587414833,10.631667208571317,0.8106947800167091,0.6581496155866249,0.7407377859908623,27.629886268868407,2.914894773811516,1.2774363161348439,1.3329197137904214,0.7338105073715602,0.4764056397725305,16.68296162322167,0.2106798954567896,-57.942607989471355
3.4334375316341554,10.102021000949849,0.8901063093403723,0.5591155321204233,0.7195887009904575,22.021019685094256,2.642144215827948,1.177935643601933,1.3359306334999486,0.7856198598022219,0.11675734280201795,14.833093454406841,0.15866102758241382,-4.540818938288027
3.4175603268411656,10.455346362265246,0.7613545053438788,0.6024711731650128,0.7254184464765743,21.702395383010316,3.276029428570439,1.297930998365048,1.1082700229296265,0.7494919844820846,0.050461999409504375,15.650917442864287,0.19718160914388375,-112.30738227694748
3.4364438833740527,10.498816448707112,0.8213301577775819,0.5427549880704993,0.7586994580497466,28.27510560521003,2.820247680068115,1.1946404313511485,1.1046176787900277,0.7907404942212991,0.30310915562631036,25.731227950516278,0.19781888285907212,-8.261132920288844
3.420758437243599,10.8251891684124,0.667450356411525,0.6853701554709136,0.7340322053708555,23.385377135016462,3.0197726744603925,1.3359288465284014,1.373899806257802,0.7116418367641822,0.33772217039017266,19.44774632662244,0.1602830064591059,-123.49450929707123
3.4065190024215086,10.664787066590847,0.9853337601923056,0.5731690295692027,0.7026579766397254,17.417398699375934,2.837246743090238,1.1936439572970312,1.3529812605912217,0.7848776000104082,0.17291037222371627,22.700375295618997,0.16638592832213844,-31.692505027364206
3.439938523572876,10.550219713602347,0.9641387635882654,0.6259637945946579,0.7386716508386375,20.572657905311672,3.202435411619282,1.1668885354754877,1.3612683753293575,0.7608426034517178,0.23546830303051078,25.856966871571007,0.16257919698982223,-76.8706411895855
3.413954437904106,10.203296000494271,0.9134685665246536,0.5845768569635659,0.7274354951246763,19.501050026388395,2.7065280923959185,1.3658274096830503,1.140681599193559,0.7899473035153041,0.23344066753614467,19.2207645052341,0.2141335636174792,-118.43012442280033
3.4280522357566197,10.368499887046584,0.7588705248992306,0.6894303612132031,0.7630940422445177,17.706233077893053,3.0209457176494494,1.3650520451968122,1.3954594524289259,0.7417075123841532,0.4704971572767793,14.079223846815987,0.21606386365813215,-8.278931751558801
3.43459673233509,10.549469326724884,0.8037754214747245,0.5890530493658708,0.7153077677816775,15.978368998952096,3.047705722585194,1.3573293900896148,1.375118687480111,0.782659997702063,0.16192375561287867,23.04731923644129,0.16242613732923836,-71.77832836137753
3.4390973391071444,10.1803684453033,0.6797591429018238,0.5435827906235008,0.7025968582114425,17.423418005181915,2.8310966062030642,1.3400594106496466,1.3536616335887552,0.7579201429551966,0.49419383633422825,22.067508061333506,0.15876215109027444,-14.747718967953944
3.432451300669813,10.1791833524405,1.0146856056545377,0.6021838636195722,0.7413730905664878,21.756190214211983,2.6608756390236286,1.268509123484197,1.3748755367528784,0.7389970149677458,0.46820153431563505,20.693515532767126,0.2190495057967829,-35.75227644908678
3.4186810354583907,10.639559372787264,0.7014756285961151,0.6900806659518357,0.7456809957307612,24.364379253561903,2.809769996913692,1.1798542169381712,1.3472658600607448,0.7770201058500624,0.13227182645188168,21.310472432626103,0.19408916770138304,-6.380761186103257
3.4163289953701916,10.468702681256556,0.7895831142093734,0.6862721658484752,0.7227132625175242,17.126142043846162,2.7340323695164392,1.1745591845773875,1.3710621101993272,0.7323893613329219,0.3578655467169708,14.034145377108086,0.19069215021378996,-39.22622774202749
3.436310523049593,10.458310310310697,0.9080349981753773,0.6647794122604695,0.7530657287604657,22.77576414059433,2.813302616610339,1.2332648888690223,1.3359094841114576,0.7623903788762291,0.0505049121116385,24.270345789567603,0.1659333240316919,-73.69092256687665
3.438379436331293,10.349521843777834,0.9564849356607903,0.6863471015027778,0.7011485629838006,23.338061010434814,2.672371497630856,1.3614114631308747,1.323125154055409,0.7407491766005264,0.2301900199197393,24.36955604856758,0.15398967238209735,-62.29090673105612
3.4092428158780663,10.152981030714285,0.6784276835862253,0.6127898843715148,0.7436090528264222,21.401147099254892,2.7904805870961185,1.1869174398822684,1.3739823976865297,0.7251173891564521,0.3567865393609456,18.095940964062482,0.21483752063941713,-85.30830482065133
3.4068974541590613,10.15335671209603,0.7047742653745483,0.6372598801778779,0.7227050245683434,23.91125616481157,2.7827020862729555,1.1185865282100504,1.1242488972471445,0.7370478790077406,0.12469999274768173,24.891880872950686,0.20964836915081905,-6.272019932108606
3.43783453781609,10.86994950041408,0.7451276624024452,0.598950969759652,0.7624172636415203,22.272668150468547,3.0177413738872487,1.2010991716342374,1.1719447307536968,0.7826611465254614,0.44049558376381676,22.956214648728682,0.19125555048386453,-38.78264018153517
3.4178039469767003,10.328413786364486,0.9442211846386748,0.5947258723123718,0.7773042832511774,19.881293220864116,2.819377686990869,1.3315603693615035,1.1865599495123345,0.7821202764773854,0.425754270014956,19.01632374311916,0.15874735914817958,-40.41430707302392
3.406823994123682,10.829010039035566,0.7995440894061828,0.6357577424351484,0.7785764731919576,26.040665680285368,3.0109616769547305,1.342109258424699,1.3790210790782267,0.7926912602320076,0.30572779923459764,22.29532209863197,0.15027234903772443,-9.638301914690445
3.4340207011623436,10.605379270382585,0.9512925052302352,0.5585032985716452,0.741326311251144,21.78222519784748,3.1404257528639095,1.3276221165148594,1.3813468064003538,0.7983421922804493,0.38419250861627374,22.789652674347362,0.1840492131136224,-19.44257041747956
3.426699782604882,10.656570466663155,0.955250162613417,0.6666830960486918,0.7012238995118244,26.07608671583684,2.931002106525598,1.2653174315332125,1.2289171293904193,0.7140661332660994,0.21234225313372468,14.580524495183981,0.19294292011136402,-26.71902852560696
3.4202180895018235,10.219064583463979,1.0265418329929679,0.6540865586174923,0.7233393477969386,18.078999404047313,2.8300422617671206,1.2002338719190289,1.3038058350063992,0.7291498421505768,0.41748585983355774,15.1512670655217,0.19588124509723534,-32.814398370880824
3.4378557155701572,10.325793547187283,0.7251693568334093,0.5980663647345537,0.7798758222146159,28.36474617450894,2.875307234979549,1.1923306108102463,1.1165530260504692,0.779793305169481,0.22486694828383894,19.98533847326314,0.17378080429911494,-4.630280326038601
3.4146039596238054,10.666356210233007,0.8236243705321467,0.6650143423779972,0.7265742409302869,19.758517817907627,2.8856275067671135,1.1911745777475309,1.1851910405247248,0.7646340980473779,0.033759269584181094,18.158677685459768,0.17486194335027558,-91.91451230166297
3.417708224573626,10.498920832766633,0.9010230629632336,0.6316742273305167,0.7646519627098519,25.902233065339928,3.0384846976446815,1.323026813846079,1.1587561710689023,0.7335535470758823,0.17202176839878042,21.53189911777158,0.15605284782912543,-7.085367926025484
3.418843470810319,10.54956664225669,1.017514465910427,0.552692167732392,0.7069249264226453,19.692608608036366,2.688421173068346,1.2797654799419007,1.3580117180859999,0.7844415427149121,0.12850222159620522,23.352988010933835,0.1962422268320988,-95.57891220543175
3.4027960360566976,10.571856778224785,0.87648439234068,0.5944737902847166,0.7594158531351997,28.348459646436176,3.018256983833083,1.3680194121781915,1.1380598892983007,0.7847088608986145,0.05878896202760258,15.67885303733177,0.19963426561602335,-113.41474125820682
3.4020904130232,10.62076370162656,0.8331883257407073,0.5683790555997615,0.7319436967949488,27.940971188005605,2.728244020924078,1.3060314481482926,1.2704661719006265,0.7832050400294204,0.21318778878856523,25.89324891220154,0.2078686126169438,-105.14225910173926
3.402771659218814,10.500255263648022,0.8417551238403844,0.6135608577830529,0.7531865347352817,19.57954623852013,3.0472970033741156,1.3919521042846306,1.3903187117567692,0.7864989540584827,0.37652394293912145,14.518621687182751,0.15536915535998064,-18.428272303808285
3.42464403776879,10.094910150195522,0.8943477390986297,0.6083558204395493,0.7641168142127747,28.390999500890047,3.1795712653755768,1.291305586417982,1.1839335992189473,0.7219661361424642,0.08650879878786406,15.541173383557261,0.15301046427831144,-72.71312784485019
3.402653303201094,10.649797231542848,0.9052218498194019,0.5545879647641098,0.7173472691059217,20.81866497753353,2.711400635025587,1.3872229029878405,1.1524094220494394,0.7316001183093399,0.35118860264059115,24.925326765379555,0.17066899344070713,-61.26793046837932
3.413447294082943,10.417485796571889,0.8102205497905524,0.5422282252981953,0.7231114451669317,26.249650822989494,2.906284368126582,1.1371446576063424,1.3277768967916868,0.7317330428364949,0.271105690659785,23.93235634220151,0.19091539200087876,-39.54845217169499
3.4022947909845214,10.806594083405122,0.8435721831388503,0.665635792540399,0.7729850542627259,20.424677927118026,3.026835778716439,1.2452768360088564,1.3818005629793493,0.735700527456068,0.306738167115739,19.983570069813464,0.1724229310378178,-25.50637115633677
3.4220957069345266,10.157342987656058,0.8971666481580203,0.5720494553494891,0.7570701725590993,16.657988886933364,2.941364456001905,1.3065573698550164,1.1707439149909311,0.7132779716665111,0.31850782654964943,21.25518377768151,0.20328179356644036,-57.3019171520731
3.426132968523218,10.185689923186162,0.7158413514469177,0.5745188211375074,0.7322638122590645,27.25500259621826,3.1281423207976933,1.3936903401575982,1.1823488205193984,0.7319716037060839,0.23885515693170495,19.39758436931288,0.15980206742305963,-103.01728139067713
3.43266047490242,10.086315956851065,0.8351816080329054,0.6009823697836245,0.7287363511938538,17.750499514093597,3.0425978274648307,1.2678282452059628,1.2902719805401808,0.7185999848808846,0.24605396187843506,21.1517328798088,0.18126593845991007,-38.42894175973663
3.4109489433787212,10.800891824705323,0.6729831934899764,0.5854950664272461,0.7401068547433571,23.23384389184709,3.091407275229404,1.2045518782068474,1.2452157911125064,0.7678461858371858,0.01922684332839728,14.773855328564423,0.20623890122642305,-105.84850812512289
3.4157827401224004,10.26290098874633,1.010489515777836,0.6587653375742215,0.7311350183292422,27.086052996080326,2.8601541042960994,1.3815708353511515,1.125885499559637,0.7942626533092583,0.27718034146061865,24.697532421066576,0.1919744785719949,-51.948366559371024
3.40888472419845,10.089974722354611,0.6936201023674293,0.5551905681717842,0.7519575692882223,21.339557264818062,3.1316191651891576,1.1355555291940473,1.1926074490730714,0.7237597595227208,0.3932383308498705,16.9952065520608,0.15895561906411423,-69.6559967991966
3.4061210195837663,10.135688701879257,0.7164149229348494,0.6120990318924222,0.7761710583699571,16.731296601547186,2.884440119067547,1.3604274922044233,1.3354082533876808,0.7331989903397566,0.12052615586076759,21.601909834238327,0.16530571068875416,-102.43500842429384
3.4061289198779923,10.34832433377977,0.7988248659446409,0.6180761659922881,0.7264405951067823,19.291461954932966,2.7501444639438017,1.2942896415515706,1.1582958307195983,0.7552961852427388,0.021028806635345204,19.16194674122814,0.20479765882377704,-39.837560898047485
3.411869420416478,10.004763551400805,0.9654362091904285,0.5658096239572059,0.7624976538709116,15.578716856407416,3.0022455498072187,1.2200531198752553,1.3464501647030647,0.788611331104381,0.22476319519711038,21.781410866349795,0.20257112723595966,-49.381209163579925
3.436537238797376,10.408454836472604,0.9096737240120338,0.6808405196370858,0.7179643638188237,20.250265148053803,2.650264268231343,1.3260705095439158,1.1944465705779164,0.7746996151372976,0.158119957156071,16.343681993041457,0.1871717823133215,-49.979570101589744
3.4122955092788154,10.106933451290733,0.7851030871418901,0.6886924688778754,0.7695143381023106,18.91879205220504,3.0665189516327476,1.3041256947285718,1.2417629235318026,0.734083731153964,0.3985898802827074,23.44894264233215,0.17830294577812061,-22.15885695411454
3.4350494610826714,10.363481626954465,0.7529444361512069,0.6986555091116012,0.7471075501662574,25.568637299701678,2.7115066636070253,1.3383901912120248,1.383265075602477,0.7516826146454749,0.024519322705948695,17.935798510093438,0.2099845744480866,-48.287771970010766
3.420467243965644,10.863590015326231,0.9559883158561284,0.6889243837234416,0.7415941698759567,23.738685765205076,3.27640433579583,1.1858792441580164,1.2352412908033743,0.7458754520682758,0.4160994682464001,19.503131479237815,0.21978931378028055,-79.11552406836672
3.4048034982326083,10.806140301219186,0.7340570815734988,0.68555977976116,0.7206123889625466,26.524715733988437,3.245975487866928,1.3121266562850014,1.312269669001599,0.7079421016981172,0.14410043507528345,15.9679881260744,0.15398278697543483,-2.6416514408155223
3.4283964589458256,10.479025205131109,0.6927272204426175,0.5976153502889598,0.7096765701189081,16.89876611619213,3.105528392926587,1.30999306291451,1.2245259733584322,0.739030452938979,0.2883122298814954,19.195933742398765,0.1867528029073642,-30.647266707222855
3.4220731118708465,10.154762063886738,0.659079464333856,0.633386510486881,0.7159207924835349,22.136980725826078,3.07344251164351,1.1848206246120636,1.3057539489946495,0.7070901431937794,0.3994039676254897,17.783787424108358,0.1857644705256386,-96.92334300397215
3.4349345709751558,10.695260574329858,0.7044735968750211,0.699859792765961,0.7256543372939561,20.893237522489862,3.036290299515172,1.2436020490829929,1.329383865567286,0.7540640801311072,0.025397768816169244,25.37916371267373,0.1994488403591249,-30.468027000886778
3.419679409783593,10.743956029135143,0.7493440720481126,0.5973575565584069,0.7503789653663067,18.450610379284953,3.1352690017079596,1.3099508506189985,1.3895350311960328,0.7394501725406868,0.457333144050914,18.845819317846853,0.20688496863933808,-38.998769469091926
3.4292193129741184,10.469215786283497,0.9197224251192201,0.6156403661508444,0.7079682323898555,21.756440513508384,3.029743462024674,1.1915979061156428,1.1866796791753524,0.7856711060659235,0.28151445748012555,24.778237467680313,0.19392316053840136,-109.92629009109773
3.4164750883085317,10.262854304341925,0.7482401761123658,0.5494424158668737,0.7221603237254323,23.945052218803312,3.0678006896162593,1.343246751450526,1.183074840447756,0.7482100342995684,0.015800529273522455,23.01077914329209,0.196079847752809,-106.55999164305192
3.4304428744191986,10.500725761830385,0.8174543048385416,0.6559813182417734,0.705536957475952,21.399410268672902,2.8790776910808313,1.304385521672938,1.2626723436749867,0.7741929929567475,0.38521542570865386,21.214047804944403,0.17970648410083137,-76.07924389930305
3.407192123935453,10.492003535001245,1.0232437899958304,0.577094696678909,0.7646264358488187,21.57444637548774,2.837994304911397,1.3267063357647062,1.3898197429722265,0.7926260508687006,0.29329501377599526,21.25703736914736,0.1729172597702033,-114.30355090260751
3.4043680134310383,10.104624226664273,0.8932321198035418,0.6526273167689914,0.7268256231329937,18.783120669177762,3.2654650340025917,1.1919360153966814,1.3737471899773297,0.732340008990994,0.4892199465527518,21.35893552526573,0.21920781317175977,-34.38608775580042
3.4297195693090807,10.535655286258345,0.9247981163926033,0.6273185545961183,0.777462102093588,24.787241862078126,3.0408575163739937,1.1800822033258207,1.2848469223383396,0.7846813593804369,0.38114343789804317,22.69999446800869,0.20241491190788682,-100.78452727376755
3.4230416874509118,10.39417631293903,0.7922954302663316,0.5494930191445582,0.7186047098834955,24.885302216895923,2.82014671037718,1.313893919063101,1.2160880103762073,0.7847395085853396,0.08389511693846671,23.50904948071139,0.20003542408628291,-6.290551586774342
3.400338741451604,10.393478918745686,0.9455447545791837,0.5862948519768933,0.776494753224058,26.205780739313493,3.190516148879645,1.130299309874239,1.1703711161740187,0.7005367943138356,0.4136290836196322,23.913204055256735,0.16137930618832674,-121.01119820165654
3.4250138585209884,10.10143813661137,0.6928675069704872,0.6453783522785772,0.7501888117230976,23.590988249650835,3.1840955639215753,1.3499277748816796,1.250675775481189,0.773556820616638,0.2862736870611472,24.73494421651703,0.16725927853237746,-44.56569811119806
3.421957943039236,10.033570860214004,0.9816892098151944,0.6792675758788735,0.7515532950715401,25.1873071492801,2.987835126794556,1.3162204973220482,1.1498656384471129,0.7039069553318024,0.31879852169164136,15.906533933497174,0.15267245459107173,-54.04359481170398
3.43103864620862,10.53190558670577,0.8219181065751988,0.587132171083937,0.7512714949237547,21.19450447684918,3.029806192789875,1.2902448275988738,1.3968878547177517,0.7562556293039158,0.2622356226543751,17.119197768074685,0.20451531741561949,-21.169973407291167
3.404695413578623,10.063597091311024,0.931570779221484,0.6222907409950067,0.7136420074218719,26.256046861604904,2.671669385202026,1.266088871924857,1.237065437712196,0.7148168998244945,0.14182924646308198,22.65925589101699,0.1589747352137555,-51.39657895090774
3.4125027889565946,10.388394737156597,0.7322087527516787,0.6436210217466417,0.710794430311676,25.06648245548005,2.7932356728153036,1.1715326676469893,1.3716969608173988,0.7038190541305567,0.10822714298717936,14.0282465803719,0.16313964125212083,-44.7547919127354
3.427770182487375,10.194323783700657,0.7320511459649365,0.5449725685488571,0.7425960745448913,25.24985676726808,3.2568795442957774,1.186172828090064,1.3553444166648958,0.7193415396614201,0.12883413503027155,21.71914142664309,0.21666931237728865,-123.25331507415954
3.4019388500901706,10.207936323965543,0.7569644093874192,0.691320926877303,0.732916404949181,20.40493952321929,3.200412625634563,1.150872461496013,1.214391057560328,0.7622480738210199,0.16086350609888472,24.574995948509095,0.1954585338220872,-57.253543144609296
3.422051796195742,10.853577661309174,0.74997496743247,0.5521290458294658,0.7233648353025799,20.84379689159222,2.7647670286371153,1.1681659464388927,1.313522002751135,0.788810440060491,0.1039438935310064,19.214956475539744,0.21647146865875921,-27.275454453835167
3.431084549503942,10.619989642812333,1.0034758085383617,0.6543069901390033,0.7344025609057385,18.645480872468923,3.141862927616631,1.3622530250747762,1.2141922965241125,0.7712884798559096,0.13773067188959395,15.466737621110404,0.1757556677345939,-86.43840768975681
3.4141149427066297,10.008903998709767,0.7528558930502538,0.5804083297594441,0.704401817923026,22.91513776664034,3.0566055884495245,1.112964822796898,1.3496410086927224,0.70361983633021,0.2055443940941048,21.82658609167838,0.19962016493069834,-54.02756881689457
3.4348121623517764,10.649383524336155,0.6810829182086248,0.6190694278131239,0.7780629743520193,27.422808389851312,2.7850221243551507,1.1583975202123442,1.3975998397273988,0.7951289342411995,0.008295902668179303,18.119044375762027,0.15850777548949327,-43.10193282555687
3.4129887456760732,10.312455394467412,0.9751274967759862,0.6537666393567017,0.7083399814024572,26.296303206237965,2.765176908966861,1.298267663980435,1.2404395103879207,0.7258488714848346,0.06817159261835888,20.114777558589594,0.20710521592935335,-29.545987203001076
3.4214036606941236,10.824919559144117,0.8923957772355899,0.6832758166067012,0.7378716997401275,16.912428330880132,2.8908318473298475,1.2147129564601538,1.352259549814903,0.7031040227409526,0.0038227754351956972,21.98646082130601,0.16844145357601661,-7.2268817726380234
3.413605879321441,10.837396076415892,1.0131310957224167,0.6490117963887003,0.7575273478614367,21.219165987659714,3.1049262888967273,1.3130396863120875,1.341940419425789,0.7108992206889173,0.23747472210059273,14.359797181429558,0.15162401626720862,-86.28294126371844
3.43206961277109,10.53446987923526,0.769749988899201,0.5490417808641646,0.7457685234568349,15.505708289481017,2.998825946513075,1.1444813059789078,1.202374799125966,0.759397191519333,0.3400162013127993,14.94074075897581,0.1777186524827671,-71.04086593108767
3.4276612373025417,10.021359019289727,0.914822355250879,0.6388399024299176,0.7126274907647846,18.034072894820138,3.163686740461597,1.3503349676149907,1.189983408017597,0.7904258850607924,0.3885967628290789,16.67592456663617,0.1966192805747595,-22.252202030993075
3.428004436445594,10.885992036222747,0.6887820842238624,0.6747971670505946,0.703826221534745,19.700045418893616,2.716707367080853,1.1803341460347188,1.1302109162000131,0.7243647539675394,0.149853751758176,18.81173021920822,0.19295959040820285,-54.17499047975815
3.4277271327756753,10.271840474449817,0.8407102449621712,0.6009081805597919,0.7727370044135412,20.375401196353483,3.268449714522465,1.204769227867616,1.3719832170575117,0.7554405199438248,0.1500623115799489,25.133554942482792,0.1662720274804099,-19.803051435514163
3.404515681387235,10.886822233761983,0.9668272064568233,0.5618194008801422,0.7748185811792526,22.116804242531124,2.8587357406439384,1.340406939298552,1.3138482351661591,0.7216963149890298,0.09349925517206378,14.522167707740758,0.15436464703916858,-14.232523813748003
3.4271508607954004,10.695520110491138,0.7794735570350306,0.6264300928816086,0.7122762196130945,24.2342963633029,2.6881161799938704,1.1160565302492005,1.22908050212773,0.733896567014107,0.06004025860496684,21.649803340196684,0.20731279625728813,-57.6477583987829
3.428641792338685,10.692934487399937,0.8601106023666693,0.6619491876467791,0.7732433096605043,21.07388671043601,2.7837542888842752,1.290406608066171,1.386904984776264,0.7590157482934716,0.4571205363258585,20.783211341590345,0.21504863436908442,-9.90363086429359
3.4332922921749516,10.56638894209623,0.7210574451265733,0.6590374364558247,0.7799102170498604,26.63008610507159,2.806449878377897,1.3920924750566983,1.3569451804458996,0.7704204285409548,0.4686455031816552,14.913798892747858,0.16451089583114567,-62.50133149767629
3.4194549773843663,10.027284420605335,0.807217185867209,0.6003081587585913,0.7238499930478293,20.765675937091476,3.1747203459200453,1.2904556380814705,1.2611096165564173,0.7122067992365791,0.18400763298263537,19.57629202020585,0.16370636470317995,-13.976246044149505
3.4040917248730085,10.378537963174292,0.8816076876355906,0.6343276470933994,0.7231940181715325,21.462380280900206,2.6743258342607783,1.2039799108843274,1.1507073702972548,0.7818536908303967,0.13507206614433004,24.137741591271816,0.19707074720350076,-107.61168182772415
3.4174747247953356,10.428379042688391,0.6583571921865915,0.5452648384551497,0.7139684280652903,19.058370534313113,3.262803142873444,1.1259405946356835,1.1607951872720152,0.7928941948213784,0.24515102657851442,18.750580007703736,0.1984603505762619,-32.485087727732875
3.4282889934165044,10.10433801384067,0.9047667891937368,0.5479640290410692,0.7399531007346153,24.340836319702248,2.654955162436848,1.2592269983916022,1.1197344045054252,0.7362045080688915,0.010799983958501564,16.855934592860706,0.21867312594994504,-86.81300259811597
3.431473976145706,10.562807821090226,0.7549705973060046,0.6475555737949784,0.7718765964009584,27.537542382987482,2.7218795263414863,1.1120156032825834,1.3307722558449908,0.7786610628539335,0.46766631336929054,17.747760165966138,0.15004277167180666,-50.44107209332087
3.40811231538332,10.024600182741356,0.8538965235483608,0.6795092144311978,0.767447142738902,24.200879176996335,3.2774431708120124,1.3312688455540564,1.2516963060307678,0.730047511746406,0.24255580157692047,17.49421881978789,0.21116802492623915,-3.6317410441175753
3.4148692415646007,10.575642045720233,0.6558114238489946,0.5877847663380278,0.7404929782027638,22.88789869969263,3.009216649799086,1.192986688450827,1.1107243853004178,0.7014731460263509,0.3858119610021439,14.910200967978076,0.15154760418422586,-0.9350729820736632
3.4269389585590093,10.717626260279157,0.8118758239032534,0.6949535971648818,0.7500944165639755,27.787142957827953,2.7778288648303393,1.38096277957471,1.3920772343810868,0.7124250402957748,0.4481176104742159,20.389615530848246,0.21821280832842876,-29.58998256066691
3.408636470076016,10.240339915061503,0.6774444882914873,0.6000132691761227,0.7647501262196663,18.35150662475535,2.7995439117567393,1.312234005372627,1.23135406788603,0.7108353639953217,0.4420373215054613,15.62463874746636,0.18280948865091376,-95.74423439485716
3.4314233861756804,10.188684247336507,0.9938250548046714,0.6259680780369978,0.7443231715521443,20.58276124977532,2.8856453503998467,1.3619230292681097,1.2563378539686703,0.7593608200959922,0.2398636920879173,21.437670468753907,0.18736250677977706,-99.730159328609
3.423897468548473,10.738914586670745,0.9855931597187255,0.6287086770337045,0.7154651601103538,15.822961493077202,2.769623496515057,1.1444469431843072,1.246319943409146,0.7810806512371151,0.3150210267160905,18.43130567595995,0.16116467744819105,-59.309901798651566
3.4019944322776845,10.596578814161234,1.0195153258922622,0.5929802686554435,0.7382337756959731,25.585300710416234,3.05593072071796,1.167596310502851,1.2099784938460547,0.7049174403425906,0.20853310973697498,15.096614070492588,0.21954448905120122,-66.1521399524249
3.422707745686971,10.742542790735518,0.8997729916126759,0.5497842388267704,0.7093967028043549,25.494719722160372,3.0835985290058106,1.3480128698783584,1.1808993916249158,0.793040789184146,0.49525369492135907,25.97566063828145,0.1579197120478606,-60.75892566488808
3.4072171392634027,10.674554527192116,0.9966330884435071,0.5852278239997902,0.7452456888537194,15.591975305861665,3.0712509696715347,1.2817103883014735,1.370997950997364,0.7199892423895505,0.061398896783647613,20.730661820898362,0.15174764482544056,-33.78608194182375
3.416657033638089,10.545867740672882,1.0106013233039248,0.5902285375642872,0.7015615794876312,28.401919409973086,3.1290000087696854,1.3276685427633872,1.3208493313678495,0.7571955577049747,0.4275615613614498,25.272842858441987,0.21243714245467435,-102.40189124342803
3.4046199583166663,10.230443607240826,0.8060513050408,0.6271627397974715,0.7050861290305138,26.46865952461138,3.0601942918427767,1.159074478769697,1.3783500816650034,0.7919560224900557,0.2730500718661684,18.01148149576541,0.21353390991476834,-68.04449755795719
3.4254771459843427,10.035878847075809,0.8309014180138522,0.6551059537367688,0.7345113929135523,27.20470362245348,3.007680984634874,1.3887936017133906,1.2414946185050602,0.7241492968836251,0.054304635568085007,24.83374020517147,0.16429528527556092,-18.97896158468008
3.4040404821176686,10.74163245072373,0.7761311624967477,0.6352483531001678,0.7502742286375075,24.9481685147754,3.2081975540344927,1.1806357311384046,1.3426105611692245,0.7679659885950235,0.20501422248659198,23.740338108852335,0.15766549678538722,-44.421839642498924
3.423021073696166,10.892008792687623,0.8867853392968315,0.6377024709213774,0.7474704704952608,15.302695906502967,2.941919082462193,1.328395371227576,1.1117040563245744,0.7689461083527568,0.06888105762638629,16.635217912589354,0.2040550263452576,-91.36316998719911
3.402537743743613,10.793952261437394,1.0034769049366028,0.5782109292302307,0.700898097041298,21.026690929162392,2.8724477548304814,1.260995535121475,1.1539568325432685,0.7500690923694998,0.3988550737147595,18.80150981175934,0.17138082687803952,-54.12743521710999
3.4239403800311203,10.5873942977053,0.9064426246298873,0.6204388273455617,0.7329530783938362,15.69131821110413,2.827136161209976,1.102370365499603,1.1972787745188214,0.787035600998227,0.21313157391350016,17.642072931050176,0.1633874791961795,-14.188563373765987
3.4296666954331427,10.148274273304557,0.934174082699861,0.6055744664392164,0.7138078627012452,18.639447635342123,3.120735557843681,1.1331899357270296,1.3112094485443127,0.7270604547399028,0.4085755848760232,16.539058633154696,0.20411062339062452,-57.187181441929866
3.4275013456245382,10.41729243245236,0.8329761378783742,0.6961957444972465,0.7305140257188107,22.960583044025586,3.150779787417071,1.2327533080985975,1.1812836213217393,0.7402479597551032,0.49088948868486093,19.85550783567774,0.19311144183824977,-71.88301834077208
3.433197726342043,10.870916347011896,0.8081992245832128,0.6958909914326814,0.7703775335084904,27.166565469465304,2.8171361830783863,1.2913622016835093,1.1490508515940003,0.7480101799868318,0.19733475539939344,16.624390209872782,0.1500806467273017,-47.56512609880828
3.435734662242765,10.07820865033464,0.755293749421819,0.593813025003235,0.745335164841391,17.50701900047223,2.8971026270259377,1.30311206172912,1.2935301576747273,0.7178694034771987,0.365162160556283,22.77473589269343,0.17295319726607128,-4.507505220839818
3.4262583184072253,10.100431353367117,0.8896437494985509,0.5404568644756144,0.73585261531692,16.761055156889807,3.060695944006313,1.1624280273368797,1.27629096859242,0.7148881121407021,0.07028579401844352,16.25265497243659,0.20417589641715178,-39.06603233459977
3.4370456795320794,10.455190237001347,0.9962579065682686,0.6707312710627231,0.7744769361568759,16.205875570005666,3.042354121443012,1.2350193058393213,1.116807136267793,0.7941176329293662,0.09497971973768556,17.32978470344225,0.19166213044717026,-35.44431314614852
3.4174959837719774,10.358335706889244,0.9210295504759294,0.5514402927348705,0.7013718714825913,19.25795072793403,2.8360221947375837,1.3687800580152902,1.1489680720664723,0.7759598143496143,0.22823644999807438,14.557353075361926,0.17928387241163174,-111.5585896619604
3.400334278684129,10.64196401854077,0.9988577409258753,0.6880330679739628,0.7679018353228281,18.29241995084491,2.7738732169483478,1.2274479089640213,1.206345688322435,0.7911696095873743,0.45622597558343025,24.109268639468386,0.16402291358898138,-28.37127757174254
3.4102733776196925,10.16632756129572,0.8377212462208246,0.6293154624965129,0.700959475901692,25.29752977269586,3.1579268950126838,1.2091038548345872,1.1833456150921315,0.7474513001487633,0.10877002355066338,19.340043119394494,0.20356220960122137,-55.24837604335556
3.4399740536445815,10.770086920259361,0.9159832710123619,0.69295935825304,0.7394751231745985,24.793084416049,2.8257072047150387,1.332445653990899,1.1999711301399025,0.7873683620353098,0.4528844626239444,25.412721382311094,0.19768612501220528,-37.454424426014015
3.427850854296771,10.168137259119865,0.6533237866238757,0.5921704914144251,0.7433986379555212,20.074489256312567,2.983275374454303,1.1649612671475906,1.1194760620460684,0.7042653606009275,0.1406524747462412,16.04926659146546,0.20084760719711722,-66.72938588909474
3.4047369055613723,10.369281366204346,0.7916664598273493,0.5803989338858061,0.7288493455865854,21.367084828225515,2.921190786288831,1.1139868204116017,1.3646481995484832,0.7584659955994769,0.1370808514694805,19.002954521935287,0.16012393834655791,-34.21397097675518
3.4176349763044396,10.578581294773173,0.7948277614281172,0.5984554378419022,0.7670051335057539,15.53721113606882,3.2083029419377844,1.3304957592172508,1.1127656991873434,0.7259907727469664,0.3593031963781247,20.336816798016024,0.15675559736370046,-25.052866635449533
3.4224757503872554,10.607655895622951,0.7061751302377247,0.6226144689761297,0.7358829194240966,26.237581359925393,3.0000431024330734,1.179311592367484,1.1360644243793354,0.7081930516491455,0.11447940314368085,21.776046381779718,0.19477783405009327,-15.128302558412884
3.4058345860660895,10.529921722534418,0.7377833186645949,0.6849394855174658,0.7421648371788229,21.67318625295419,2.822028250219029,1.3359983754930218,1.3860521851643688,0.7999952673087805,0.07728109382234247,20.54872025209395,0.16747980326313752,-113.9418097976943
3.4305362541097026,10.379961831481303,0.6542223134377554,0.6417515632143125,0.7285281600626863,17.6731406541953,3.1263601648032124,1.289931853945253,1.2210431990507467,0.7997784588454804,0.49467831745407675,25.47796435613004,0.1514597676017253,-112.77463890334637
3.4233468991582137,10.78174463545951,0.72667768988625,0.6176290053674559,0.7194165767462795,25.360803503548283,2.8836801396661245,1.3726136629995926,1.3754048259446903,0.7771557874782666,0.015533426240107347,24.79454573450144,0.19373886271047044,-70.48506114316369
3.422679603065118,10.00016831728476,0.9961458079961064,0.6605543895986458,0.7324823187360215,18.11541427939733,3.227955035998392,1.1614718115605234,1.242199511042959,0.7544143683507575,0.28517056000846003,17.230443198249116,0.19577990189944158,-56.68147004298008
3.404817470600077,10.399737301048685,0.8113315984598163,0.6745891676574761,0.7682572961012231,17.78966100345875,2.689031975158815,1.3282551543481051,1.3150105331073225,0.7604050271594193,0.12668433370958201,14.446119057373906,0.21615804874301742,-26.07408844715154
3.4140458471930275,10.33198284380239,0.7546135967196593,0.5928695494205602,0.7756175176737742,23.74442635734347,3.210622505866421,1.2880985107777425,1.1437570061483322,0.7958676802115089,0.38916681305661116,18.403804906194637,0.17453708389514427,-57.71804397366547
3.431346143162483,10.179622482598504,0.999833601022194,0.6242297875418821,0.7527786444581199,17.327298658991328,2.9935205434686396,1.2123553846526358,1.349259649861229,0.7866795350149263,0.053191674216274305,18.50579899064865,0.15271706998178064,-51.87242736776703
3.4070042710894293,10.705200179916286,0.8756556316957478,0.5747251500436146,0.732661450940542,28.15305265566157,2.847320949378302,1.160449666565636,1.1509255289304727,0.7751981098752325,0.23211908387927058,25.45469024929711,0.19889817408251978,-44.711405670637006
3.430900018745286,10.700790093685256,0.9949983418874304,0.6005535763128407,0.7782179881017613,19.247277897965617,3.0172557579565193,1.1362510576715525,1.3956760045564327,0.7572352803380117,0.1137429236158054,14.343027241987885,0.20943206906130954,-1.2409508746139863
3.415334724887595,10.091624365017223,0.73341466996642,0.6281690919983844,0.7602715382564754,15.862604316010767,3.0347565433393693,1.1125569426769395,1.2812171246430732,0.7993242455423718,0.4559294069266635,23.095022253447326,0.19676352700528937,-69.0273178944625
3.4075759819071534,10.89041497136728,0.731500682608839,0.5912718807683196,0.7071729960438545,23.756547578737734,2.8881809829122638,1.278265253427063,1.352489080497925,0.7378561258032106,0.17261001052841024,15.502708834502075,0.1811469482798777,-102.79100057551327
3.428484575536761,10.435718407082232,0.7365851474830458,0.6000474125819139,0.719557130177385,28.06317202239387,2.7938912445575372,1.1275894629651624,1.2167098441494564,0.7884856663554821,0.4533025602719331,23.750393399083592,0.16045297119765062,-53.093657353557134
3.4298033975714155,10.718619232516051,0.6977748698663753,0.5439288171362399,0.7077234709772118,16.063113735888543,3.252479149042779,1.2420994489893966,1.1013748517346538,0.7899969333968035,0.14924468980935693,23.886133824854234,0.21359170933893812,-18.14734732315509
3.43896811478479,10.336091004415128,0.8993725522175413,0.6799209820323169,0.7666139663742537,26.183285753409706,2.8373004590198767,1.3080349373793752,1.322291264800071,0.7301253217659921,0.24526416281722865,17.115754978830886,0.17783135903150277,-14.74244435184329
3.4392890830887866,10.69175859436844,0.9239702544576567,0.6171974047551967,0.7121610425956229,28.299854557391797,2.8745409373777293,1.3654593822546857,1.180546883237039,0.7271542114370404,0.24409707355833668,19.132519120786412,0.19105753081738314,-33.05211801057649
3.4345042176200566,10.554707043060565,0.8437425782954726,0.6750268315788305,0.710400595248583,19.262740605927437,3.1392415359974066,1.2229908931976554,1.2371043944986184,0.7673122891934693,0.14430631005033862,14.368013349172465,0.1726766449360352,-22.99404382452464
3.4339075820965967,10.00192002672495,0.7824784852181368,0.572654071600013,0.751736788441498,24.246487004048067,3.1263172769384564,1.158439563950013,1.1779692920627345,0.7559535108679636,0.40164589308170207,22.845760903929985,0.1930568495469377,-39.15314287832159
3.407191368031454,10.69865582046172,0.9776422010401518,0.5902805855858496,0.706148230758147,22.694635153242128,2.826812387129234,1.2612347461466327,1.268901679295776,0.7094399268263217,0.46427263774578414,24.106690412800436,0.1701360811561981,-75.36317483779666
3.4159592922386137,10.507840853602545,0.8446378310467706,0.5815678587692733,0.7322714895653147,22.418033016403893,3.2188517373957892,1.3203734030104906,1.1536634735468463,0.7890153356087052,0.044840109326723936,20.229484267189616,0.1938518030753099,-64.82480977278225
3.4139805476144858,10.582322214683368,0.8053261491579774,0.6053332761358685,0.7688794595685116,27.67860799642218,2.7627570569551057,1.2789390965044107,1.1001372420389022,0.7734106772630445,0.0667787975552756,23.6987010189687,0.1638885703009112,-73.06157723911102
3.411322486620471,10.159808137166118,0.9757570572269916,0.5914994553791247,0.7694795867608198,18.98604768280846,2.943917828744217,1.3109721190404462,1.163948742136259,0.7092057647976865,0.4155978034719441,25.116326341688104,0.1576906418717198,-43.93731877727434
3.4086779822131072,10.546012490141418,1.0061795081978957,0.5915377854844311,0.7512311214464622,27.448045945766655,3.077662780421285,1.396072483327993,1.2025284372516518,0.7898753216001717,0.41496385338060027,16.41745760514874,0.2093722669942319,-45.27963754699381
3.4266473610725,10.3418302636457,0.998968708910781,0.6506846199781162,0.742327903509224,26.301784442453492,3.0736557568106675,1.2171071858556728,1.364295709719436,0.7981651045501472,0.17804952746115693,25.736261084385525,0.1743733782002989,-98.174810625851
3.419483811626336,10.533043765939972,0.66125524032442,0.6428140397590778,0.7481000686932516,17.78365435511399,3.2008691887954863,1.3352859129041972,1.1226828143412124,0.731768516491465,0.48218964226534644,18.507569968632797,0.17305757627013363,-6.733205955559896
3.411919509275745,10.535195693153875,0.8699581064259319,0.605493516087539,0.7286354245074422,25.78384026131424,2.9009333240441193,1.2257048844848257,1.3122150601267029,0.7928756967095387,0.33907861788652216,14.059791596526953,0.20601971127332908,-43.0478148860837
3.4049520464178284,10.031812485427785,0.7596827557452098,0.606466241599332,0.707615203929581,25.16761672093618,2.906237849344523,1.3566061839580654,1.1208924692030735,0.7658480511843583,0.4736872738641442,17.206493464123596,0.18910945922007255,-107.04469648026743
3.427574789781839,10.35062101996816,0.9055095974062567,0.6978756846016659,0.7475470997592665,19.62422714721569,2.892913308901072,1.123534750421918,1.2345239078311259,0.7507948819241234,0.04194500869507979,17.171425982196975,0.17984991153197216,-105.99149554318234
3.4082577812076997,10.815047310110327,0.8185371692566227,0.6911148039724331,0.7702000024245057,26.817297039919946,2.970108352938564,1.1121180996648252,1.18397370388824,0.774487748327264,0.301494507554775,18.040974191880398,0.16602964631812056,-14.004459687195265
3.43538831505325,10.150390854243273,0.6948705652750955,0.5652170880338434,0.7024053071424187,18.827119167667384,2.9632218447662315,1.3275743331897978,1.3848917766777364,0.7741008907905748,0.37218347531116924,17.97651203261005,0.1778778022260018,-42.24710401551003
3.419876993317349,10.167355027031219,0.8668555050154383,0.6046301160227816,0.7630993251631103,28.060520020227496,2.728746882152978,1.113513577212832,1.221717067846008,0.7507393249811185,0.17688068269766044,19.911244418361083,0.16513541861506315,-123.29493417033103
3.4156570860344218,10.696266778322743,0.7170445738672306,0.6619673771874094,0.7235257237916854,15.668016305246137,3.063405231835165,1.1909408358857116,1.3079593276040826,0.7674565242356083,0.0008726779687625566,23.345455926729528,0.21461392461244078,-13.610439317510227
3.424844889857462,10.017177150264413,1.0222385001387764,0.656379462241594,0.7528098948566494,27.60643420118118,2.7382220774745143,1.1416017312426194,1.1062923606955715,0.7962789028181635,0.04161106346015269,23.54727962772125,0.19291664164652447,-94.28480682123092
3.429879072563143,10.67903354662614,0.7520254592568439,0.6896666698785181,0.7313623305222116,16.330502717030583,2.6513631147039547,1.1703693762486438,1.12947569409695,0.7620623458712935,0.19482835119783187,17.261361481145475,0.1705634390282975,-77.39486545226404
3.4016575007274366,10.831380718026875,1.0172397198628877,0.6222244123231958,0.7034446639917119,24.648356997864752,2.9126669180762574,1.3030302298856467,1.1667777066038618,0.7047783657432362,0.24815471439292677,21.188397707019078,0.193150970326601,-45.166623901412166
3.4026638402122726,10.513019891222461,1.0243861176460372,0.5795459228755873,0.7476575320864641,16.02473327763603,2.911709862018779,1.123830165919576,1.3894809177840286,0.7798644340677503,0.196097384775421,20.67843344359344,0.17350130778575376,-9.936160412676315
3.427710991093978,10.27444873198742,0.7987472597564547,0.6331624712960128,0.7299944237224486,25.248571254240396,3.1119365256441043,1.1647758382356692,1.1519064000898587,0.7654812178134026,0.4249512202066144,18.456354256499587,0.1671691218594293,-11.139864621417388
3.4385032994839158,10.512529453493418,0.9829156667111123,0.6386605095822717,0.7108806332925416,20.305228155851164,2.9510540019690255,1.3073763725356302,1.2499611171016853,0.7084584133311986,0.2585013483620563,14.378129107346487,0.20707445978524194,-117.42580140540743
3.401108373357499,10.448402474127063,0.7161275564503232,0.5692335424917201,0.7565956289425582,28.347451688866833,3.1390577854178656,1.1438662765924221,1.233740477494547,0.796022967712022,0.14204058439012934,20.346361150990525,0.1807179726935895,-98.04150216462165
3.4253412013152422,10.653469893645932,0.909530845064008,0.5423595474921787,0.7543432479799441,23.814100348824876,2.7753547706859827,1.159175393462857,1.382217859112602,0.7148763961215712,0.3159537662580205,14.791235645163006,0.1561992242150386,-36.803104378499114
3.4022313866120144,10.89217720009417,0.8809416232855615,0.6071416617394395,0.7036842301429015,22.264848978482473,3.0110319281198326,1.2865781293364205,1.2606289359354492,0.74335216356654,0.42617205241078887,19.829805512318792,0.17242099634914904,-88.01872465437697
3.431887822280174,10.639819064826124,0.7824209592673954,0.5478339991105987,0.7204836505461357,23.18433020542535,2.660614762201658,1.182183983029984,1.1502002850000739,0.7359954167998316,0.42605951778545625,22.0211321730433,0.19126274154299389,-36.56363114833242
3.422101135232814,10.127495360052006,0.8813178326727146,0.6414362068943271,0.7204656696760617,22.02236515961748,2.9160104254548793,1.253291810728874,1.3906910570808344,0.7541318794137377,0.2547405828983214,14.927549378522103,0.2154850606947668,-99.89147421179497
3.4321056651105715,10.602723695223604,1.0260189482795012,0.5687100098812445,0.7699828476382993,18.428908530480193,3.1180971371005866,1.2537777661474587,1.264686375562529,0.7728741912160216,0.29360987035545055,16.26235731307189,0.1900130053195121,-118.44980846959204
3.408517860261368,10.462040300365722,0.6692959391163417,0.577567606011762,0.7578853067040195,26.995001295917113,2.7706951015438888,1.1059973936322558,1.3479575302408586,0.7738299728384886,0.1331043796788357,25.978577116471662,0.17152350612853803,-42.441611924116046
3.427839720917648,10.225041065067796,0.9269429295321396,0.6226824143715365,0.729890429334983,26.90239365207323,2.8535250719332015,1.230926795352951,1.3980740490141417,0.7877071301793022,0.16463417075845527,17.724194425552575,0.2154768303151543,-105.30503241579731
3.4297247012320558,10.09197148505374,0.8971260575918013,0.6690686273924147,0.7087703589068107,21.64615256705474,2.8264554721585915,1.3674087082792583,1.1214776332595315,0.7400188737416601,0.37789651987344497,21.534195455236173,0.2163695700283562,-63.12872017208809
3.420532927415837,10.302999707133505,0.6604181798759352,0.5784386576559009,0.7569906957432806,26.997355740599723,3.167473333916951,1.314057212605841,1.3654331222866056,0.7659977388887226,0.4294046194669452,22.702271935470968,0.16867581663420605,-117.18650077927231
3.4254511714831866,10.056820360910868,0.7542749859604797,0.68811602594154,0.7240300808006378,15.836956274581148,2.6775733668909534,1.3091225223455956,1.3571868660644402,0.797943172710655,0.3188974665658942,23.978663128760047,0.15040819897086277,-114.22632364288961
3.4197905364712446,10.854186789331898,0.7051071391023429,0.5987628950192836,0.7150363349154499,16.668982253222634,3.1153140297403397,1.1310314909586985,1.1021726980633786,0.7271659352652889,0.312158089043439,14.864254668444262,0.15447170931315896,-62.537940494997414
3.4251603613723813,10.452758456739051,1.0071372091192465,0.6341723246332308,0.7082177060373849,17.047811200108693,2.662333289078985,1.3051741099990397,1.391160235964104,0.7501178820900588,0.07185742451517102,22.11390320148522,0.16511367708435193,-45.26244719025415
3.4345364943321974,10.39123120212146,0.7242349932943812,0.5752255289840784,0.7771911687653345,18.600014156659704,2.9962855229408656,1.2754755533446245,1.3309272416470865,0.7196921342799993,0.28207125366620445,25.91003549061167,0.1726585153004591,-108.93528607092219
3.419216816116472,10.321774893876448,0.7454429301403469,0.6279677417352916,0.7584189149267011,16.211965062017228,2.680881462960407,1.2751551889532289,1.3030617428782816,0.7539047592901073,0.20573291926393603,14.764710891515131,0.21024383946256808,-88.53745911338302
3.419622982518447,10.669762496914213,0.9196736323944815,0.6435219891099904,0.7299865616410602,19.848621516184817,3.2198719011043306,1.3210676090781588,1.3363547616663045,0.7094480207390539,0.4521678303104437,17.244413851371604,0.18039541477011348,-1.824149666354998
3.401057113892365,10.67035534556376,0.7927728359307533,0.6104726832330922,0.7567276348809032,18.00376702998962,2.7591340111712768,1.147682745948098,1.2800603868606544,0.7529726619253935,0.26928748846351713,25.05828162569688,0.2044375915516064,-97.98278912611394
3.435754045879947,10.414628324629016,0.7555050801148645,0.5505124562395162,0.7750581327209684,21.35807374321462,3.2166265782503114,1.1553226271883459,1.2203664217314047,0.706601109620607,0.36069524107050016,21.340480350773724,0.2097284149550715,-71.56904666582182
3.401558450360552,10.076669555674123,0.7853431959063412,0.6212488260119889,0.7009794416113562,24.930422850803865,2.914733197636188,1.355134973581006,1.3540465217811728,0.7437989149350801,0.2449585506438472,22.292503874659644,0.18968935820550933,-30.60269547474033
3.4075702914942942,10.615454757986193,0.9119443417554456,0.5967754336805957,0.7688105569243299,26.884724220732018,3.0813738955737846,1.2210659517038893,1.1611028999710524,0.7117421088566714,0.26575159742978477,18.35481245030377,0.16360074470577984,-9.546281993910867
3.4362233642353925,10.061979388954132,0.7224139829096141,0.6709236467861114,0.7586699284700545,18.1460814022972,3.0070402933029596,1.2452903552868788,1.2765808389534445,0.7848183972478687,0.47810217879025424,18.497054825987664,0.2024529884977058,-60.06479102277149
3.4278608619333997,10.209073871111226,0.7065120636030465,0.665809912361722,0.75845578664457,19.09238690572834,3.075394935570312,1.1919603308423157,1.1200649848875577,0.7797847654102106,0.39202799625468776,14.284777341277767,0.15598407592743083,-92.33166795000969
3.427651004604812,10.413467989605268,0.8563565128822677,0.6021599677012348,0.7590466900933578,15.938866765247793,2.7025684671201,1.254845291003537,1.1871269815521925,0.7049793811167833,0.3540999218838036,16.191346985484678,0.21746928208561728,-48.544749476863814
3.410087528650715,10.184365597953214,0.8440752489388064,0.6563221476150007,0.7284555650730131,26.04701474364478,3.166162892847633,1.3131490066232794,1.3715523117251396,0.7433348757280713,0.12517605875678725,19.858105166028306,0.17847113096334635,-50.44737064356735
3.4395397811058945,10.28933950554755,0.8686200776064563,0.6966455754089836,0.7725318023011971,20.999710083894644,3.074361146610075,1.1811087670779505,1.1777380262709995,0.7652605348096573,0.2561808881620385,25.62553980690667,0.16151871856991196,-113.60045906365855
3.4116114161590705,10.232683969079774,0.8185158414008342,0.6720594351346498,0.7420583328650486,21.981490017827213,3.1102951470821725,1.3371469676393162,1.299062582364911,0.7912954669097821,0.05012456183029569,15.148872815147943,0.1820444488965459,-64.1227234407975
3.4057029591093997,10.409769097317639,0.6613326705683076,0.6891718775934175,0.7102049108492101,23.27127433484252,3.033060125448261,1.3064985931009312,1.202608604856611,0.7080076915389446,0.04423274683929943,15.810685945128881,0.21847725026891499,-47.16830570917756
3.41776386272794,10.84159685384192,1.0101336482495948,0.5785366894648595,0.7069040746761642,18.62545619790795,2.951750354583322,1.138804718368987,1.2548744083354428,0.7066329760482238,0.15984555200216827,20.41510660597395,0.2039059672025002,-118.30870241456762
3.4053355717104528,10.046583442440255,0.965789795550289,0.6785079499266718,0.769436805973673,20.80031627036622,2.809202295257266,1.268156278286177,1.160861853824905,0.7480835642450009,0.478798433050344,24.05019695507785,0.15963251766227948,-28.176702445672333
3.4288074642599082,10.816466038588787,0.7523605706305952,0.6301492006780137,0.7615749238720416,19.618975324697857,2.942743814755487,1.1404351656641478,1.170829617157578,0.7061892999217169,0.029351744077186794,16.819990795329055,0.1767973648054726,-11.995041339468727
3.4250549965481656,10.647810032615983,0.8037101439430743,0.6450906439713988,0.7276638809710212,27.103070901402763,3.082631683733718,1.3655454101732332,1.3228592884065884,0.7932436816755728,0.4481683331730771,16.796351177362403,0.1723770097439104,-68.59734197185477
3.438863838267482,10.49683115760787,0.6703772238982881,0.6429643365690104,0.7029695147530697,25.421825493783203,2.908373375041468,1.270241536113863,1.1429549827446939,0.770535324894898,0.174774247738219,25.398061717198573,0.1964434126317183,-75.2257309404514
3.4350178247664545,10.458058528890113,1.0243653140905438,0.664389004972166,0.7685936722813267,20.24657872232992,3.0177947145666097,1.1624421939076826,1.3564700980512643,0.7922546105714469,0.3208376830841135,19.461137359442983,0.2018198068900881,-64.71410891344775
3.4244835754628897,10.714998872256086,0.764703466632254,0.6036115374290254,0.704278419171901,17.517096469431756,3.0699391618143004,1.1041785533088877,1.2799040707794889,0.7302507189439625,0.14609233279913508,16.11720375657038,0.18341369424696702,-63.77667900382887
3.422107399230378,10.327656714687391,0.9156904451629464,0.5668188483792191,0.778371943146939,21.40706007585633,2.7800411966097776,1.1746686319839397,1.1997381512494991,0.7601450181028105,0.41004292364798894,25.108931243773476,0.18171279147286018,-91.72600311617487
3.4274541282289746,10.397019689691627,0.9384094351127763,0.6199567470627558,0.7493413028869105,25.693107521035234,2.6909039409118556,1.2135137557054188,1.1614475249634255,0.7481994744722397,0.4113470223310704,23.94608217261527,0.19255807585996593,-32.379456891828454
3.4044194434032535,10.092856828266617,0.7268784378251129,0.6623569925322889,0.7740384341631403,15.52685995108897,2.7291489405093965,1.215138480205389,1.234162940860761,0.792853574485034,0.17284765412098613,19.95260875183716,0.20116522776733503,-38.304348157952504
3.421582675120365,10.8480312406148,0.9024179755402923,0.5957978025163709,0.7794001003507351,27.540985364562758,2.673748178609352,1.3106729145382205,1.2529221739995673,0.7750296315672018,0.4590742831801767,24.40258709469884,0.169865573916827,-86.88364818554584
3.4289548091668967,10.637077757709534,0.7067424191574223,0.6692831268998185,0.740256216801587,20.808048722186218,2.8437972902326427,1.1089535106814625,1.1685625873322387,0.7740723391387797,0.32202164051147386,25.49273706149781,0.19768184378340245,-67.519757709369
3.404427194857831,10.59685544799459,0.9826022828485748,0.6055157454896416,0.7502094160471443,28.01816927196155,2.8320867744963363,1.2679740336311969,1.3913402562334247,0.7170928894351326,0.3934120511596718,22.31407305541102,0.15689889678344693,-63.99318216082792
3.4260392035561495,10.374631232414163,0.9366382546269307,0.6210038995074592,0.7720159551502164,28.01354657927908,3.06499623293331,1.3010508453229095,1.380491562715231,0.7995789374474906,0.05386934161183859,23.066117077613722,0.19928837509816993,-100.69425355861466
3.431645138526065,10.55931842963598,0.9285934899868522,0.6783916991400933,0.7785516185058406,25.896048945090065,2.906702063577551,1.199971345794867,1.1596963281657842,0.7879568359240462,0.3435987774627185,25.788180167355403,0.2034777685117552,-88.10127521051858
3.4110679791806526,10.887901091960103,0.6817600785541158,0.596548212885908,0.7291025948058526,23.767034574980954,3.169950485131515,1.333817288920514,1.3766290202920075,0.7368402382501167,0.3860043474882095,15.881143176502095,0.19692293057962257,-103.70190617062998
3.403339673744643,10.325315565496828,0.933983312672047,0.5401974789872984,0.761766285308663,16.4788929080947,2.8113987895914163,1.1907887412810427,1.2813152147181932,0.7795674342368354,0.1184178618975711,21.87402064711657,0.16717150985611176,-89.90125936503861
3.4169866044799093,10.282466522876142,1.0019352761161102,0.5848078948083925,0.716424465977352,24.568066408620375,2.918148991922734,1.2346967103278932,1.3311939531231975,0.7209634904891735,0.16017884766161766,25.254669568983346,0.1912397903134766,-48.135536669148195
3.4073019055443017,10.23776577408902,0.7633063836373093,0.5654990032288129,0.7780285036009391,26.905796102263725,2.6438367022668583,1.3609851536479065,1.367187042753189,0.7825593623808874,0.4762648623388835,21.34642915093478,0.21882636085760598,-108.14766698556993
3.43194894864572,10.288536400715914,1.0086495820792183,0.5844367922131166,0.7539995104072036,16.167270239042438,3.115821214776394,1.1962168655548142,1.1660052764815307,0.7069865168332481,0.021228561504234966,16.038857488773495,0.2155488795242906,-65.5701261742235
3.4197170128139374,10.607883180454728,0.9362686964400002,0.6230101361938107,0.7229358640512515,15.433032671039005,2.92511799449917,1.1115441176758483,1.1416047785474588,0.7508820095676559,0.19138245044187105,20.436630551691568,0.2040830810209635,-17.169583832815164
3.4253613291161997,10.122882202356035,1.0180015134838787,0.6450168818097713,0.7081852064801315,20.847741603602138,3.1254203586715827,1.3001102717336999,1.2146437884264418,0.7933131904637104,0.0135430906741637,24.06285055445117,0.21568864975378196,-96.18457943759303
3.414111312060967,10.109983627842963,0.8038449432303394,0.5956753271411809,0.7664657608961214,15.574443376620348,2.891701841078095,1.105289389159159,1.2424850396606075,0.7828942659373883,0.2684333544805212,14.107080682785217,0.19086536856541078,-70.28026791782747
3.4081926907037317,10.600547665838402,0.6995791437921228,0.6441399701827581,0.7632927844868042,22.614698480346267,2.70363466146558,1.1535710666193568,1.375071044243412,0.7632596389664692,0.33480918475579,25.25754054676043,0.1548425677378529,-99.2825919227003
3.4341666153009727,10.371902997652361,0.7893648262413431,0.5924693732781328,0.7497677078159187,25.580017475466185,3.103885844813802,1.138645222482215,1.253503659741649,0.7522643113279494,0.08930047347284993,23.38064053270281,0.19226899072413345,-22.524979857675376
3.432060701439356,10.551168706948383,0.6871679562525763,0.6265509801122484,0.7177112363813064,19.53894940304334,2.700858900373367,1.3552401887452883,1.323602591891123,0.7040927517405913,0.28416454706082556,17.50259935025467,0.21852464799982202,-40.27465953844147
3.413847756565327,10.468998658016245,0.9243562834961305,0.5738016571510126,0.7538809194222446,27.099392186630602,2.802116044653377,1.1872659005765935,1.3637764042243765,0.7602531503784702,0.34806197345693785,15.667252882472077,0.21980004452016344,-60.46146393065066
3.414048394522868,10.574942935459864,0.9803002602472681,0.6133818572000638,0.7718015267235048,24.588406152833425,3.04526789378265,1.3393874319205084,1.1345623749536558,0.7693313962134961,0.2619209692355918,24.77915403829643,0.1602333943188983,-20.98452366074973
3.426585474859106,10.53040790238512,0.6655319216446185,0.643329292649053,0.749044339176217,15.743402608445853,2.9387624287628182,1.3653016050678248,1.393824315473058,0.7214441084687498,0.15238113918447044,23.594575445690253,0.16619081918799541,-6.061723388941928
3.4318602642941443,10.348106031549477,0.9924520989524769,0.5995711954837049,0.7696178287712617,21.103761544193514,3.074585315732067,1.1530128352195568,1.286486438247029,0.7670007156543511,0.22354161572442835,21.00665492091704,0.1554937521727106,-120.17684460970781
3.4005598189616832,10.436920102778986,0.8641045826907894,0.6345534276443459,0.7156559949117994,25.216819055103706,3.0668471503777455,1.2313561557221213,1.3882696193010042,0.765543840035203,0.2453843242712303,24.013662879003117,0.2108588996977027,-33.681229490815454
3.403564674572984,10.814190542008904,1.0186843316686365,0.6941059391741025,0.7300725219986747,15.90252720743611,2.945836310378132,1.2974922283020505,1.3301681275089308,0.787180120579043,0.2512105998675847,18.31927250836764,0.18060895530028778,-42.91591124714424
3.430884575872221,10.061215828077863,0.7493784362785261,0.684462811751991,0.7136364720938538,25.800089565357787,2.9612096648521025,1.3389841150055537,1.2106163271677195,0.7268774875505973,0.22413908693207668,15.103482178311456,0.15554827419064415,-37.976034483021095
3.4056625645286216,10.88467549301417,0.8362926462588143,0.6435162924743747,0.7121452414363629,23.081098276824655,3.0559680501938176,1.165258531702845,1.1049580013188391,0.7731356379544571,0.42012267001319076,19.15265045279402,0.19659557516505577,-75.19201853499979
3.409535445643935,10.086756671054806,0.8346786913382482,0.5628308283631605,0.7034324057257447,20.619887384979414,3.048775130625368,1.2861433167558165,1.3623488523518765,0.7912758384133481,0.3207411732257645,14.440429713680633,0.17087303091155392,-103.95978805634795
3.4080341700569816,10.436104097441545,0.7338560352615144,0.6666047703332538,0.7257266368415846,15.556526164685192,2.9554052722160535,1.3176403062757227,1.113381593198797,0.7158372501436135,0.16300817169714404,16.81254795668192,0.1573801637011322,-45.436837242117576
3.408173501400659,10.569774356917275,0.8135419796780295,0.6681770216796284,0.7127781007627252,25.077224650006652,2.7341678123150484,1.2879609168097352,1.144242002152327,0.7123570216368234,0.2539598337398047,14.197377161175753,0.19893680904239433,-11.698506604586001
3.4101764229416642,10.884759026087478,0.8241277886957867,0.5635923482252616,0.7214561158483157,17.003100444233393,3.274036839299638,1.3829706947968952,1.3181096602661948,0.7837943426355378,0.4870879069863172,14.08456814915967,0.20779139302109334,-106.01392500173124
3.429278084078228,10.313804917877185,0.7497953246016988,0.6985589950608437,0.714295586451161,16.787243471347143,3.0817719010515945,1.316256621525001,1.1512597747777518,0.700902335500728,0.020941531537540605,18.439855590968858,0.19084567819443998,-39.28989000356968
3.4146695574790806,10.84150147058077,0.811982243423789,0.6485268102043379,0.7080668223204463,16.73748294328338,3.201420809145539,1.3386824323235516,1.161010787136492,0.7908271390963698,0.2697305942573322,24.52080643285844,0.17952122526372782,-118.71224748650476
3.4346582092810065,10.766457255939448,0.6639272480225767,0.6711775187555781,0.7235003920510538,24.422159335950347,2.8713558113438005,1.1277401925171369,1.1890724057325204,0.7636466222028543,0.10559077332329826,21.43664900613568,0.20801428626226776,-28.9213362991497
3.4372889417752313,10.581544036639722,0.7871160671997117,0.6533942096408223,0.7321733797910553,26.536634973970397,2.959583498693568,1.396320344452172,1.173558566443758,0.7477852815351717,0.18725201242710915,18.990219708221055,0.1809175956419703,-56.42608006763682
3.439809357675222,10.892316441922064,1.0093890745055856,0.6622915509490914,0.7289856091684499,24.170607752093787,2.6574952487997403,1.1304926212785933,1.1406717053239468,0.7911241962256165,0.09182736067269257,21.650142929217633,0.20680457226674795,-19.228288060295924
3.4212433808378693,10.229888226141467,0.9128125810241807,0.6508508850940428,0.75875005049301,22.8492693366436,2.992724635455262,1.1315924030349338,1.3939178534824541,0.7500566302425512,0.3534566881577207,21.91282166803138,0.2122505403523018,-102.95581045122353
3.4142487897801916,10.760382102498772,0.8462040254275348,0.5734745603740368,0.726515604294427,19.781452510607163,3.1122459760443397,1.3523994908943735,1.3613950756910604,0.7575105127429062,0.03294193828312623,20.411189042832085,0.15990492725963068,-8.342453056752788
3.4148389379261923,10.86157952618146,0.8083802762515573,0.5792057570244442,0.715420097774696,26.43838217872601,3.2593835595171576,1.3752146339275773,1.337202676893813,0.7733862330766063,0.10110559043202172,25.487281943668542,0.17168055265883836,-34.810719554350115
3.4226292468573822,10.467529803858591,0.8081219465094035,0.6968258185347139,0.7734597468122013,15.36071194033715,3.117888770810877,1.2717216320942346,1.1739902207237374,0.7061025747108166,0.06497619264351778,16.778179575391317,0.18885404668390438,-80.94834381874963
3.4133618581473137,10.353419628644774,1.0144100834585625,0.6260493281866952,0.7209639056139334,17.837540519671517,2.8182300190978054,1.3775144355598894,1.3123161187970205,0.7218484294944142,0.1323863810574933,19.036533567737106,0.18814774862488035,-70.74255439394337
3.4236884212290164,10.656727329220129,0.9439613270132912,0.5528594499807495,0.745073065229102,25.673588422496238,2.9193022879889097,1.3468090015164933,1.2778171280282058,0.7571698557333415,0.11298865616790005,25.298898119182397,0.1637643094015082,-32.185053762641616
3.4111729328263833,10.593585063037064,0.8841766086603582,0.6519670432356566,0.761629667682608,16.19229866067988,3.1003577238046374,1.2347343263898134,1.3498521687187175,0.7526592676497255,0.30434286500473223,16.994681204932462,0.16044253863576008,-96.82724432888348
3.4031791301418792,10.148891279598086,0.8203765921864221,0.5869356558675954,0.7498328290435313,26.830117136992776,3.0579860746577334,1.3994560150923099,1.252281614913434,0.7662816669101458,0.3063044750921421,14.94740312921282,0.15020660954470064,-3.254552005624106
3.408300202949982,10.650008453271578,0.9222122421154397,0.5927409522006232,0.7683005140435195,26.984246829368995,2.8178079969812084,1.253950827726823,1.2397287432613098,0.731395179012562,0.2650882203426481,16.358922378389032,0.19562082580822637,-7.097098322825033
3.435913209487825,10.20296335287752,0.8740646464089621,0.5587849794612383,0.7656237517878907,19.43765382980984,2.701360020697712,1.1939505153468029,1.2519390037529239,0.7620535018248623,0.3035259304197302,24.35785361951583,0.1889666335014084,-46.197810306598484
3.419594371939144,10.340209821657206,0.6677777042063273,0.6322662329677691,0.7756001177083919,21.831958242634855,3.103526297116917,1.203221390383105,1.3044610853452274,0.7616079032178898,0.04630272398601958,15.802014138955023,0.1807062497072609,-22.76000822993413
3.4320448691074312,10.041965296128089,0.952889030985224,0.5583521132210395,0.7158039789859639,24.144387970819025,2.6668298266057655,1.3185086889029336,1.1080798058230916,0.7885082417974473,0.2138733683948666,22.766867421657388,0.20277596809347423,-67.1907393904115
3.4134960255765745,10.840188176083675,0.7684451600113534,0.6621558640402199,0.7600962039112045,18.88287884423174,2.999861036471247,1.2602102448520602,1.3069494178174548,0.7023154152805348,0.2630032273106471,23.46665644824651,0.17089346519415072,-99.81460381138855
3.4381487574089142,10.050883230703592,0.7363097103795004,0.5928199847810682,0.7667528819844975,15.377712759755367,2.935673535387732,1.2492186508034537,1.1738276198053865,0.7000737687120085,0.3186839709567203,18.50314399402339,0.1773098387621306,-28.18753960422734
3.411276964207162,10.015354477147811,1.0096325850423309,0.68408140826412,0.7038661908954277,20.80664524878908,3.212481938759344,1.363087013186894,1.1460637373823104,0.7597839042164167,0.05672038022867863,21.50751373768788,0.19268534019878797,-95.44531343011599
3.40108393023034,10.240615198990232,0.9503527871177418,0.6597243641969561,0.7593007677214789,20.134897582181942,2.640988940912982,1.3189748049091978,1.3248447818382187,0.7701966225604355,0.33090958462090153,19.9418811565014,0.19238256727096642,-18.652885840929457
3.405112784534842,10.3828085908793,0.9358940747141744,0.6112308445737539,0.72591278493539,15.879870882349868,2.765349701631587,1.1241246230680475,1.119924700263482,0.7409426951250591,0.3463283714874968,17.947027099718163,0.1990714713087786,-97.72164016092312
3.4165790727279126,10.024405641004508,0.9074534960737153,0.618495008053456,0.7112502270279338,22.80480400523864,3.1603974207753933,1.1174284367512053,1.1197081685916872,0.7481580346207,0.2965933532892079,21.976103115324555,0.17509858723102018,-110.28498786204247
3.4022006751828098,10.378680004418513,0.830564057685245,0.5661700071687115,0.7652848905707988,25.74716483593818,3.1988846679109635,1.233946136995794,1.170714464366341,0.7007838998405579,0.3824671217358345,17.86648068743972,0.18458679973658665,-93.03188211723437
3.4198950074455188,10.042445570141885,0.7313702809607687,0.6161467564633507,0.7742836459587022,28.145980267151955,2.960584385078423,1.1870650084991292,1.3110351356510408,0.7852782770683353,0.16603691181702426,16.879368708567224,0.19901392958541173,-110.4255601002708
3.4282039615626707,10.132419402860755,0.7907137957740177,0.6161796948219873,0.7185906425507518,21.665157073994962,3.2013944026124737,1.1245134241710772,1.3687010229290726,0.7578348149172762,0.44989186838799494,14.103179818952025,0.16419307517549586,-62.3928746192843
3.413206196943372,10.22385030115549,0.8209566536256951,0.5614345839059918,0.7062389623470109,18.751476044161496,3.075171626364,1.3893349906973125,1.1851620060876058,0.782485666129165,0.33496312154974783,18.490240308038267,0.20360614561159826,-44.92387131051406
3.4099925941618654,10.233937795679909,0.7970519092191819,0.5513179691329765,0.7140569066073883,22.593174150189633,3.013384913740817,1.136308741619323,1.1697197056267066,0.7716375235484891,0.29007300435927597,25.279748093104256,0.1924585075494122,-118.34090226612595
3.424824279633234,10.22261963574053,0.8214252391444352,0.5558314652814689,0.717325472657057,20.578675714945675,3.0969019085531686,1.3749700314284858,1.1515219039490594,0.7558927508853301,0.27509397464734064,21.281338633003635,0.20840634852455897,-15.035349665535875
3.4290499237033387,10.60413708078785,0.9875418406350523,0.6121773495227505,0.703573377299058,23.28168936753935,2.7742090715488197,1.1817329646930843,1.3791399328507759,0.7064805743463456,0.08713631223763424,16.17801725777109,0.19066262262592282,-64.97526578834726
3.4200942025370225,10.309216028358382,0.738193879533348,0.6885780501914869,0.7499697708163474,19.903238693163956,3.056518803819939,1.166177725996341,1.2844193499398984,0.7596298538694805,0.30904951917926016,20.232813795294234,0.1849331655912954,-64.95582549112899
3.4116779407458084,10.127776601758628,0.7754655518451359,0.6074438530160647,0.7235173184263457,19.12955822377748,3.197055852042389,1.1911466858236468,1.1725852139007438,0.7768184138160484,0.33103452853652193,18.819387034463915,0.19773770791127915,-103.25311982710237
3.4239546530726033,10.407819347065022,0.8467629427917008,0.6788875960300529,0.7301227901464908,19.08124540754467,2.8681482953782926,1.144935656896413,1.3911274277974293,0.7207860646556459,0.3336941916056126,25.81436890284795,0.1596488875106465,-59.91566120381593
3.43583570229227,10.770641746804595,0.9310610392087502,0.5475047675208853,0.7636135333692042,18.1867511007064,2.6533809038468865,1.117723314859545,1.2953905753414983,0.7081741299911143,0.234293570458895,22.17915351853337,0.157540750645036,-67.93506845889902
3.428580051404141,10.161131938778453,0.9837450569274473,0.5558104214585364,0.7074304212612739,16.23963676988807,3.101546250304951,1.2987813532161137,1.2110752791186736,0.748102400252662,0.16494027413799844,23.907424923675805,0.21160589950655792,-14.322809673679274
3.426759984949658,10.788840333861202,0.7974609748971204,0.6124190331193657,0.7100517246985736,17.164445710928074,2.668571816843744,1.32333352430327,1.216786358485803,0.7859712891911683,0.2731129709018215,19.666009681205516,0.15157714694166063,-79.12505854125521
3.4198045877097845,10.475113452608236,0.9544876273449816,0.6141342416474597,0.7252047044193821,20.790453047410146,2.992477154262221,1.2661329660137441,1.1596441877792356,0.7535407083836964,0.3460597198926535,22.495650207120015,0.1825662328572376,-93.59386021075758
3.4239080997757485,10.837688143117585,1.0184924410834233,0.5747668135624258,0.7514513824124384,24.018450465691554,2.8941447886557494,1.3245967547628794,1.2348986314362076,0.7298292985512175,0.018801257161296128,24.557328359275367,0.1555769667016472,-31.470637694396103
3.409898267873147,10.575474057952682,0.8399607817122756,0.555388673908975,0.7717405238905531,26.275815655474986,3.2585459362448055,1.3175621683866499,1.2284492026033895,0.7244031169465984,0.3798692549712366,18.3897202964103,0.20581113172112814,-75.92672072617452
3.4346075740893696,10.416829218506884,0.6828365582479647,0.6564162120615251,0.7162768975346333,21.56030507250028,2.8831252688642652,1.2423959842429373,1.208964334849004,0.7097636069003073,0.2891991083263985,24.600584856552796,0.21136738893818485,-46.53780546603576
3.41456477887179,10.269840876077936,0.7528161938407236,0.6118423127024539,0.7043061736435473,17.664448743605078,2.738718892970583,1.2020826199395154,1.1299784638733867,0.7206574238219088,0.30093923893303426,14.267485087785225,0.2005261280061249,-2.860168105492477
3.424904471196994,10.623931406022985,0.710388083706297,0.6406175949410361,0.7744285078998299,15.866349587599553,3.0691705873111834,1.3160181730572562,1.3643432858900433,0.788837832149503,0.314769137817796,21.869351692869593,0.19168458586527665,-46.21753817072553
3.413603713409486,10.588282055458832,0.817096154683221,0.685136166598448,0.7179282247509876,24.1274079893294,2.9519204184621386,1.3483063748954405,1.3342881472052928,0.7046382537266337,0.46033389429407856,20.861257782901273,0.20091548311644647,-6.04683019184543
3.4258861118020665,10.068553537560728,0.9188141436385944,0.6115582625859903,0.7615457539416135,17.278653870743792,3.1364838353361177,1.3181617884841001,1.3951347246791015,0.7875650672881637,0.22214948982130897,17.145306830009268,0.2018362409906636,-21.785310920546763
3.4001276406562946,10.383903150462531,0.7532707836345275,0.5693525697210746,0.7304456197271443,24.676529911714834,2.6619760130398613,1.17502110924128,1.1563887785698108,0.7349164811036666,0.29578586904641846,24.675395884325763,0.15434943013005925,-66.2688286937424
3.4134084347659033,10.231939680296598,1.022155615165598,0.6174136403383805,0.7747523214958653,25.809616084026317,2.7471687414438266,1.3244993588020892,1.1077307851634846,0.7996760502340625,0.27023242317374596,17.731881695501105,0.20734789012312255,-24.742436717233403
3.434151114697107,10.14555849418103,0.689394755141438,0.6806416348386981,0.7516763998646138,24.198517726871206,2.680201461090045,1.182437154274775,1.1931878136315714,0.7120060155385372,0.33667768438818196,19.915269834782453,0.20550242287305748,-70.19103531176329
3.431255330834307,10.487905781637538,0.9711810281006787,0.6533478584701047,0.7041161238110121,27.784573216401288,3.108305433280562,1.2763935794725545,1.341407517259185,0.7484113159514743,0.45457562364480064,15.757539204172684,0.19860299841923554,-119.06106618682975
3.4279195408851058,10.826162121479493,1.0113433299855241,0.5909867187326603,0.7715397168718354,15.850916010485085,2.9521306477554687,1.166395118784343,1.2657273264282396,0.7091479453824678,0.18546827129625648,25.96379384840905,0.1906187587585204,-79.65501345878319
3.4138805481253223,10.87415227602897,0.8156170412518722,0.670741728836038,0.7053399357035551,23.391661389188236,2.9744152954325727,1.235475786342264,1.251972968213177,0.7213920139383816,0.17105316381000532,24.066929961578595,0.21539426174379375,-16.06324826791014
3.429994474442726,10.272017784078887,0.8496384443086126,0.594259195881589,0.7799872775234641,28.10915686337384,3.186204000738525,1.1490043076183807,1.143650108534953,0.7173526898637241,0.1692726234172501,24.5163493047542,0.2103068477530433,-12.923478730786925
3.4367918388112075,10.662114979643803,0.9459681786303638,0.6715382013966908,0.7493152572933259,22.651266225169767,2.7111673665704568,1.3207485621674278,1.3279078837166447,0.7877421216170448,0.3167295577739731,25.902110469914703,0.17709743742484657,-2.260642379859476
3.4363927860589154,10.609139816848764,0.8850272153913235,0.5605429816138179,0.7064545038265945,21.46075178539474,2.975720886284924,1.264848294291427,1.3036258411660908,0.7676032828568113,0.3301329671342955,23.07067897648978,0.21289924211486466,-115.6043452368026
3.4204560514012297,10.626986101266281,0.6803685471237221,0.6363969188650215,0.7679591416747138,18.376661438833317,2.663689902686985,1.1676260188858163,1.1066861154520045,0.7093058388919473,0.33554917311111376,15.40286298048266,0.20727771354593852,-58.08633897887394
3.4045114817408937,10.859370284934586,0.8296025729613705,0.6709856704690534,0.7079038034889573,22.255658841028165,3.090096437397581,1.1722020029371425,1.1203221670326955,0.7892329927203386,0.28302020623043145,21.03865348438343,0.211115729421971,-39.51052238726494
3.4054736973659647,10.181546799549908,0.7430438662241536,0.5942777782341833,0.7471129431833343,26.094811058657726,2.888342896260217,1.1101236929794374,1.2029756677676393,0.7796214187817394,0.1248759114911106,19.23376312402567,0.19057622657504422,-58.768038778274104
3.4354845800649794,10.188755057911399,0.9005070589884718,0.5504342577015958,0.7481648038322772,19.916259932177546,3.2508248174263485,1.3826460738692432,1.1921002996330663,0.7650473148806682,0.31196717322284434,24.128687705465914,0.2044857074318222,-102.00451728985799
3.4258086705396082,10.636377518983192,0.7861566388393851,0.5402946193052914,0.7122541196799718,21.07016578853819,2.9414406824379484,1.1292401432107415,1.2802049911789612,0.7691458828805713,0.27592293149839425,22.94379626499639,0.16322503612870515,-109.20191222677254
3.4119735639109634,10.10401038992185,0.6672898534419907,0.6957675097616168,0.7604820404569319,28.398951634908002,3.247998741299377,1.196862928513551,1.13530833237857,0.7473199826628787,0.1306532673908058,19.171153885093698,0.16170863876353347,-51.6959024793385
3.4175925278993486,10.128257916286147,0.9551463150792274,0.6028698182580856,0.7225492892872503,17.09589882788496,3.248856561301172,1.172668729973182,1.2896801435628593,0.7404166264996982,0.20540940557474743,24.565114270164052,0.16422989800960058,-120.39495327504693
3.4195178173917697,10.096727938583118,0.8791188525100587,0.6679918516008375,0.7301185298736349,21.14833729053341,3.2537273587864317,1.3544665711626143,1.369478360658727,0.7896591968374738,0.30469801913406486,14.242046196892892,0.21507591141905785,-86.62787067927195
3.4221781879722974,10.745401379017961,1.0225703849988723,0.5736824230053462,0.7174628394017821,24.734153296670616,3.2225858945044745,1.2746773081810412,1.3403997632548261,0.7900242674350922,0.26512130179651694,24.199874177988292,0.1776436993226273,-68.0323803330059
3.4130773239538286,10.664094962098208,0.8673569248722461,0.5776707696706744,0.7605206201638085,18.606360811181098,3.2485115892756475,1.3831731972069972,1.3779824262903975,0.7708804625791961,0.12806010235842122,25.35548226024296,0.16039005019800898,-75.68184292583608
3.4167118294661214,10.787200130803763,0.8264684882864758,0.6725782810103512,0.7153502410910306,20.511774198853146,2.909651506513055,1.339352991102642,1.138690952516766,0.7181930732905129,0.11931999151592974,20.034321437549632,0.18240737994876932,-111.43771444342448
3.421420205283109,10.148038493863275,0.8606388865852763,0.5832143155148032,0.7026485172525252,22.59538955158559,2.698984890783002,1.2329489488739689,1.2822902097491475,0.7189884338115625,0.29906394904233324,22.02358544538702,0.15295893704406494,-38.04144724675547
3.4262519012866712,10.059942628408209,0.8587754122719075,0.5480268445443496,0.7465378606005627,15.988935697568047,2.9865126581583796,1.1839385162785814,1.2609956813281897,0.7858216440455225,0.2656646075530996,24.20968208447755,0.15160711009747505,-51.602725139067545
3.4255550673379207,10.222316735309645,0.8765480420386154,0.6032488442387571,0.7124222755517479,22.061507735246483,3.1791850508174715,1.3138515726737303,1.1523336557253334,0.7889559824874371,0.2541474730236939,20.759573832895803,0.1517355634221272,-9.819753032858202
3.400121260231938,10.053888368153277,0.8856839786854751,0.6426324545659283,0.7012055233517966,18.801875212769698,2.6687025533363142,1.1831610264218453,1.3183116379104427,0.720644096879442,0.03179042534928422,17.284738791762035,0.21597206286926474,-77.6971459329915
3.4177261992468817,10.662713937745341,1.0045463401306232,0.6785863113794894,0.7513437458788895,19.89039409280576,2.9085487885825096,1.2847886530925992,1.3683274195662252,0.7027057135678961,0.1479031257533848,16.919503719918573,0.17511971360994677,-59.74788990178273
3.4061617656433065,10.22038218597878,0.965106515538201,0.6283455024800839,0.7386558368405549,16.49232090533367,2.7620793002121853,1.2840601069447046,1.371338905537471,0.7805043481271436,0.011573473912757409,22.350656527450916,0.20632782632016164,-107.10240896874636
3.4259355686961572,10.626108244636152,0.9045803178889844,0.6454848366615759,0.7294883899883631,22.468698712378668,2.8478019463169133,1.2259241327024317,1.2398471187281759,0.7018632883961609,0.16823228983149655,16.237331057579055,0.19993432409057377,-122.14367376569476
3.4199836325154145,10.020181786022654,0.7609622658597474,0.6795942714501335,0.7136288855055934,23.2380374124779,3.1508747499787293,1.3329186876519135,1.3837977901574847,0.79106386587206,0.3578489115998277,15.60382044971495,0.1991642505532396,-112.62905313918236
3.425426820221474,10.541684550362838,0.6998979342827006,0.5603725249505411,0.7119623704211568,24.098933547727146,2.9019635089615186,1.3027244181010427,1.1495338976706164,0.7588466785048108,0.40134058216654367,23.001089689772222,0.15673678428700388,-52.450524432305215
3.4175178237905524,10.884904641075828,1.0090616499129639,0.583384596025483,0.7513135581272508,19.938923257303184,3.1461296076039273,1.2473199206072407,1.2086283574437766,0.7144830570824882,0.4422361469916204,17.6499728424938,0.1891244172919903,-25.547202279232224
3.4114025409644086,10.733294384855103,0.6990400086688009,0.6795005430196979,0.7085407053711537,15.541289599603619,3.2516537140312103,1.1697209762258165,1.3365495484528025,0.7127424455272775,0.12637177980170966,24.43290365969269,0.21873811313434222,-108.06780865997075
3.4216589537911104,10.086528557147734,0.6534164167717099,0.6280420261436284,0.7268341733262075,20.03936865252715,2.9841907182001948,1.2196168646799155,1.302858721208802,0.7590804677847024,0.09228263359554144,14.157492770960737,0.17014204945140687,-18.12090844824064
3.430125845391342,10.043983452636143,0.7670839221842018,0.5524372765566915,0.7133176972367262,19.06916247452815,2.76466965654029,1.2815618507743043,1.3087896690042355,0.7728652214674858,0.33885733802984014,21.44925939476432,0.1601885061515429,-5.049675729657153
3.4212975358595736,10.502585585151273,0.752294285306861,0.6286191538558802,0.703203609947597,19.80637553302705,2.9580047642389005,1.1136460183683805,1.3268587148062383,0.7678236061731508,0.2032590428556646,20.746059789341572,0.18709211625026648,-22.395641959350215
3.412807366302717,10.04785310994914,0.8434170334847795,0.6237153448946229,0.7510805763927457,27.652487909894596,2.827919280450013,1.1202181917424623,1.1686048043062092,0.7854639695952916,0.34381111859371305,19.40059172784136,0.15254229255304416,-20.70305913788458
3.433202037751976,10.198681280644413,0.7666911636858699,0.6851802676888763,0.7591116343297799,25.99512271747318,2.792727024182339,1.2617080890302428,1.1051578704525113,0.7310590868767276,0.22417315132944934,19.71832684039609,0.16793315615482282,-29.37023025411544
3.4325717523193373,10.21686247833837,0.7120387714688204,0.687715197147535,0.7293978280987484,22.132433374498124,2.9607600428929968,1.1671589230351778,1.2128635443414106,0.7756731423773274,0.49988860892185155,16.761497787487194,0.15524680488063028,-113.01212077704277
3.4070103664411184,10.691488162290959,0.9625298532633554,0.5806010700596564,0.7565706916736813,20.31836196240382,3.2612184597522034,1.2173267500707874,1.270647062867653,0.7206886736525052,0.3347560000989576,19.201327442818286,0.20826883766073875,-85.02080730681428
3.4321880965479816,10.577100980219237,0.9008427180432065,0.5438404579156336,0.7325078885967415,20.97617974234516,3.121702913153983,1.1281025249218766,1.2583692031772291,0.7042423688793367,0.246401423144835,24.74463745660135,0.18267896538648642,-115.90992597247666
3.433419842804717,10.644535744907177,0.7810579992996205,0.6732823531944586,0.75113155292873,15.372793577527322,2.772489627624671,1.2862615734077547,1.3272483999231997,0.7899221449863324,0.16466844228631253,21.720922787527282,0.18289133758299186,-38.96893394723128
3.417838093755946,10.832976132108898,0.7047356729804168,0.5727672929982617,0.7499168177625825,25.925495633416364,2.9351574219062204,1.1326424865698295,1.2004831057723513,0.798656150400754,0.0470760577948284,15.315322939026697,0.15529975086005576,-1.870790409574738
3.4240156740443264,10.273599647519681,0.7679178272962492,0.6154792712190101,0.7356159629402357,22.72380216002657,2.74310625481605,1.125209020609884,1.1902530233922282,0.7355108001915333,0.313177931819389,25.41136039443436,0.19803819249914537,-3.1341406334656483
3.4137103422360124,10.700002134922569,0.944736694424036,0.5772966782758953,0.7349171013624263,25.405728990153463,3.243189319136694,1.2033857312215999,1.2094380028715699,0.7328271493340535,0.061209378635474904,16.54414869847854,0.19896333861376259,-73.9052425357257
3.416141237253063,10.650417679072508,1.0090152958664653,0.5819928707167527,0.7327755915640187,20.02522586556892,3.215087733060317,1.3749820233137262,1.2367244084709244,0.7247203255787511,0.13198837855078968,19.25379905126246,0.1744144262461297,-80.67360307724601
3.408109320049521,10.768887162565917,0.7101356191118512,0.6496722127832508,0.7125276899005749,27.463330742515943,2.819154636588745,1.102287089274734,1.3609059001007837,0.742171530715458,0.372353366689533,15.304661924286405,0.2125987299994564,-14.767987575723765
3.418218055321274,10.568813368902514,0.8297094653951161,0.6342353667879463,0.745548248725274,27.57572931791109,2.7443176180100974,1.2098288443150633,1.2892320539426354,0.746509722446417,0.11815105271366758,20.59099483242392,0.1722004346370424,-28.0404916998733
3.403706469991218,10.183282582471465,0.6754706436751622,0.5521031188620928,0.7369035524710645,28.25217220456362,3.1447738734054713,1.313076079938018,1.131507550716624,0.7869624749349732,0.17797599923627083,24.069169578845504,0.19020472994735962,-17.899386435715442
3.4315859712423227,10.159021487917082,0.7401299859447706,0.6975023300549594,0.7432541622896816,23.335921852749358,3.137196943765786,1.2142101887401888,1.3275134751958952,0.7656773879033285,0.1387571770142277,25.916972727651487,0.20268205718293214,-101.14056061973395
3.4304818145852565,10.690254275731894,0.9076084770948021,0.6044085563833393,0.7423427214582315,23.41362021928551,2.8222971319227677,1.3571808136108432,1.24211353379383,0.7209540392264623,0.34118474606533644,24.252178674450736,0.1627146317576372,-94.51638328096386
3.437196837895585,10.73614042830981,0.7289418818142848,0.6044639019658566,0.7388606228764376,23.634773154083604,2.879655509588022,1.1936821079959785,1.3350458227321873,0.7676647999060243,0.39363320793709883,16.300056151600245,0.1915933224299609,-120.55827295904756
3.424704551218506,10.42251354154245,0.7705652011192511,0.5950269633678419,0.7732063299497103,15.718897646315584,3.124842784357545,1.2474162323815399,1.1491282690248166,0.7676222092285387,0.265551072289772,18.19838743295566,0.1992198039969013,-22.774535825015562
3.403553112939378,10.319615218787682,0.903310465792851,0.6536581723860312,0.7529085752457829,17.26512175140757,3.1460408511392814,1.1374744683677591,1.2060640339744653,0.7593565046947652,0.3770124512745186,24.04982405198555,0.1506654377878414,-29.431716494724355
3.4263419096490004,10.83084690181229,0.9631065141044726,0.6297396598000286,0.7263037626660184,17.21851957388136,2.7428248893809872,1.3458679472053856,1.3598765971266271,0.716672457081186,0.02653874626549424,23.40526342790963,0.1929372383557956,-81.49529249386805
3.437488343379996,10.628257843649452,0.6670838948060684,0.5743411072349901,0.7659725981758555,26.49547294303357,3.1668329167081337,1.1362983934661492,1.3058695202164339,0.735668754615582,0.160081892596604,23.57404215269568,0.15159025010619287,-38.6275901095329
3.4169796828094547,10.873822208251573,0.7721833686144729,0.6449846615324456,0.7331938851645191,17.969225579567095,3.0227216517212714,1.3770152193749379,1.1568003218934895,0.7835541392868649,0.14293574672312062,24.350745357180053,0.18523504749554093,-92.77735444364916
3.4189522288490473,10.00248385810168,0.8272736024750653,0.618539235658064,0.7163366951222526,16.72143021290066,2.75156072181979,1.2724422957572596,1.1917508282263634,0.7420487506942106,0.18324102548901533,20.997485477187446,0.1643026486453102,-120.1858429375561
3.431396103638267,10.61706313379077,1.0064276315716134,0.6300889412656909,0.7717465465658727,20.464991180026953,3.116149825543946,1.2157369170015868,1.18410393206479,0.7534655024312884,0.4018744603436656,24.699959712952342,0.1933872438439211,-35.54113576594138
3.416393529838105,10.663872434159346,1.0008474148864384,0.6647386701657327,0.7788205325897942,20.69274151953858,2.78474643087379,1.1495571270545941,1.3648268396117464,0.7261016272678377,0.4927472525702268,14.579435544014222,0.16765887126073273,-68.92227098087682
3.425273360496354,10.561399269693787,0.6725752464323448,0.566099886070552,0.748503726134219,22.259095873196173,2.970748018731658,1.1556749564065611,1.3017278389598688,0.7148204780428614,0.2864145008517697,16.786951679073276,0.2183685793315277,-109.7184665848568
3.416398989627529,10.734033532718627,0.6513249708103953,0.6807766717707509,0.7419008126819752,18.678578801250666,2.943859459579399,1.1467590016973537,1.145049030889642,0.7351544883331648,0.4238327140774089,16.84337074715901,0.1768897994973496,-47.5092246076118
3.4250089922750195,10.802755372923102,0.9521513117182532,0.6789108961943424,0.7402189242612088,17.331473582899832,3.201599346778696,1.192853793982464,1.1233359446376847,0.7185145058480271,0.18155457275989495,14.556194739126868,0.17750169673653182,-31.530478434182598
3.4254466120856146,10.442987133014087,0.7069493319618065,0.5490331358442736,0.7768226461416899,24.00966549967954,2.9483928652372096,1.3687033656472112,1.100855894086603,0.7712093113578612,0.3899852274250168,20.408317930268886,0.19455716248354007,-76.20333651224908
3.42539785102228,10.412926981582267,0.7083252398803445,0.5736373337559243,0.7308960221549774,15.733310539865547,3.1998135893148834,1.247892087323296,1.3530568938311758,0.7850018744832956,0.1846349445518671,16.867472102453522,0.1935141063756758,-81.54890912204499
3.403383457794053,10.539964454826004,0.7118603147192686,0.6984182051258464,0.7584879929347895,20.363915767735612,2.759435517966999,1.1583587923296779,1.1655460364588728,0.7623384930807653,0.18078863360291286,17.919282194089504,0.18380052289576554,-74.4606506024227
3.426865412174817,10.553791883084688,0.7591068489131712,0.6098519734644579,0.7376118398462137,25.22105196601882,3.0725420177273977,1.3135358793165812,1.2482351130161418,0.7538629593653713,0.294086930905271,22.161708703568962,0.18542595040112267,-122.72271933049261
3.43488735290032,10.671837093562067,0.8776461318825037,0.6754537916122542,0.709326327780962,19.245489452191286,3.253948609324726,1.109823637144799,1.1371745859581575,0.718525451102171,0.32718249871044175,24.31395364295316,0.1976212556764559,-28.544463317688994
3.4077328744832722,10.170308527232544,0.7404558865140385,0.664038872351521,0.7245308929279365,16.346648848159372,3.0362589446523067,1.3345952603747457,1.2208843700065164,0.7700488866026808,0.35032565471818444,17.393196113196442,0.18049400481137107,-16.393004250153695
3.4087686603203795,10.804465585806284,0.8040441606309683,0.6686410492210665,0.7423079436644158,27.80146872495017,2.814142306531791,1.304870047350793,1.2076134541014933,0.7809980242959712,0.14618046622328956,17.30921301656224,0.15702508498301407,-70.62371125579644
3.411169838302419,10.785748660440593,0.6594527882188664,0.5890272000283246,0.705123180997372,20.021578739037498,2.9265111395838406,1.363868339004671,1.3260028607093735,0.7212544181329656,0.3414324092553446,25.4765971007689,0.18978579992316463,-5.503292518896586
3.4089327571563772,10.694738988772563,0.833439959495433,0.6200640678127229,0.7329846165438907,23.46845315829027,3.047541033257211,1.3778325749038456,1.1640245425922233,0.730105094018002,0.45351666700492405,22.92743234947039,0.19950899386259568,-48.080144732271094
3.4325457218228794,10.73937561934816,0.9702007758963551,0.599141382019953,0.7048065565256404,15.31402974630373,2.7840773655757527,1.288285272502301,1.2719484077882366,0.777400297450794,0.13193344650553443,14.849970861158038,0.19655753848631596,-100.1521708890329
3.402793541655825,10.869057380403458,0.7208886729585227,0.5504759806080289,0.7341247826291053,16.388926476668374,2.7333750598624302,1.2954027998519015,1.3144699621209517,0.7753783083327107,0.3648134270971344,23.832377178418227,0.1710717524715158,-94.26899057046728
3.428383173665422,10.567222037833504,0.6984232567509411,0.5528723238148207,0.714968780054116,15.64745103296974,2.9761301958388486,1.1960975238298002,1.2819195939450436,0.7253965852152283,0.309166034482626,20.28730886303045,0.19994562849367734,-21.34938402763258
3.430634655565929,10.688225963732663,0.8307082612917495,0.6256325359857,0.7657403796801249,27.718282130199764,2.987441862111419,1.3924095749274823,1.317527210623975,0.7149744193792158,0.18907848273675504,14.036530946296608,0.16402077009138283,-78.91589839294355
3.4086874712888617,10.071586183680408,0.8004693283426602,0.6408388924883689,0.7719063124853544,21.56120546994688,3.2302325997381143,1.2777768565051282,1.149153379542815,0.7595385798213433,0.380902124297508,22.228026512935372,0.20464302057977002,-87.11671388659774
3.422300418180226,10.428795469387728,0.9346030667087037,0.6117991697465406,0.7357727097735163,20.648299589517507,2.9964769612619686,1.3690512938878627,1.3070185782911463,0.7414645161923707,0.3409862494813766,24.319579162580165,0.17036679110239958,-8.863027574576094
3.4147326222354284,10.213007252132632,0.980502637323546,0.5795888232090782,0.7779929532383599,28.175734338116214,2.645452637424598,1.3218736832769564,1.106105198097139,0.7882451177946767,0.3582164260543836,17.651665107538772,0.17312113623034414,-96.12000773028188
3.4177722747164223,10.872373188176581,0.869901048921615,0.5948436248875291,0.7021873961558855,19.470130449784318,2.7081397641536253,1.2835276354656073,1.2941220061025964,0.7483136363147297,0.10089042698841087,16.2113677329449,0.15056231911484586,-4.149796615528089
3.432462852314116,10.337380377927486,0.835725677359397,0.6139625500943314,0.728396051106623,19.79184840286848,2.7497151915456235,1.2367090444042124,1.1577351063348391,0.7982647365919294,0.06764949598743016,22.511191689882722,0.20950579606532088,-24.46138460873746
3.4123820852192943,10.215572851515244,0.9756988289713677,0.5410753175946919,0.7795321880981929,27.41547720285044,3.0170878922169457,1.3791136047937123,1.3881695825042923,0.7741369446247108,0.2707348667011188,16.69512887684092,0.20024312019244905,-40.44927250614731
3.4109147032761005,10.313005098128151,0.6521726171402707,0.6221837551235956,0.7332934257935732,21.138170044096686,3.1194625042287756,1.3067046492003056,1.3917036545126578,0.7541799682563742,0.4850138603007501,24.851579773348597,0.19124821084373822,-65.20678587490562
3.415149643413218,10.437976407904058,0.9925623925392832,0.6048910336419326,0.7129460723136591,18.209907198398007,3.0360813983513304,1.121083565830721,1.1529545303122821,0.7103483524431893,0.312982035208045,14.853624417073393,0.18471579976992789,-88.65572487104222
3.43459079304117,10.14176116594188,0.9650055212463422,0.6282383891591273,0.7656610186244137,26.86199423016803,3.2309764480477012,1.1385989372573169,1.1243714076462894,0.737766465721653,0.3809748687804341,17.377503231021993,0.19399444598526294,-76.01050473505151
3.411471364928462,10.295755781190042,0.8818237850810777,0.5692726645311499,0.7648919794684097,23.950313453782837,2.876525766449562,1.2131372472517497,1.1269802235235848,0.7566933071144375,0.36647557249178103,15.838421137175237,0.1899583217143942,-15.983548358898304
3.410398253747672,10.811326015918644,0.912004167495804,0.6465226455969559,0.7310795534803112,15.41749875178124,2.6432991031819237,1.131406809139139,1.2744193038419298,0.7946648317468868,0.23615660504245117,16.128620540930125,0.2070338724851431,-87.05455308508978
3.428255750148649,10.507093242026338,0.8035605500845238,0.6530101498843482,0.7304357704438746,21.24951206489345,2.6702053162926496,1.3266665534135416,1.3796518283313937,0.7985511934220414,0.13976653146330056,16.221380774266777,0.15770378698166393,-10.80972391240121
3.4341019061975646,10.613459068885705,0.8774820398290633,0.6116297215615155,0.7466237158156158,25.769967022305337,2.990329114934209,1.3890470669445911,1.1589065967270844,0.7304262878441682,0.4883822079315273,17.449642878833092,0.18351679687063763,-65.28180988489689
3.434329865617081,10.253321423530204,0.7023237185157074,0.563101234446256,0.7377685261594616,22.671972337661348,3.273283488770339,1.365962936223985,1.2560078635318788,0.7014232286242508,0.27987287538317757,24.225581179103727,0.1785495098094006,-20.113973773378376
3.4371881060552276,10.351537676378618,0.9422385178074568,0.5653473142317978,0.7034998079606017,25.94235925740385,2.8536651207546586,1.1087978583397016,1.278580940810381,0.7134406058430168,0.0035839490373520155,15.803171118156092,0.16160783006150434,-23.842433163757235
3.415435657615899,10.670192051250215,0.9531150931268078,0.6390490898236135,0.7109722966686076,24.985786905748043,2.735123503026584,1.111874154577159,1.168254469565696,0.7356270314683199,0.12620330689526812,19.764899447797532,0.1966694654951429,-92.42191480338178
3.43923689313707,10.61129999083103,1.0069757265860217,0.5610997452678602,0.7037393554574439,19.40377455546078,2.9158586330746075,1.3006781894883934,1.2013142749910568,0.7768002542300763,0.26246460733792587,25.30617619145512,0.15184546115074415,-110.1719229704252
3.411957432209966,10.43914646484145,0.8844462895772249,0.6676605482930752,0.7028068050084944,16.783719127938166,2.737720937436005,1.175142866009439,1.1389259241765435,0.7021254336277407,0.4045166504014459,14.91709823220115,0.15190700805317456,-46.06781817638951
3.400712803802115,10.658510179800247,1.0171989874492415,0.6026585480491186,0.7735100570866069,27.843014533883796,3.0299062567002437,1.1072401010553454,1.2169844309193194,0.7753966399228526,0.3732445442491725,24.301904613585915,0.2151772151574628,-92.45233857307115
3.401876084994138,10.085416511951601,0.7465535413244343,0.6883141040295332,0.7711329873919653,26.13477170635514,3.0592960987504036,1.3953990844105142,1.1522697607921337,0.7985712605221144,0.29896191653077464,19.312220252991473,0.1530181471899102,-101.76089070261384
3.422730219571861,10.493981823927422,0.7656564196133807,0.5609310736249823,0.7627929970244222,23.90790900060771,2.811908935828729,1.276591051548567,1.3828132857898172,0.738917609940708,0.07983302476957961,17.57632814505997,0.18659675818164406,-44.88750577679221
3.4147259668674623,10.312852559707778,0.8889398796048853,0.6190515081846041,0.7557217979711298,20.45597083419098,2.747562006018188,1.2126132820486542,1.2459409768777008,0.7851609043407672,0.49238461409368967,25.594246531814065,0.21395425773881355,-38.59444595108111
3.4038643376349977,10.072224367186212,0.9129173077844173,0.6925628351655825,0.7409244798667877,19.930278452216292,2.8887832675195013,1.1648123533658126,1.2969874499032774,0.7375421992223139,0.3440668582277837,16.46152787012038,0.15458826961718206,-79.66861956329667
3.4327032918579796,10.597734648076147,0.7375156952639865,0.6556430819716058,0.7595150927108764,20.424067793940928,2.804337353137094,1.1636822006362568,1.2794172100255161,0.7814519120503586,0.009621422680186596,23.022908875060928,0.20418497038582062,-111.99963707731209
3.4136732193528907,10.442592820928573,0.6506918046917082,0.6570684564835748,0.7505988504963351,25.36366276501225,2.7280930241921437,1.313246854086737,1.1125740332131984,0.7062130651169419,0.259322322013035,17.99246256679344,0.15522784651175173,-65.82008763056788
3.4243220080746055,10.835887947895609,1.016364386385021,0.6287021635723649,0.7480118831683964,17.765469904755644,3.272397827961964,1.2876315579927036,1.3033231365376257,0.7920446455357,0.23893149940717978,22.99357976177305,0.15969318894869974,-91.4464119249094
3.4093668889360544,10.086928792568324,0.9649459950126664,0.6785712220785287,0.7661953124752948,28.021155940324483,2.9324075337282607,1.328286916214712,1.199210395889373,0.7645919043137069,0.4622571011351742,18.676965567860364,0.1747772743194853,-101.26787012679297
3.4142951724668724,10.641373027259837,0.7494410750584478,0.5954053551857819,0.7289805634993224,27.591604053208073,2.896178004148289,1.3895488700665308,1.2343326212137296,0.7584386408317628,0.17045322749617478,25.239540612309952,0.1851088627998889,-4.589793859233978
3.4304232345485803,10.087330234476257,0.9020371219989215,0.5984339454446758,0.7115897042854532,27.906578133799748,2.6493166540278614,1.2946060257929533,1.261826601413402,0.7386801629233907,0.0232558828227771,15.407560850713331,0.15758694429715364,-50.352186347732726
3.400245575090735,10.645000133647189,0.6575069093144454,0.62710635375404,0.7531140253157014,17.982589026238294,3.066711747633287,1.2035945909527666,1.2552048462429464,0.7354485101591101,0.3280076841453591,24.788144107784902,0.1609220587785541,-96.26846517445568
3.4360648248847876,10.636286359825366,0.927330241335854,0.6116710675177559,0.7421475156698304,23.18883200694522,2.7087659063809166,1.2130488368169094,1.3592387642185282,0.7225832848548426,0.49815387693819274,17.220099225086933,0.18852569764541166,-4.378174509370027
3.403517863087583,10.458962943562907,0.9887146699222464,0.5619898181737515,0.7621911800740908,21.434929270805835,3.2763155234839854,1.268225233179069,1.3464109707742025,0.7185405293702434,0.15122160316726502,14.335090357275908,0.2115442966995927,-74.51740621187837
3.414454108556282,10.461942491474774,0.8604323859869001,0.5772498861232881,0.7017657940810317,26.560744687654953,2.79476939605467,1.347815719592293,1.2009255927174378,0.7592402454408657,0.12910307199622975,18.48653526188243,0.219064058559194,-45.960483351220915
3.4367247775724725,10.66366295275801,0.671897749211634,0.6709542580905847,0.7381732433085603,26.693232875010487,3.2540507908646736,1.358902696511449,1.343811726760151,0.7789750957038978,0.11202465100938544,22.213292828784148,0.20797764162616444,-53.37174265657596
3.415392673811445,10.770788278317674,0.7716717011955421,0.6240401253486013,0.7295794474740971,18.472690416865984,3.031240335904094,1.250597346565901,1.1104181892449307,0.7819683104243456,0.3192128901256143,18.751478555866058,0.18222651998546754,-109.762056069821
3.4141053991188564,10.059699101357333,0.8089186715671035,0.6320692812201386,0.7636410701914809,17.980889892287564,2.7264436699146484,1.1421011618179022,1.2238728593389738,0.7858928570333128,0.14815391330485148,18.886881102422834,0.19163143252302,-11.848337435817143
3.405541549946373,10.327505117439033,0.7797896185515932,0.6156069397390027,0.7092748127049905,22.802675742720727,2.9989574556924223,1.2328873269810452,1.3343459784838692,0.7560204265254642,0.019151479452603412,17.46548327674701,0.21676197234086692,-30.914541474981178
3.423686438214529,10.227532815766772,0.9446287734476946,0.6961368488604507,0.7789931686522725,20.47573930418502,3.271742577143382,1.1683746135382296,1.2989068143642737,0.7732999560150464,0.1980925832201645,19.60343877449722,0.18465083933250415,-98.78481989488513
3.4314390131791863,10.399297498823984,0.8398913346879242,0.5595071262837142,0.7380227548631192,26.016621920784587,2.881016029394372,1.2254517171877237,1.147848164540669,0.7339229885576591,0.14813632601553237,16.67100841673448,0.19101050672435382,-39.2408185987444
3.40766337872911,10.011188754144314,0.6640145176663045,0.5603564889924658,0.7401482151871446,17.258843949803218,3.205029059965595,1.379622810048211,1.269791648566671,0.7679708931506728,0.1820206143789316,24.52307507172757,0.16441400767689565,-86.80014258899686
3.4323172982832695,10.214641216724525,0.6594912538998801,0.6830418603443525,0.7506770361336752,20.344011136997615,3.085864139414439,1.3993757687831643,1.1722740542493915,0.706820243243288,0.04601179155552443,16.625848111784585,0.15339787477477682,-40.6150367911181
3.4262542267510914,10.324050620063554,0.9464797033951391,0.5947946073176784,0.7116045533302163,21.667936941950174,2.8368751543915196,1.124044494551388,1.1155442719317332,0.7935999709000725,0.3483241124130173,25.387611801131293,0.18605994162227116,-120.37203373840619
3.4015712649903183,10.45591608359041,0.8883870561593703,0.6949162584038155,0.7407513369872176,20.700783298635386,2.936061767638395,1.2210004163658765,1.2221940435293956,0.7369531142539008,0.1748289805972909,21.32790457304774,0.19441690641862497,-116.72869244395751
3.401392143076928,10.750363575162547,0.6907309042174278,0.6599144199216787,0.7416386843582903,21.453205572371935,2.6532470623413476,1.3040048716659354,1.3446225147804116,0.7967953602123182,0.11152100138482055,20.635185518672166,0.1937779325406554,-98.4204163924414
3.410639121404281,10.450776143053208,0.7487362188496605,0.6306311753603849,0.708687964510268,20.97650165751977,2.8142924998161654,1.3311450462361836,1.3197182112584644,0.7009886076478974,0.18767521730853937,16.05657219348723,0.1655665386941312,-97.49168113255178
3.4385560117124174,10.844611070151505,0.9097702108506645,0.6812530488247073,0.7360165148272128,21.350776851958443,2.907905124510756,1.3703359357160212,1.2137746040108512,0.7699573487615201,0.02918244319830216,20.363920775881724,0.16955349041706314,-9.470109262445177
3.4193846700468207,10.063491466303505,0.9316662526662662,0.608004007990033,0.7477900799857657,18.67146871730563,3.0354005891749383,1.1463103990013805,1.3363094340452017,0.7289825744448725,0.030486263510381806,19.196972875907626,0.18928267258985593,-10.094580163737774
3.4231981191359444,10.844028264495005,0.9776341259862968,0.5618873556227505,0.7798908559251312,21.935350503614806,3.097190118572512,1.3670503023991436,1.3284702408164717,0.7031261895677576,0.017162537254943072,24.143935789783075,0.16169949127445887,-107.13302281453947
3.421304813277319,10.239574185430213,0.7028547905270981,0.6318737536805016,0.7650669154239244,18.9426638620034,3.2176070504044922,1.3996962304414926,1.2272848048477063,0.7085922508101961,0.45125996410071295,19.808066478412293,0.15867643142002835,-59.55355365911838
3.4276883486338128,10.497981188239082,0.7084173857513084,0.6250649217280992,0.7625387113750937,22.205638577242595,3.0668960784150663,1.1942083017193732,1.2119074296237946,0.7594368950827125,0.24994273405484188,23.070990936923067,0.15004016507639856,-101.70239627329343
3.424038399837209,10.287335083089312,0.9736582049718653,0.5731433959750292,0.7754458602922703,23.671230245015263,2.9156250783886493,1.1744342569709596,1.3280199996505815,0.7575756643059389,0.27316584588720316,19.624172611097805,0.16732877170097923,-57.16760226003973
3.4232925396137714,10.21380354694146,0.9090897599503263,0.5912800603631964,0.727599907635353,19.082277294060614,2.847523427927288,1.3701659198029343,1.3354862601588389,0.7901466050260212,0.043335223658758165,20.437026929636332,0.19344105850366933,-84.44173419423332
3.400513896444622,10.100997148002463,0.7220354454554136,0.566711223220392,0.7279026668185088,19.261749324043333,2.948530816790403,1.3470902116729808,1.195564928575516,0.7657135621053113,0.21243549826729993,20.194603827102597,0.19730021364104552,-90.68753683501846
3.412246396297959,10.131768547822352,0.7385682167526829,0.6553673231969551,0.7048795799724519,17.63010139358888,2.8508533623179946,1.3107235345774373,1.2626327048585524,0.7382376602636374,0.42172362115008344,14.58890545832281,0.17613945035575249,-5.028405485143992
3.4012459640973547,10.434841214552145,0.7941054352441036,0.6977228501038639,0.7007009333640899,23.974011502531916,2.822989282488218,1.1162079419056068,1.3985345384660732,0.789188379381808,0.4298678250915286,16.829532197254963,0.17669879491738003,-25.09603492876056
3.438274061825912,10.848759246956183,0.8724222595680589,0.690119836082095,0.7255488917343949,17.566041589151656,2.7164608781875166,1.2570586885382917,1.395983303866046,0.7988452293294386,0.39352902051250294,21.024678825343123,0.15227071713603732,-97.47726531075914
3.4014196148614455,10.390763579853335,0.8623673092897218,0.6040778639490912,0.7341491775088457,17.348753427752346,2.9811067113955247,1.399352151963953,1.199000431998637,0.7716142296096301,0.2141577293267875,23.489757535068296,0.17138667983784445,-4.564553442732816
3.418732001821977,10.809698758708375,0.777817343007308,0.682154856148934,0.7294150957713185,17.58878751421405,3.2413474136992138,1.3675044422669311,1.165602663092896,0.7695275200650646,0.03331689822126867,19.696981919378793,0.1816907304008866,-122.79375855379162
3.4136194953341192,10.598903397328378,0.690101745218791,0.6565910208061486,0.7006679830325624,27.163201763159243,2.645756514282145,1.2784683467236726,1.3381202604737727,0.7767786868585357,0.33364576123453044,15.740706730836433,0.1867783485419206,-16.17674445336995
3.437568429575771,10.843532698913624,0.68776490003404,0.5559399987487327,0.7732486364385821,16.95538872725521,2.733868135523906,1.2378614653917797,1.2791073225519023,0.7182333585667143,0.06830517817452735,21.178534080079643,0.17414416276143319,-46.972595879287496
3.417471354474522,10.07998015365229,0.9069002009579679,0.6319099147703581,0.7136214748200892,25.36254601724532,3.0692159936516834,1.3157658959706793,1.29793643491402,0.7233776710173161,0.09060739051293855,24.69485283394514,0.1897704114615154,-116.04465416428707
3.4333785073534258,10.009239995382828,0.7903902257895885,0.6835248010577171,0.7034848153461148,15.951969242064923,3.185703614429523,1.2543400414351755,1.1070938157101444,0.776742826627247,0.240333220378644,21.54989633616878,0.18575536059273323,-52.20201009440298
3.427882154917156,10.616870612072873,0.6542575939919887,0.5950639270544096,0.7781639243704462,17.607483119985183,2.7812775386811084,1.2790781260600388,1.2282734793711512,0.7097933331151849,0.2036269250585187,16.214263425321473,0.18544638382496173,-42.063494538229364
3.4234992078743662,10.126674471876694,0.9095620504578688,0.6384837705328847,0.7250204135940392,15.426319682610277,3.028528511077656,1.1375363532282106,1.1073987510642351,0.7230112721433619,0.3169630310711761,16.753806619732494,0.1553189227423548,-20.604278718769848
3.416363941491949,10.786430336787822,0.7757304782516666,0.5970910504553051,0.7235876257169117,17.74750808370358,2.815381326738983,1.143101640700184,1.3813909186332678,0.7579349550592314,0.20417157620148482,23.157061924533377,0.20175841101843384,-84.2011165798966
3.4152247276033894,10.49373972684651,0.7446007018738654,0.6129649721534127,0.7160483823966362,27.905312961743235,2.81201526627629,1.1152951734529049,1.2386137148847587,0.7427279623765005,0.2337491933735532,24.28238758235618,0.16641623538864414,-9.044194154897696
3.405410065302916,10.50697000129433,1.01517755426836,0.6921583832751153,0.7175695531396973,15.80201667911053,2.7793796951201886,1.3850888142164508,1.1152477154497855,0.7702955604924195,0.06381829082185483,24.540677737358997,0.18135322838527057,-95.97912749503948
3.4322111012628724,10.380357522994068,0.9933295932277297,0.6430100894756974,0.7058494351629555,25.32731258696701,2.9264156088304585,1.2217526274781885,1.1350549236165406,0.7343316080605851,0.14261822646443256,22.08839203480024,0.15720599414244432,-24.92405901032147
3.4160421171129554,10.026414839552965,0.7072880901001952,0.59291633509559,0.7374317683331562,27.40115911851605,3.242248504125813,1.2481116117172502,1.1874193307714138,0.7117932712551349,0.0714235209392276,15.181390651611702,0.2107122769687966,-42.20345349500471
3.429811796424978,10.549413452674615,1.0297371757512577,0.67871449615743,0.7654684537632611,17.10377560434394,2.7225156388540306,1.184012443841433,1.1171279189571341,0.7333216486287953,0.11088399996435977,15.744729899979072,0.19135296197712695,-106.20632367353485
3.4332521976307957,10.124977308706228,0.8982526233139487,0.5530132817944257,0.7492695237422726,26.961485782086882,2.9733432086410767,1.3118411903383846,1.3509294544618258,0.7757088712196478,0.4569021136591907,15.450318186543788,0.21126136140038024,-12.281625941383211
3.406390581652383,10.566620173447703,0.9160038207555801,0.5990666594609766,0.7578713959754927,26.399630516145223,2.9292355603966063,1.123954019976062,1.3175802748435343,0.7400970770899655,0.008729280179398176,25.484290860146782,0.21453809673073732,-61.086041363981785
3.438623581099697,10.135463246593105,0.7514821842870256,0.5953201665973729,0.7517060209375047,15.400554818288159,2.707580666755808,1.2621972097312413,1.3623009192138706,0.7550795535329419,0.24844637260551475,21.016618711317264,0.21995151571981375,-43.87683155822283
3.4304510542203674,10.346625053822734,0.6566871183527164,0.6428975649587338,0.7187340785450195,27.212238733549697,3.0028413297197156,1.34777139533712,1.1535006528371963,0.7461598378999158,0.4770327725179296,17.44730009808883,0.1881684623888854,-94.08620496221218
3.4015351124368864,10.319020078024502,0.7493172225245074,0.6191946815705547,0.7316678940209168,19.019965870716927,3.2328705736253402,1.385431358020439,1.1598882390349585,0.7080835375795114,0.38935283067045484,23.133843997960145,0.193048426022506,-110.88137868501902
3.402328754535861,10.207593327569269,0.7088678271707765,0.6638709319317275,0.7654981977499109,15.819063916395297,3.0217944402876684,1.14233641626261,1.3740391617158845,0.7379095712394476,0.08627754446596818,14.816048653567828,0.17152713923574486,-70.79716407100413
3.412515432913955,10.674726351820036,0.7511752775715775,0.5955049914818469,0.7285118853386598,18.45294855773947,2.726142055267197,1.142631398607949,1.2622801712248541,0.751134638455668,0.4049085945733757,22.37482550900128,0.18932999760172434,-85.97728439510182
3.411502388941534,10.147546344557473,0.8337871716315208,0.600164948459514,0.7479179542284313,27.741502803352894,2.7830792716886923,1.233184690594546,1.2482135967288999,0.7583535020026247,0.46531090946675724,16.50505889560846,0.18022037038282587,-16.807453628833642
3.416411806132354,10.318300370704725,0.947928807944709,0.584103781312186,0.7740309422659639,17.36123694731788,2.7979030690456996,1.3407944443416995,1.2689505863646422,0.7079557365609344,0.2672432567709588,23.220860964757854,0.19513269870239308,-53.5421206864697
3.4299024119921824,10.730075636480956,1.0190194746807215,0.56256696634903,0.7115402503471676,18.06682801148963,2.9538046261091964,1.3763437267686354,1.2591294670382362,0.7614114489721409,0.25681195765863163,18.237610559923965,0.18018704564504576,-96.9520113901634
3.428897595765834,10.570280850458646,0.7383975725563454,0.6888621093649621,0.7525925338238352,16.50853211440024,3.050340964497236,1.391968642717798,1.3531666818415993,0.7545450647319046,0.48421068754151503,23.780657477602016,0.16795656058350844,-21.605700637039604
3.401550072675608,10.535740326242195,0.9460339760896788,0.6242932626445583,0.7761274815659691,25.48500833320334,2.790076220106254,1.3971674192507626,1.131461527368325,0.7213338184474744,0.3728601497833065,19.591376950520207,0.16488941530125537,-63.55144883110204
3.4110830922428,10.045414797369887,0.6745622276400443,0.6285698921073641,0.7752610639085766,27.006145513122938,3.2003072930895535,1.1172579998648924,1.2881979789785876,0.7273370234921395,0.2555938893086341,19.084188520145354,0.16929036251216062,-87.46438504467034
3.400328570243114,10.22251677362364,0.8122866751106492,0.6175381283066599,0.760694892659558,26.53840341575085,2.9391909498973123,1.1897037395847139,1.235236435593867,0.7575620815533819,0.39594916247323164,23.983655272961734,0.20818907537983988,-82.71997086420897
3.416780943802403,10.705463781124989,0.7887882568600563,0.5856428254338468,0.7633805554773793,27.976629943921704,2.836469825815617,1.2315453893729473,1.3748356117242477,0.7828300700524585,0.46937023365831193,17.255958448664714,0.2103463755289234,-57.412889837005096
3.4027452280655224,10.44757746775845,0.931960607986019,0.6600981582966459,0.7504543451826772,25.16860838930975,2.92997006259823,1.3422257220831546,1.1863723390674028,0.7764629774484256,0.08489526389844737,18.19712221121325,0.17365870715443393,-53.0203121849181
3.4236093266760217,10.866892664905718,0.819248818994623,0.6249808414376871,0.7467549026038272,18.397686371492966,3.09710893414112,1.1784320846534495,1.36859528612837,0.7939360127125772,0.16917872160181893,20.378034183214773,0.17408811616126874,-52.265775979402136
3.4097477674702774,10.088277513559643,0.6619355048222009,0.6508374318776969,0.7667258958596304,20.068641429026666,2.65865650474136,1.1143033458135958,1.394709460838184,0.7183107997854272,0.366215725111389,14.603360537126765,0.18461967464300127,-50.36205870971072
3.424503989845606,10.259827465078487,0.6821554117771923,0.6105407121619666,0.7684140145914886,25.090134527024986,3.078263800011362,1.375978595729153,1.3783352138654537,0.7514792254192129,0.0317230430498846,21.037853878116213,0.17185980639795806,-46.24790084950456
3.4014140351255477,10.079809147781837,0.8611798196340883,0.5910712106368314,0.7337801640648431,20.46215618421302,2.849209390833991,1.3290264838810115,1.3678343821756624,0.716041726207617,0.21042990463956995,22.821429360203478,0.21409233967110958,-112.13438737555711
3.436285093086434,10.781321330638285,0.8838239435205727,0.5449401049866766,0.774255961507287,19.0231093925655,2.9247482916419734,1.2895656677122427,1.2738567582568538,0.781981929072907,0.4501237283571646,20.131995276152676,0.20413615545711622,-56.6542788230407
3.4282836766700475,10.033468321991842,0.7060539546994627,0.6312862920547854,0.7693860489347223,19.26694524041769,3.1293708479551627,1.2572029779900382,1.3590289064215346,0.7789403642263637,0.23000066372350644,24.577705680624174,0.16729607990975376,-100.41101075960177
3.428894422643148,10.217328198732348,0.6586821348352281,0.5721438046540287,0.7372230799328984,16.316847891788765,3.1429411452943086,1.276432750746732,1.207380968210045,0.7075177291838977,0.20525192119397004,19.700067944295373,0.1704919034527034,-40.42672968404837
3.436888435118898,10.830698452071418,0.6738446366361946,0.6513388438407482,0.7040814359114708,20.592194448758445,3.187601194097315,1.1700628273117955,1.3784642391373847,0.7624323381430819,0.31928075359100855,17.379467669085415,0.20428974893367707,-92.22931117702298
3.4270573689700847,10.394036586063198,0.9045416155585788,0.5996828557155176,0.7192693126996826,15.411757133063356,2.919365330607439,1.2924768790086874,1.2336009741868628,0.7316770779735796,0.1398312622931202,16.554703950994774,0.19102568427384187,-50.468497634860796
3.416602821047303,10.67591161803372,0.660139471338782,0.6753216840798729,0.7351739249856296,16.974327191966225,2.822706869162941,1.358203718408729,1.1720668921070196,0.7295130705072351,0.10187783913222465,17.963022951289794,0.20639773452248183,-123.06078729799475
3.4392106350355305,10.464707311608542,0.9129585565406784,0.5713607246395872,0.7644751120930122,26.26330478210535,3.1129498600576992,1.3168531763147189,1.326881526059928,0.7208056769574605,0.22759271687921145,15.027632451915068,0.1528816970162559,-78.75138007405273
3.430027775085667,10.411786638032913,0.9847723612660113,0.6141630336909636,0.7238881514463595,27.782345478497856,3.0230074968130434,1.1630693746908976,1.2385600143036624,0.7590312646774222,0.040433352240335375,15.759810760669934,0.1634367783311954,-48.78760081710938
3.427360402318416,10.445193833839408,0.7188315860787436,0.5666896019671065,0.7275592521005849,20.35381706301328,2.9381904049268392,1.2171756821210624,1.3411102676393023,0.7551616856404835,0.21765396623213387,24.424971535415125,0.15598875893589162,-120.11192941051081
3.4227371106888196,10.783938643780635,0.7076652194689388,0.6769749539792431,0.7404694528527858,19.25071688028991,2.9138651031399396,1.162733955988929,1.3539353817533726,0.7100209746901958,0.14041069128251657,15.035060221109083,0.16278802139408283,-109.97157669448394
3.4299826086957363,10.46622387140665,0.7596626583348338,0.6762882944311089,0.7548103975734939,23.29449463665462,2.6824146590607376,1.2556892714801713,1.102644455046242,0.7226291399411245,0.039559284200711926,15.385213154513183,0.17838286852058888,-44.844826882554216
3.424888776534362,10.692553726053925,1.001570459990008,0.68693998671612,0.7468773698117541,26.936005302653925,3.1840544627725538,1.3756115337040287,1.25426827488673,0.7659762478141054,0.13934977013110927,24.90748036866064,0.18392925889148215,-8.82043439606214
3.411299204986779,10.44776014832729,0.718707364128271,0.5419311508453292,0.7654117989567046,26.856225255685615,3.2023027829363437,1.122016551575273,1.3041080011477233,0.7945933781800555,0.2852993033215221,15.703157233730058,0.19964133323576885,-119.88460166967623
3.403527733745255,10.395080798631126,0.7751866779081735,0.6881861577876596,0.7614727162930157,17.375715365270466,3.061083000984137,1.3343584194275095,1.170908231183366,0.7427840381389396,0.32056723906893064,16.82818947632252,0.17523200116576132,-122.22071848991499
3.433812765622021,10.79039036421516,0.8517011187950239,0.69909655106365,0.7211144610704647,17.194012072113278,2.875058657684298,1.1016541971879712,1.3611925224297678,0.7731260604458006,0.3104713869489696,23.060352781871895,0.21417583968886328,-66.57291960143701
3.4145934198988415,10.185397620789546,0.7553477100636284,0.5452166464788119,0.7532105702938181,16.354264813632888,2.8893817777769146,1.182313906446148,1.162282373772094,0.7125773482938467,0.4045978844463895,18.63375355145729,0.2061460744592228,-86.93085925474386
3.4332405801502066,10.193003483521862,0.7367977083738304,0.652102974969838,0.7491456709877685,27.643573567201955,3.010467004728116,1.2568775855472711,1.1318896040288087,0.759511270012383,0.25266427695206456,20.418504924993755,0.18265204161807921,-83.48055960725594
3.4124964185671556,10.709547665780814,0.711069244748063,0.5739684115680083,0.7539312699848583,25.607364737588213,3.2121211441923263,1.2197242932186463,1.163277514657854,0.7097810815209564,0.35623867017236477,19.372449204925672,0.17938108625379,-68.81755663865226
3.4146647191661526,10.337848806597501,1.0223617401912488,0.58897678993807,0.7369983204433039,26.26466455948723,2.8417951003486133,1.2520772954089554,1.1253433303554297,0.7802822646090375,0.02909236524072563,20.36072666623722,0.21084506957601684,-53.29891152657612
3.4273708300913706,10.685135278600084,0.9062048078290783,0.6061690396005959,0.7199446146492169,24.315370357691876,3.118791576172745,1.1914462533001005,1.2368368291527967,0.753806817438103,0.2809299563869485,22.137160235355587,0.1991979516445413,-44.404897796603834
3.431823918759152,10.576678611024569,0.9809091644157004,0.6093204903178384,0.7674274563294103,24.489029266179898,2.757590334888445,1.2290114580056422,1.2403856199324552,0.7918471151510601,0.16790841226595,20.067876995342154,0.1706479786338954,-28.410403887507513
3.437949845731147,10.050276831987906,0.7221201860834577,0.6507122046228733,0.7738573220612881,25.612520390206846,2.6590711838186656,1.3900122702828075,1.1117664638101854,0.7121350570944864,0.3246323539450011,22.18249674245009,0.21327945196098386,-18.95604818694069
3.421392800747025,10.488085924656385,0.8451292369540672,0.5662249439231278,0.7208206904951364,25.525817555560508,2.9901569194307407,1.3355208646177146,1.296749792729514,0.7993102521800678,0.16454427611353445,22.010773263303875,0.1931993627117245,-68.86941440957108
3.4090376239644753,10.336485029322358,0.8842738297031598,0.6328679410560715,0.774938389450364,20.72104818424457,2.6591823869828257,1.2565931246688782,1.345615727012551,0.7755154840002251,0.24315371723255022,14.353106595508162,0.20209794468317843,-43.85710156731403
3.4307955983928506,10.675843358881114,0.7102556776749773,0.6940528581595653,0.7545184482254285,23.31008175718026,3.18607818354745,1.1975225460975523,1.301576922392003,0.7046287443897261,0.2256767299024951,15.710387873810161,0.2000600318155634,-24.315528862558494
3.4253134298211223,10.49374906471465,0.9468873066009806,0.5566269953676107,0.7766833782988868,19.68491008557685,2.8147166368406897,1.2656520875742645,1.1457256599402268,0.7549302339422723,0.1463979938142073,24.625303733469188,0.21296762657800838,-115.27377879663348
3.4191226537303945,10.199419020819946,0.9760072109505202,0.6315813212340672,0.7456955533630827,19.429574480147465,2.693414669026958,1.2889735675018537,1.3931558109347313,0.7897953820709935,0.47507722760274146,25.967711498442057,0.15754657836376365,-82.03595203208495
3.4131236522301402,10.389531230995125,0.9647386168080337,0.6055412065675351,0.7343646456710134,25.88100565896059,3.21150037385752,1.107301259772995,1.3033686647740732,0.753984927203411,0.16132654403845328,16.21833811205837,0.18305694317795773,-62.33324878219658
3.41385688167291,10.21747050561122,0.8248898233237552,0.6763331223663223,0.704835992176725,20.83980749356749,3.018307889193344,1.2860483701749401,1.3086851790250134,0.7614470151627313,0.43973313246867285,17.32063529106261,0.18636489251608893,-42.455183477367854
3.4259435354918804,10.709311068476019,0.7006495841176699,0.5441748067916562,0.7481989303346018,24.599820121984468,3.1804892447488013,1.1992611752079665,1.1149325053552892,0.7442761542121347,0.1873822633859084,22.63841944735485,0.20740362758318873,-0.6050674484931733
3.4396672706774463,10.010680522739488,0.7747620696052526,0.5917167726164076,0.7417929842241492,18.984002305569387,3.217279112167807,1.3959389166196934,1.122651524352241,0.7385088742122555,0.34413169924482195,17.403689300111484,0.2164838370423965,-76.71919886607803
3.412900609202463,10.378343771842715,0.9630194752157,0.5569516804007995,0.7155680605860295,21.472707179631154,3.199371780500556,1.1427714550163677,1.2328469142632008,0.7364354770811632,0.027115877070607787,20.150145734050007,0.20147165525168997,-116.68669412517934
3.436489583980724,10.499666600348444,0.8602831036357994,0.6142245867903298,0.737074894654403,24.509464553159532,3.079214137796753,1.373026026188433,1.3481869901596775,0.719249988910507,0.34839179871886955,18.600909965449205,0.17313551087707604,-73.63974546733277
3.434396970597567,10.832886516981318,0.753868469307003,0.6062534805206581,0.7065408120331778,19.592098450707304,2.7179066030512,1.1116420618650207,1.156209008556064,0.7914724245273095,0.2556241634982674,21.535504735835207,0.1909111772004159,-104.91122532070226
3.4164579364964394,10.0945596806006,0.9663182423561422,0.6626601200582303,0.709204337074199,17.250326632866297,2.870969168737586,1.152093821952532,1.104199789127437,0.7539266557927371,0.08181482791623525,25.822169571132612,0.1621326295086839,-58.649268218868144
3.4040045835619916,10.34483223329259,0.9317529065700552,0.6250901213289224,0.7296040646850468,15.85872152968063,3.24432108854976,1.3132850527851294,1.277900407368235,0.7729032306787116,0.14707345052734966,16.453822096439417,0.18257999353311544,-90.04070779079461
3.422608090213763,10.716142900985972,0.9009188326142222,0.5973275491531932,0.7254574781273525,16.10378000499796,2.92278502467893,1.3295039217254931,1.1711584623095388,0.7069240608422683,0.14702283271613562,22.990849386803117,0.15786928733568356,-87.1602155461745
3.413479054191634,10.685523726133377,0.8397151701560188,0.686411578946897,0.7555808657233375,17.320803466295146,3.269310669281367,1.2892478515479708,1.2713491381754203,0.7808156401837786,0.005945172880497829,24.45109441484069,0.16007716150803877,-31.20472426276885
3.436068376203451,10.306338167937147,0.8895414269064951,0.6659825332208147,0.7451191502242647,24.32617537133554,3.174891401654684,1.3438520302050383,1.3831751976834208,0.7119564350292612,0.4042721314048815,24.695973120377136,0.17383067478908426,-59.441775716829596
3.4319745098765484,10.068878641644964,0.9713959935898407,0.586798128781328,0.7740573654214494,23.266266932182567,3.174316877333218,1.361010425439818,1.2603981525892953,0.7101643834479459,0.03982707027917042,22.339899398855543,0.1954896517047448,-20.01103397054601
3.4283230505929954,10.2564228526615,0.9872746040288554,0.6923173801644786,0.7579220438651351,18.602284415844828,2.817927418418759,1.2884960785959005,1.3483700200240376,0.7398051192174266,0.10770024349260736,25.997276622349517,0.17981466377775274,-79.20387623497344
3.438541888313061,10.500442141443997,0.9873921933050567,0.6658528860241689,0.7177687189797263,27.296359204944093,3.2604443739588094,1.2953613214887238,1.3039199935291477,0.7637666411288362,0.4604948189285567,20.813459300028654,0.18087821167088153,-46.420089441370195
3.4211933318632877,10.021847428326131,0.741559317541851,0.5565751585452947,0.7622660529373455,20.204721756733814,2.996116010057695,1.1646336973425688,1.2891574605255303,0.7180420447229238,0.4828583964401367,22.611576391065427,0.1545334431843325,-76.50817453413546
3.4310836738957553,10.259235855009507,0.9758385885386579,0.6797195598931476,0.710709631901412,17.941635660250327,3.194779387247035,1.1220965810616774,1.390896507799515,0.7491607569303363,0.2884699413099183,14.112762521444836,0.2140065001785148,-17.20381860385092
3.40741966191947,10.765426847527642,0.9612207325135365,0.637030567660781,0.7548258124988007,28.207486115401874,2.977909864748109,1.268613039560657,1.2797876553515375,0.7393914980719539,0.01082282872376822,19.042664186177838,0.19294606813297344,-36.606692051227725
3.40348320648181,10.7318540382238,0.9902765211969593,0.6387760249746627,0.7795463325520353,26.906187990134036,2.9556549007058806,1.324463910093283,1.2213548408989996,0.7525279001564277,0.3804361459612862,24.42346060075918,0.1652421615851961,-77.9128752517837
3.4270537785355666,10.111454957591961,1.0062640616016265,0.5989348577082162,0.7136774132593441,18.62599163750236,2.9215807506701243,1.3460489926926036,1.3834264465027424,0.7316628612031215,0.15443140433062513,22.52552435128489,0.2011855882536675,-80.90164854145154
3.4363654284655922,10.410928392050701,0.7367127322491357,0.6406304475715863,0.7070404249666759,22.93770456113434,3.035586589942811,1.3053523843750954,1.3120099587117722,0.7503553146180924,0.07586444129975414,24.234164646408583,0.20018392654551492,-24.940525801463963
3.4396727531787987,10.510088124383445,0.9754928595082274,0.598303530287445,0.7010435883736249,21.832443287810595,2.9564843703578587,1.2753290538883524,1.1849938147995558,0.7589484731419995,0.33813754897421205,16.45881588132087,0.21949980792804408,-116.3313775798028
3.4204682966060793,10.646294931180169,0.9476739061056304,0.625381811395459,0.7034524942749549,22.997132905638875,3.254339028793666,1.194258291403546,1.3385649970914928,0.7600916428612325,0.46858738147248075,14.019076915741561,0.17737719986550382,-1.2537703043626038
3.405749050472446,10.191160482700468,0.7307010383700329,0.6812911401243502,0.720812374662648,15.914775190631069,3.0717148648965553,1.1748225396221637,1.2050909698384877,0.728778115901194,0.2736719475994108,19.74947411930679,0.1544175194026899,-76.96719405271612
3.4360732938936267,10.374209338440059,0.7175571059961152,0.6596706638014659,0.7726473238338931,27.992815134126566,3.1367615614540894,1.2529560233631414,1.2860825159681943,0.719996220930493,0.21407937571549304,16.537744569633126,0.16243237273659913,-96.49282312593259
3.403619265319621,10.587895627165043,0.8033875330596619,0.6488328396891225,0.7266298355356734,18.537833680614618,3.05548985821009,1.3019206286429013,1.1329860465604407,0.7559959764477048,0.3442386112937043,17.004802960603932,0.16532081218095016,-43.10392497040722
3.4361889116963313,10.082900235545914,0.6540556498629551,0.5853872152284767,0.7006141974016815,26.97445829420388,3.2542342908934176,1.1438562884038916,1.1529407763206727,0.7486294356861142,0.40201221703320267,24.522264299762703,0.17282477157601828,-113.80288361411479
3.421279412352637,10.88935139444297,0.6772436504120823,0.5793420345793255,0.7370827330436965,16.530674186878095,2.8145702420913525,1.3822432376967813,1.2293273003615959,0.7362377686792752,0.19389764815733257,20.63403153527124,0.18074475233371531,-97.41071192922867
3.4250463596008256,10.871910698186404,0.8950010266829603,0.6339355475824586,0.7648234212450777,21.237833899242055,3.0638589709621264,1.2720351344838412,1.3729526852410436,0.7630327266696528,0.41726572263140793,19.237564471395387,0.16469160837468086,-57.91939428599245
3.407772714109998,10.87825113965036,0.7285583365267397,0.6740572126740042,0.7290383933516852,18.717651825099125,2.7163097846867292,1.2599113723588795,1.110968838597398,0.7726231849304359,0.4890775594143335,21.49690355473099,0.20351527539595174,-26.007777407560198
3.4097158201296827,10.39430171935206,1.0269517991238297,0.6593383031682376,0.7634629772736035,26.746142247314452,3.0171951553803233,1.2217356834891329,1.2739595551407403,0.7180146764437562,0.1586938801423395,23.26563916904744,0.17686661292083186,-10.136537487863649
3.436615208433167,10.322010552129248,0.9149156189382789,0.6203907699001392,0.7307223835335842,18.107904287205642,2.9172724958593728,1.2646575559830393,1.2508405377980374,0.7192687286865624,0.2940015610676124,14.848212907796325,0.20209015918769252,-29.084443338594568
3.430331954557512,10.570690310816197,0.7779962835988293,0.5413138781715776,0.7749448536745523,19.535197265213522,3.0204444553524095,1.1637780577824,1.2384962068827674,0.7054519286729137,0.4195213748856413,20.96577968747129,0.21371413331466482,-40.67065916722639
3.4150542928814276,10.160467143045667,0.9683854280132907,0.6679630695984999,0.7706885961816186,18.205672162869448,2.687326022584407,1.2334135374076607,1.2010957392266481,0.7696063299970235,0.23940538058175936,14.063695782472434,0.16739369028999643,-48.956467917854766
3.42027856741769,10.51373554267061,0.7796905717855227,0.6837471449530083,0.7083463943435105,16.13605861776544,3.028346619027548,1.125083348668816,1.2766609191974059,0.735456189128454,0.08151627976886931,18.826418900179405,0.21196616503499818,-121.19678193444744
3.4078495760553498,10.402198671031229,1.0068483900282,0.6593474814677447,0.7623819679494626,25.122302269323356,3.0800627987391307,1.1830464835524825,1.177052141221176,0.7789611528377292,0.3755407435449553,22.097397197657205,0.17907987017134566,-90.55988628628502
3.4394538343184706,10.403545149947819,0.6811909636502574,0.695322832185177,0.7675055496007505,25.01788861107648,3.0582987724746262,1.2054064419253976,1.1020598649887623,0.7832563481837312,0.10562228200698735,14.646057448732007,0.20335724033602207,-45.507158148912694
3.420953740487969,10.103944698800674,0.9070373918599477,0.6090100102098,0.7265263304141659,21.40020205779668,3.167799200671051,1.2460616084785514,1.3267867695084168,0.7992045697503182,0.32431039140961276,21.05651544494218,0.191992558211037,-58.6792899131337
3.433172402537888,10.195329975935566,0.9555273512207412,0.5768966559581483,0.7752202130662774,18.838813011012945,2.744477239780237,1.1085621537246921,1.1407637731128677,0.7883292676671733,0.28355049571671537,17.014588903744194,0.18958515371422938,-38.08702127838073
3.4303415659514367,10.186637962360173,0.6626822915765147,0.643443564693742,0.7050352816114616,16.148861653250037,2.8152003013526326,1.2415810987878455,1.1613369633708652,0.7770870803483731,0.3818747530079932,24.89511650941686,0.1970337664637408,-91.78937355840293
3.4315930548532023,10.070812868102921,0.8857895945728315,0.5817256099408015,0.7091791480049464,27.349080034127716,2.90143036038088,1.2540003013697048,1.1819680319071282,0.7098143354235407,0.2009558768895326,19.958156054410836,0.16154324409936677,-16.46638729541837
3.400596287891748,10.335184125158694,1.0239577608352377,0.6542104988972726,0.7726199124856271,22.45819557756752,2.91195958412147,1.354861139975908,1.1469204571930716,0.7761610978755544,0.1656043323900358,24.111440067818197,0.1899527765814557,-57.20540956659066
3.4143879720589587,10.592559588647926,0.9039384811785395,0.5798181704681937,0.7702970364435797,24.058656085264936,2.8142348844123153,1.1112577665791021,1.3241793954853045,0.7142764613119634,0.25695459357745787,22.163738650344033,0.19384573380159187,-35.338346586273744
3.4324286963199016,10.893398677965227,0.7028894823681814,0.6959767345854485,0.7539806141869396,27.744851914349553,3.0444854473510072,1.295136956075151,1.2201002508203147,0.7410344561654869,0.007898553002623456,18.15758969943394,0.1853382298504668,-9.100960417389999
3.413995342980055,10.238679111898753,0.7730599549115992,0.643414570727622,0.7174982156272803,28.035454945889608,3.210174276201653,1.3996666467665768,1.399242595604156,0.7069093029715144,0.31222615902025785,16.747019595097655,0.16628160764661873,-78.07256461767045
3.4137435196418373,10.486540534871347,0.9665209382215322,0.6738435246708604,0.7501417358967378,23.259732147909112,3.2214580632183614,1.2680134956811795,1.3293605090319454,0.7929469014696471,0.27277353042109853,15.537285701044802,0.15358931210114576,-120.23528955191848
3.414035864243469,10.009724454426017,0.9022513580040381,0.6783806659182829,0.7056108136416668,19.341266128640076,3.197074813682391,1.37360984709618,1.1041539962271798,0.7333133330100181,0.25768041977783734,20.802822574074618,0.16096395979967928,-49.16927475336426
3.405304894870048,10.358927834687513,0.674827911371766,0.6998158259665657,0.7113902115834837,16.191005550331845,3.098464227077538,1.3915147209398517,1.387524829805717,0.7388207302473443,0.2693986540232394,14.219641171683843,0.19160098097854486,-47.59590309910028
3.4208519535059847,10.071162504926468,0.7328448647995454,0.6993173939422618,0.7580106887758932,19.755171707934977,3.1683596019348004,1.2813389087182614,1.3077303376003084,0.7491556270205139,0.048180917425978353,20.314606040816525,0.1786745862782562,-5.183844164595584
3.4123436856929685,10.804890928409582,0.9956211151961913,0.5709221411096177,0.7349492313588547,26.390989583317374,2.6418453825508172,1.1119269688697695,1.1890067323965094,0.7235287498359438,0.1128762836060122,25.381145099430483,0.18081011962168742,-15.373300764817145
3.4057951617688884,10.268862323008499,0.7278141949200583,0.6945935885925867,0.7600038851051829,21.922628147074875,2.7826547721852743,1.3757946734781104,1.304977473605142,0.7761200529668836,0.4555023522695599,18.858542407830562,0.17255172063701046,-19.670536168140686
3.404358354162964,10.703245660336483,0.7319659893937678,0.570963807813744,0.7215342404031244,19.988527081868536,2.703885501483157,1.1340926595942569,1.149427004827039,0.7282806325341328,0.2820419065155338,18.087762983114693,0.2144014380997133,-93.97143978195768
3.439142361208525,10.723263210840258,0.8969960590571867,0.6728989701329869,0.7543225755319951,27.393708795754563,2.930442372261892,1.3812833506593722,1.1787546510447107,0.7397797212278036,0.3155137030667593,15.638977829809022,0.15161845487852302,-25.26564995593546
3.4264730290282275,10.158824523695952,0.844001510143257,0.6865043021667181,0.7600215654272137,22.68477070950829,2.8540011628425974,1.1040553524445913,1.1993790672360516,0.7967053663952179,0.28027554704347024,22.179361542071486,0.16981809604512954,-100.51309050782606
3.4251174241362285,10.140381562309994,0.9149375289177399,0.66180556716293,0.7282382835796838,22.456178337684936,2.9069983739046963,1.3164997585434353,1.156162164888911,0.7794645325596211,0.11674886360864556,19.023634889996835,0.1893798447814472,-24.063466912237757
3.4168593502755336,10.486818968325373,0.8611423863395464,0.6433648682395026,0.7025170738003613,16.18723385954207,2.9856026403735285,1.1995941389303288,1.2161754337184862,0.729770593583314,0.44011464381578597,23.135744987591828,0.15740850399488643,-0.4666399995640518
3.435675173184668,10.319944850286266,0.9898276913472458,0.6820239743044804,0.7441771152065454,27.59561909374053,2.968594483418572,1.1531360286324965,1.2370115636529384,0.7990207478473907,0.37485229567537465,18.711017268175816,0.2177982502468957,-76.58504235433155
3.437380785310329,10.614357065025924,0.967606900475565,0.5494384106876568,0.711090540617814,26.09689696333516,3.09915921707908,1.3619760128676974,1.1278040204343875,0.701120970680295,0.45940742380040434,14.37198725006312,0.17425644800430107,-36.81676829204706
3.413973950164825,10.446871013428169,0.9057249222716621,0.6386732640615149,0.775692885716526,17.550976437697024,3.0120677717407895,1.3371893838618671,1.3334312233287902,0.7843358070671452,0.294694479387547,23.025404711640277,0.18154218386931145,-114.71134294322039
3.4037209293377346,10.862854249805052,0.7868748724240427,0.619470161996014,0.7161796251114982,15.39958151593019,3.2626612789152576,1.3287158034048732,1.1428940458978016,0.7662156847032237,0.042522521782136426,18.749084693905363,0.16724304187185043,-34.98355894028441
3.4080220328259605,10.86922846280641,0.7706122409628403,0.6091521561403531,0.7148973180082577,28.110644805406423,3.127464696815223,1.1118133116997098,1.3907193215406968,0.7726853467918956,0.3172930421446867,15.872524816288555,0.16546436553772315,-50.94907834397907
3.436983516025661,10.68690542270209,0.8752361559188276,0.5860221882034286,0.7720250064777553,21.064477654575594,3.1399794620230708,1.2704740819516076,1.296697579591573,0.7382672469570147,0.2418242759136777,22.909504732575577,0.21397014887845262,-18.20144645834192
3.4389563149587103,10.850641242530244,0.902110847880217,0.5974656793221556,0.7329736032140968,22.174497402301775,3.227383530109509,1.1190451678041082,1.2085282262012667,0.7114769704469411,0.3532174303506283,18.747217983811133,0.16645664705004523,-45.84633810623734
3.409168936456026,10.626862879757677,0.9729655330932307,0.6950246236865611,0.7761784759929975,23.83381927801252,2.668825968063446,1.1294799812250989,1.2992654964306858,0.7459804694590181,0.2904302952226588,24.911710189913357,0.17423923672151626,-111.51547158112845
3.408806417873639,10.542263069657068,0.8597511029243152,0.5917626107013132,0.709790880199865,22.826070821523054,2.9505620464514637,1.226581977728029,1.2217046329383572,0.7440174249188042,0.4648642919300143,15.669964496951433,0.19220096749719154,-48.99100869569354
3.4274379960715855,10.319758597488454,0.9614994739762026,0.5567056604800225,0.7592084889970825,17.460574673436117,2.8932793687977387,1.360106568318968,1.320876576329986,0.7549075801507178,0.4674367951308042,15.531452329303987,0.19910039493407056,-38.17429447184391
3.4001625223632774,10.149286406668452,0.9883213632227554,0.6753746836914546,0.7649027044647383,25.45991718622186,2.6964263250095453,1.2532036727989642,1.3614814578067047,0.7485606378536104,0.25328554359724753,24.46212403830087,0.2151742325913897,-106.1139067976597
3.414907954396431,10.419492429064066,0.9273948058572524,0.6272477361907496,0.703143007078431,17.275240923324592,2.801559692709202,1.1756462286993528,1.2358728502898781,0.7805828919523267,0.1828397144986725,21.227057854553024,0.21021393069452976,-108.00309225367859
3.4104321916052545,10.533626424383936,0.7707863284434412,0.6631364490049264,0.7438609422020841,19.60978853406814,2.711357301610282,1.1839423752614373,1.2177058817419721,0.7944987136196129,0.2693343079639052,21.472905070646064,0.2043831374032595,-101.18511226202527
3.4107943774469134,10.399045397170193,0.9910125677485089,0.5867469794442203,0.765666081385767,23.147351554506884,2.6509565194570444,1.387932503395524,1.3150415705177727,0.7888227884247431,0.42593086710108613,21.754621309466664,0.15501796724969782,-81.57802181372088
3.4319190396128185,10.88412293333931,0.7567475546951379,0.6908553094001801,0.7377769273727497,26.917207732877955,2.9071010732779015,1.1099483297433184,1.1109448087938236,0.7389408835731571,0.1602207215978484,19.487979328982362,0.15006285380657464,-121.82525437673281
3.4320266507274626,10.156227978426596,0.8331981796448409,0.6877402588044834,0.7758486053886244,21.785436766073765,2.656354309223607,1.3280450880027344,1.2524292912805581,0.7072892542083962,0.28982064787413336,25.93908891758672,0.16599363406092327,-33.395465725324655
3.4028340896190037,10.597284212415039,0.8840593740031268,0.6186963534885416,0.7282532269000642,25.566103917418168,2.9920747054821226,1.2953344284840627,1.3207552409068528,0.7895676246291955,0.1317476514263807,17.469359350373967,0.2066847868804005,-99.91791974967063
3.435814033916879,10.27013298892386,0.9701696231990855,0.6696910869279623,0.7588237015424524,23.314783650377276,2.9437625000274092,1.260632309225489,1.1282222099486459,0.7150169230398735,0.2606328864976254,18.850130273107606,0.18469377923090502,-59.646246997170294
3.4306239377827166,10.845250969245596,0.9258591451039972,0.563978162718974,0.7614923553008858,26.07846323002902,3.0105424492779713,1.1998809100205714,1.3656931477563683,0.7497888077674262,0.2533766821437383,18.387699382667474,0.21617497245854808,-63.80080702973206
3.4193054835888885,10.08043100100238,0.7106228945447097,0.6123129597715281,0.7699510122506159,23.992922198586196,2.8612219475136156,1.347613209716046,1.3768842165092563,0.7217059903582475,0.41656073239297675,24.916630824894497,0.17852989321002596,-47.365952191206276
3.433626988850708,10.102229730263486,0.857914671969641,0.6146609267849898,0.7419592201927663,19.00929105451683,3.2465147079299412,1.1139058041075185,1.1409926588553725,0.7267112387368159,0.36715955165339226,23.228225547861452,0.2086206277664114,-91.74278183015961
3.4271595925501863,10.51608680740519,0.7968896407554524,0.5732797681135364,0.7200127209256006,28.042624411342715,3.2545110793758667,1.1142082180786848,1.1669553875533156,0.7893502797476861,0.04980102626270398,22.818869972374287,0.17636547783880965,-111.81846848707673
3.43261709550983,10.79838775459862,0.7599622171966105,0.6804246790076613,0.7612715053783103,18.222811906672586,2.968830399286022,1.198079390576954,1.3075139381568972,0.7730206826638774,0.4281775134341523,25.63530627500927,0.15800499262548132,-62.44263307943418
3.409986310680308,10.182151637270294,0.7299114147405614,0.5417985472083797,0.774001404321099,17.771208651232286,3.229514261132711,1.1933622141289064,1.3738380619355368,0.7064469938245522,0.1509836224354438,18.453073564551445,0.19521918221677811,-55.08146868943285
3.4273261201275123,10.383722175539727,0.6829402493399033,0.6163432740785917,0.7698418083032634,22.146841135994002,2.871292868630394,1.1472950893776201,1.3681705540716855,0.7409716837286822,0.2750457492451441,16.899926052753827,0.20059184240129924,-53.887648809126134
3.416596751630447,10.74050086952633,0.7512751274848486,0.6010881009037962,0.7395590070469584,27.222692406816748,2.9048944976654694,1.2514224204779438,1.189809348606671,0.7186533912889014,0.3278364075294308,17.415332609785338,0.18667930768109503,-109.2198558551233
3.408977667173803,10.055804599752888,0.723091229407428,0.6045742739935769,0.7379862763700634,15.49065732936502,2.919138949671935,1.107043580606909,1.33792925750421,0.7535394135611997,0.34401674348935474,18.15180948878158,0.21426797584461132,-81.86246987861263
3.403739076005596,10.330238136371886,1.0177545822307896,0.6006333251580939,0.7234532803994421,24.81079011376174,2.764975139231828,1.2080945170377808,1.238250034970853,0.7018752203858959,0.20802280919717464,18.889678664375424,0.17668857654581513,-81.01438406943473
3.4015299860026817,10.14735103445189,0.7723845079176666,0.6843546631526072,0.7659467833399909,17.932709679440418,2.9257170768733705,1.364492472573198,1.3577261736138602,0.7186710855481746,0.3752423131735053,15.491067899485014,0.2188314009056218,-26.709209036536976
3.420163658797561,10.805908482191414,0.8564625622487402,0.6477972791368032,0.7578203192016899,18.032522558133618,2.761383382523182,1.3449995736204494,1.1211441192919653,0.7860240621067665,0.01250871344709458,24.684883047844743,0.17209625757355212,-106.53772711507014
3.4008603620310796,10.753872637913215,0.7818323851724415,0.5774213194161841,0.7675989725007177,19.77213424648591,2.830324811403844,1.2417002794900391,1.2497457863333472,0.7448963853768019,0.0005868815421552986,21.54509165990978,0.1913824995918078,-91.78413308387522
3.408878996621195,10.382091683653057,0.6863860943457725,0.5968316598791338,0.7122288050263953,24.50090649478531,2.8627458368990597,1.278233095015206,1.240155490264925,0.7955522525851506,0.22431292378941425,15.822566103734918,0.21635510541015157,-18.965475989945546
3.4375965257531136,10.097368711094319,0.9059263336653449,0.6462386340655423,0.7028963361059439,22.31163641410549,3.0004725569907262,1.2717526243598423,1.2970893228766454,0.7761895255944905,0.41674039859951356,20.617730202886047,0.15445129777909056,-81.46084859298679
3.4242859068039024,10.032989106348523,0.9482647453281843,0.673995307131234,0.7436415758437255,18.666454489978275,3.154129217034575,1.3212743839662457,1.270934833485732,0.7131513488086815,0.1176118632281283,19.39133882133413,0.17261218896387218,-74.4320742837564
3.418332442552331,10.629155766990953,0.8532798199018794,0.6508179997055975,0.7252263659179717,27.811295378643226,2.695311931677695,1.1988829995243238,1.3260347278650322,0.7058847743801271,0.49864578231841356,22.865962481036583,0.1807139734701701,-68.70137084889384
3.405507234290859,10.40815647490275,0.7763901692165582,0.6109138103453187,0.7189026323675186,18.56370743464234,2.8757659738896018,1.1457581858519148,1.2987654321270183,0.7177558043288215,0.07544210265765103,23.945457786833977,0.15909429209741954,-92.5920024109418
3.43886742512316,10.174479321740396,0.7900704900413495,0.6787848531581081,0.7720426839348019,22.167554174360284,2.7775266635009093,1.1198420874586186,1.2573536050879501,0.7253091459739999,0.05521230417480276,19.208575334967982,0.1951787495774657,-88.74764994947571
3.421333826064547,10.177180070948987,0.7382241857589698,0.662907646444569,0.7653590778451528,25.47654695011083,3.2359788164841077,1.2873761366901144,1.3895280219673816,0.7446769364189255,0.3174670346293473,19.755442198194732,0.15590872972537373,-101.81255833091186
3.416833652762496,10.105730880256992,0.8483882574885063,0.642073971068405,0.7628336776227392,17.832281898181655,3.0442346729458247,1.2481044516197455,1.3151151646164587,0.7853370779273521,0.28758769548179514,21.14087571079766,0.17783335409411413,-63.200016360977536
3.406869893234168,10.554208220219095,0.7672464060365124,0.6865193761198884,0.7584087023091198,18.45883313731813,3.129856971814127,1.237972417119861,1.1812098477638238,0.7864434038275187,0.23633436087230367,23.17910397691245,0.20604801086375718,-114.28477382553491
3.4082889744032836,10.799672683727227,0.9079341483359233,0.5545532053427601,0.7735936866542632,27.070787640229206,2.7380100865649264,1.310253444789017,1.2378612128678073,0.7975655729783508,0.20190073948986745,20.26770978176558,0.18396069674214552,-67.362425468956
3.4159523808976657,10.429510339815245,0.9611432703636715,0.6994735462820436,0.7663325830940614,26.426669560305385,3.1010897305581033,1.3713160821534363,1.2609015829276555,0.7621199907345805,0.4334178869398169,18.654368864511152,0.15967282208576158,-113.39649491981145
3.4300848329928937,10.815224142547274,0.9839744920751421,0.5739321847363874,0.7318765704157014,25.465795384134587,3.2161786552994935,1.1414018335861136,1.1918162357805322,0.7684292465683744,0.1344443908321107,20.698863294558176,0.19143554181382266,-117.2304339742511
3.4368810129991103,10.494116227910002,0.9927946561403871,0.6945389684025793,0.7002044638256095,20.37250832905493,2.887350302751757,1.2358801295432031,1.242854501168875,0.7321615782043395,0.1950222198417926,18.42321755239597,0.18192349047924458,-121.64438418867765
3.4103646424932745,10.270194996694546,1.0123850822566594,0.5550055406726362,0.7649842228641086,22.958577783617102,3.045224187167501,1.1899221925553964,1.360310921739721,0.7966447916114034,0.3473946873229653,25.246006857595816,0.19145893276602924,-88.4706796877069
3.431220309799956,10.14686565756033,0.952754047815437,0.6756919424956852,0.7088485612206178,17.21067870387154,2.6691893728128813,1.1042299808106004,1.3155750635848849,0.7429193048989929,0.0032562555789645295,16.959316473690286,0.18541732061570157,-58.00053557925945
3.431446423080301,10.270443555375119,0.9717801031537573,0.5594469293701171,0.7744711994960022,20.787746356394067,3.0359742382270896,1.1565201782244265,1.2041493665421177,0.7246166679776916,0.08755913774472672,20.04448474466616,0.20251825069494273,-115.81200105419381
3.4015008710726784,10.775422539587357,0.7397430807666405,0.6973130834857361,0.7416127325413288,20.21442257065831,2.9784696541669433,1.1893611853102497,1.2005037966776937,0.751558173851544,0.48641975308116947,24.032766259496444,0.19734448791508896,-34.17028113941802
3.4338053288404304,10.459590837048843,0.8436127176726825,0.5449541212272153,0.7579516157660018,26.723946528507213,2.7482047449509044,1.383710356471476,1.2790051479484166,0.7267563712390851,0.03060549524058129,15.208222460141755,0.16140459976494104,-42.216231059282975
3.4147919290908355,10.217979456636405,0.9067771439807573,0.5891758821483182,0.7403414570547843,19.683937067439313,2.8386554788160843,1.3259197568671144,1.2764752525145437,0.7245878058167669,0.22670202350029553,24.881257126716953,0.17359960002158714,-111.39895772323734
3.424395553804089,10.098834909321887,0.681531973274448,0.5509767342089502,0.7449394738338664,27.021978622443108,2.662415788126929,1.122731656480128,1.1281863564995405,0.7854710394787952,0.1512745730928743,15.057086747477571,0.18824287473586002,-39.30207357806576
3.4361685224249756,10.444086275678629,0.81945970642772,0.6582990521992662,0.7191449885864599,26.707889574895912,2.804241486484798,1.1881939950961748,1.3663296702193581,0.7548269367054086,0.2132945924003936,23.14213629857531,0.16927603384497225,-43.89813803591706
3.4394224408244862,10.812782962727084,0.7966081119942902,0.6998444401572766,0.7407684285973364,16.288211673756443,3.154729190088443,1.179459038480802,1.1163286817925984,0.721214956784179,0.46591346374694703,18.282672225113526,0.15395374751694021,-18.403547581344057
3.4310473200448866,10.039835516958469,0.8558473753186087,0.6051957506507363,0.7776377366819509,26.641481585054215,2.964737576885667,1.1408298433357635,1.2981046364521243,0.774166922049909,0.03420718383279569,14.60393082710098,0.17431318075940377,-34.44812732152435
3.432455667188782,10.298439711993685,0.9807644782325073,0.6613697399401137,0.7313593869255142,17.2919264819353,3.1583544068967955,1.3998934211022354,1.3689964933784602,0.7528753387379152,0.4463131341984312,20.000560840357686,0.16502465967934707,-41.10397556213873
3.4227972295731504,10.375253358560027,0.9838272162204276,0.5694875481709316,0.7037996139432833,21.039954099534725,3.0716375326762426,1.2550242432550256,1.258917082647395,0.7073723922521614,0.1931488009810384,19.11490884007351,0.15064618332359508,-77.42927326735432
3.4068522587935406,10.474875979269505,0.9803726529780377,0.6676191681397108,0.7008007309363419,21.80214917666695,3.1225072969769956,1.3667079520452465,1.3026076751753772,0.7721611842981969,0.1597980507230219,17.48043926924042,0.18983889884007968,-79.84221307838943
3.412138962092741,10.320086844818826,0.9009815591640906,0.6149118123213873,0.7663905816385743,21.201481621728195,3.1842628032841094,1.291200804993809,1.117364645705954,0.7790227058006005,0.3697937120930366,17.93970303610938,0.16509614033110667,-117.86519899105573
3.433360428693651,10.123680298908658,0.8905304122531106,0.6595488570710563,0.7072264281084192,20.18293807927536,3.168914005422093,1.1166186675320917,1.1476902299919467,0.7855977330581058,0.26600281436829126,19.713171733619124,0.2011505117657797,-74.39093780538677
3.4251025430427204,10.299097825512773,0.680820223770938,0.6277283799965687,0.7773255477418264,20.41546036631051,3.1766305309940184,1.2462420513805859,1.2353658529447369,0.7638720899774023,0.33846314492786256,17.37233588142131,0.1659005802978545,-115.93443220151315
3.428440740918967,10.645630049392773,0.9433418064399963,0.59876823408902,0.7588254371062543,26.602021123654037,2.838409878070934,1.2628148796633942,1.3408200265655126,0.7055870475120791,0.4668590761953174,19.2649024473957,0.20163795352774047,-36.20479456971924
3.423010794129315,10.892105218037672,0.9091696637442788,0.5904481160073836,0.7008935169817503,23.768867587988225,2.6744204478032065,1.1435572987135503,1.1422303494910768,0.7092370018836126,0.19950432060202988,15.747603604371811,0.17802645000290734,-68.93982834151589
3.4111653956534864,10.86960702154809,0.9094352203983764,0.6708881169469348,0.7386973483133488,20.951150959563652,3.067726524118028,1.2808690331892465,1.3576813606495386,0.7819946666671728,0.28574911979837936,19.360055142015007,0.20199661518471873,-38.39089666497971
3.424474615666044,10.473938011988345,0.7877472840092343,0.6158664428415235,0.7588642490783992,28.031786303052513,2.8471660913742616,1.2298471189676645,1.1979233250588917,0.7253177749434994,0.04232789951343755,19.51348678127679,0.1892902397609786,-50.514482902745485
3.408243543613372,10.860065465926267,0.9523317444713975,0.5596145177082462,0.7396970372674428,15.336470449544434,2.6638541936131315,1.18492228649089,1.1138038496828766,0.7726647539691187,0.15510754600810464,20.296168568169104,0.17349243497668798,-74.37005011697684
3.4039318195306913,10.212437557352967,0.9777929134619077,0.5435314969101508,0.7783890476254955,20.91661027427576,3.209181026638465,1.2466391290060124,1.356691402471689,0.7188511457061654,0.15366019353123261,23.917666029911075,0.1930761988713668,-118.76823058565716
3.4303635285030323,10.720352926425537,0.8017125521847027,0.5649741848479455,0.7211082237072347,15.926075331568283,2.6503465518214746,1.3553854724332166,1.2067401111481912,0.7568201333597957,0.02958904126416012,15.211342931515967,0.1784661112662818,-73.5332626654482
3.436493406168914,10.16826412969797,0.965835108431317,0.5760942957611284,0.7168300210007722,27.302419661272953,3.1440594760255767,1.197559216854521,1.1809503036682674,0.7115024379315796,0.1336266528121923,23.684598566553653,0.15219346001954454,-101.13083202650661
3.4299794628085127,10.705392931481713,0.8194125432478848,0.6761450902012579,0.7169786888351382,19.53665247855391,2.856384165616954,1.3475283439286772,1.1240778892250667,0.792599317519508,0.29598805777654275,25.386419705180337,0.19653557608346936,-76.10557321737983
3.419048877371994,10.13787430987805,0.9108903298204867,0.673803281634511,0.7728176398188387,25.805438792156913,2.7954806690442036,1.2828760075189327,1.2532949195394696,0.7145777120058425,0.4002497222804175,20.059298294479348,0.15212860729065952,-39.34477179664843
3.4127071781313,10.740798577230489,0.6861401436344814,0.6150327565012867,0.7166534046936964,18.195240461681834,2.7518376338266126,1.1778421334071965,1.2077880035301203,0.7040033274728388,0.0017262970449276533,15.397228666563489,0.19997046800669505,-14.447367181839496
3.4122721935265,10.33837192699126,0.7963813059097236,0.6077723231606457,0.7073628454086277,18.877766568478762,3.0098149377060794,1.3980805918814492,1.2018426475377417,0.7161236468482237,0.38215343716398675,16.896135761344407,0.17599249929185218,-51.53034600287728
3.4394870125235504,10.371264168179495,1.0191882787310897,0.6359456918546421,0.7561943663473643,16.603511104535265,2.8300039117703286,1.3308279380007169,1.2975338012990836,0.7328374081160618,0.44569922648200777,25.035299788892097,0.1878212385661334,-81.12780926478251
3.421321713518337,10.494548587832847,0.8951738430205997,0.5535548955140636,0.7076393665481201,18.56460880776959,3.083817141639926,1.2511192997247462,1.2812666616655803,0.7421492501884576,0.45859854782174975,17.952040952116587,0.1647768400960516,-82.8994735304326
3.421648346350693,10.69831068784636,0.8530450452503321,0.6072652111227492,0.7480578745727985,19.920082532864477,3.138484902832901,1.2962197973327327,1.3050770203929545,0.7163875660372668,0.07367969390200485,18.67908865739524,0.1637988672166994,-108.93118798274489
3.4389781162772937,10.381123796656123,0.9232553473341127,0.5665893185739721,0.7060660985283634,24.502247843427043,3.2097144256665775,1.2880374449831726,1.3165094590963002,0.7743910937535079,0.4346634740094991,18.920892378561113,0.1852475541555535,-56.8692586600243
3.4309278722594176,10.391171067378927,0.7945068980065162,0.6073411530300703,0.774634123943263,23.140090207660954,3.0507577329077913,1.1000295550019672,1.2107059042093382,0.7385298163045818,0.3243783495907364,15.95297336130437,0.17088434026973032,-88.55867904720392
3.4195076024936637,10.000521362785845,1.0019562707464762,0.5580109166307008,0.7620215967296642,19.827749929920223,3.258060764964394,1.19984895967404,1.2126107128198425,0.7214745365198899,0.45669686529548187,18.328142992895636,0.20961838565801133,-29.220822491735177
3.435897248221529,10.692405471237166,0.8453738638428799,0.5499328701863834,0.742800821736018,16.604837334857383,2.728281610799933,1.1153343468732477,1.1352133857074582,0.7560194001880678,0.05746918741874676,23.91317532697731,0.1607942511735887,-22.338320439680245
3.418788064016453,10.337291344856844,0.7696090202266407,0.6079268982745847,0.7215605076338626,17.222141281059585,2.785560530281756,1.2734448625447328,1.2452450286371861,0.7627207131870096,0.02048220246197837,15.833672428088143,0.20598166075561244,-15.26051717425699
3.4326398111733414,10.45927506207276,0.8936101350861125,0.6873787830196475,0.742968893675152,19.523237291658702,2.85303941556999,1.356839256893348,1.323515678170554,0.7086516087559351,0.09302365233850404,15.473457288315862,0.18608733284219278,-121.3480383746851
3.439550035709795,10.855210922451873,0.7924062253252069,0.6682418677715849,0.7219174036119422,27.49424101246468,2.8861646377309143,1.1322033233140156,1.2597984713374264,0.786005126840165,0.4815224563897938,19.099025130449203,0.18418743874260968,-57.82881822825492
3.4141993775404313,10.049496624779895,0.9766600296641241,0.644933945417016,0.7625668818812616,22.291024695170137,3.011392329664416,1.1050274675452898,1.187843789351278,0.7576604721135439,0.4853632354602176,25.154309755788468,0.1921599118765568,-100.35372014047442
3.4316772488239304,10.624781754878164,0.8665296582771318,0.5716968183587909,0.723117289072559,18.582087255995496,2.971885457837815,1.2479452240454496,1.3282637566374724,0.746649742480226,0.13998005294510127,25.39268198652701,0.15318877406754552,-13.25911433722679
3.4311120764987924,10.792440973339705,0.6711531270288895,0.562431358317295,0.7671980712306251,24.052152607355474,3.1105210278295625,1.2233502796881666,1.3135420859150808,0.7443345031227094,0.08036668242546502,15.459529990971383,0.1517417377837205,-118.26191365562974
3.4056033186715555,10.748969271411779,0.6588128375904195,0.6341220708649054,0.7444169678355352,19.156353750851434,2.8700468727249677,1.236223102467014,1.3495655963623063,0.7897524444469002,0.23201620213732885,16.02339346053674,0.19737872891315453,-88.57243128770263
3.4232247044521706,10.342590284550921,0.702620700705736,0.5790098914376889,0.7128121791382678,26.08237607653674,3.0765629044049345,1.1793255829613165,1.355740056351085,0.7651742388163048,0.3311524199790865,14.09897018147603,0.18891749543669895,-77.33790164808605
3.405634640104934,10.573956765695796,0.8006406577364255,0.6271718963883295,0.731457775247289,24.151802492797362,3.000773766859031,1.2812039074938275,1.2325931040721565,0.7558241785924128,0.06053332651227747,17.743053865722953,0.17350602410522065,-109.18289992782682
3.4176899070053173,10.080612028786346,0.8187323858423194,0.6968370609379907,0.7463888907384304,17.111336421670426,3.085752262261829,1.215287188370177,1.175774574471259,0.72747571982297,0.29423358053196585,25.840116665366928,0.16584110336800345,-43.784492240537176
3.4083914471819097,10.435079358885414,0.9609077173335642,0.580001398450444,0.7218679650608175,20.71074247216547,2.927657234584533,1.1218657051950398,1.298725875581647,0.7893177348316277,0.10051226782647389,23.841430152558807,0.16773037496056667,-121.9344440605219
3.415840341903987,10.818423143980263,0.8380612432577706,0.5504623847599449,0.779497242147202,22.21508906391024,2.6649971621926425,1.3738359931447706,1.1382113226095492,0.7550583505165973,0.3137414426759229,25.11214270281286,0.2198969732877354,-87.98178325702567
3.4145487144773754,10.895997115279535,0.8148407122151293,0.5883263029128785,0.7524238932861571,17.912006869904875,2.7283699597992723,1.1056421354116948,1.160205485807684,0.7754777745410237,0.09998027198719235,14.547509444731501,0.15497691356045634,-104.15321341234305
3.417310065192974,10.248657473637765,0.9556767160015985,0.650742803072682,0.7028227747885096,24.08706860318982,3.198719709937192,1.2712831436834127,1.2334229014406326,0.7157597476363214,0.39987311275261667,22.627690752981366,0.20082922246217152,-34.72233991238289
3.4085817116005033,10.351824803788316,0.8523855259875002,0.6007875837993076,0.7304176620521423,19.72705006160573,2.6597178287609125,1.146841471552618,1.3575106168182363,0.7582227714280455,0.4964873312500521,19.717281601238035,0.1991749785475301,-118.47748617610249
3.401621895625172,10.293251318355436,0.7495556695677459,0.6144991175215762,0.7737369096132292,20.561686395421937,2.7227172378201483,1.3807139579720273,1.2649059245159249,0.7241727265978104,0.4283484408061453,25.96524624565534,0.20468067272344403,-116.79573537881103
3.4232026246185794,10.292242489933988,0.8150354709402917,0.5788224527935428,0.748138386343921,24.603537950787487,2.739612749961754,1.250271193240844,1.1723430799287478,0.780806614508067,0.16738620268117638,21.390028438747283,0.19964580170598079,-109.63029097440207
3.4354013818837905,10.449453224463868,0.7644842302431943,0.6682185352393307,0.745120796344534,26.15079798124502,3.0756715980263567,1.2826176383188042,1.2046534809384215,0.7323168825683004,0.2274442578860698,22.88028102918765,0.19101859976994678,-108.75362068999993
3.4138127993789262,10.78206341232559,0.8840855571553257,0.5727823045579467,0.7465911203586834,19.27651442242678,3.2160253310372755,1.1170931401643227,1.2883458789290734,0.7158525019510937,0.014068292480400806,23.32708868776001,0.17256223871776138,-0.23723783933154152
3.4092551364499686,10.291999294398929,0.8964423453094397,0.6355599042419059,0.7688212520075477,26.206289050823433,2.831842079313295,1.2293150683432517,1.2137388236630717,0.7351185739356471,0.47588799119896,16.12032614625917,0.15091710395270716,-82.37253244603943
3.4111092408289037,10.356399806341036,0.8228148956835627,0.5437176651616402,0.7503903179411818,17.726891911483087,2.750282413988674,1.229799099743105,1.2074893347212203,0.7919979645263651,0.4043025994400409,21.250894809733715,0.218650654345844,-41.53848289387891
3.433776377525918,10.567992894316529,0.8691198581165556,0.6473186364071923,0.721899416067864,21.609591238502738,3.263639471374536,1.1373321821668434,1.202808455204192,0.7561924480221485,0.290500144832287,15.293265007840343,0.18450081161297263,-69.38067264039245
3.4304632657593417,10.659521527170998,0.86414371981848,0.6224185550235339,0.725642819451446,20.27497901245805,3.096974318333846,1.1924128266165355,1.2172367625236213,0.7334347747715567,0.14147024168099046,16.645187724336147,0.15166881938729904,-102.22604362109219
3.4060715266531165,10.1179204734403,0.9007046512959056,0.645422558822323,0.7267222230365931,21.03483541623725,3.121436090311286,1.1734305090042332,1.2433566565340661,0.720723569594851,0.11636161163987854,19.10746111782531,0.1606480832849776,-67.91153169016269
3.4124020178448142,10.499085643815452,0.9017816873668274,0.5722455889210853,0.7032217748984135,22.04131611617381,3.109821776445382,1.3372999294131747,1.2502921086443657,0.7878972055355818,0.20579937421936315,20.203770345859095,0.20947005482833522,-111.86170801645325
3.4157714996169526,10.366808188547514,0.7222187778560911,0.5971487792454531,0.7487261290835935,16.540349776526178,2.967251961067667,1.1295164660580013,1.1455490833714828,0.7031805491232529,0.06364958592528122,25.315824069244698,0.2079143016873744,-71.58666704796971
3.4131117623668774,10.623724131944746,0.9242412332893976,0.6718949569930167,0.7729945179526458,28.105298391400055,3.1149833866592753,1.317384009328896,1.2386552457163207,0.7595523689241513,0.4509784529146285,19.827075770030984,0.16888953676863339,-27.179202364466533
3.404262905327623,10.470142904790542,0.8533593518874234,0.5580950065373395,0.7743608893852311,20.602776286577317,3.239226548455522,1.1018238438708117,1.3720415853467278,0.7603968856315819,0.44188951617714234,20.505050834340658,0.19230935409659414,-62.6758535577034
3.4189345562091575,10.558001871342233,0.9084977564364645,0.6634453162395197,0.7608703263817957,22.761905057333003,3.164032850858624,1.3090486541958835,1.3481593811343129,0.7408751348609839,0.017623196653364464,18.495031135186164,0.15204701009034066,-116.54533061937164
3.432267432554322,10.125281886490301,0.7060976249021612,0.5569213686208077,0.7474934018937377,20.857618727262533,2.9673706968727984,1.3609232249014922,1.3649531943954523,0.736188019218627,0.23817167618994134,17.040370893829497,0.182705301066311,-53.615157076392634
3.400134814869479,10.01088968621593,1.0203249766101892,0.6533418965918166,0.7692493286085837,21.04549472970928,3.205496597382176,1.35848564468155,1.2336346226172688,0.7859623378482239,0.20244469910403176,23.018184631004573,0.17799739072982446,-103.86603349410257
3.4123252402794364,10.854846381384485,0.8316385062532893,0.6620359079252651,0.703663632549763,25.2860149405765,3.0949395898542935,1.2090220040661168,1.1287681730861756,0.7197278649643062,0.12920133427262423,15.851242126517757,0.1990373241590646,-43.45043998846394
3.400154949685295,10.550769726640954,0.9147843908628805,0.6667384222907715,0.7647810990877734,25.470331290789645,2.990381425699556,1.161612296586239,1.2719967044410079,0.7060267012775275,0.3275626833158297,23.783945482404768,0.16328212534671382,-15.582424165052004
3.420821327437418,10.477456502409906,0.845946913398797,0.5406299236902657,0.7124104253231434,17.24013768289882,3.1504446193720286,1.1597437941817867,1.1606766089285456,0.7818882885629913,0.33704470933354036,21.97850608137165,0.21909330016791717,-53.62992593597819
3.4270787542568075,10.308657282332069,0.773270895534825,0.6250456404446689,0.7034133432092051,16.817865923392276,2.888097821349273,1.380435701060925,1.2779423779568138,0.7883362882432159,0.3086998500917136,19.943698234342406,0.1869050183655936,-27.8471319790453
3.4060932246715305,10.194778749557493,1.0167301791986327,0.5456605162707663,0.727705410966971,15.477346665858661,3.2410131482680473,1.2462872587521094,1.306976048786332,0.771699520798884,0.2829876409643654,22.539140983797893,0.160684548515377,-120.06789429404742
3.41493470366208,10.20252806127241,1.0166585238626398,0.6099251250745843,0.7537586547410635,18.043883306140646,2.7922945467405293,1.1413358156929152,1.2915827105908795,0.7607625989241082,0.4414289290477509,24.490058223449672,0.19070302029105182,-91.82810873434151
3.4364590869023885,10.810939966360856,0.9794000688942984,0.5489273510160672,0.7430120928809869,18.708186106249727,3.24567049978112,1.330102888527976,1.196459538707749,0.7266794758681792,0.4173540597999408,19.053163460760963,0.18440481880804913,-65.83859464609307
3.4374378667870435,10.590840442830256,0.681768560384231,0.5928509860522383,0.7428364506904748,24.89127892765383,3.0500179762936677,1.2046647061012836,1.2280214319136469,0.718094964503871,0.31164475261061175,14.298389047096386,0.18144608364246345,-71.38817280070359
3.4367530368917993,10.309841167627955,0.7472286217971376,0.6290729737571479,0.714353492659556,19.479935270127875,2.964937768596187,1.2216400542567394,1.3696910525003096,0.734796407621327,0.19523111383466196,19.424803301474746,0.19903400949249353,-19.145677490205344
3.424031852182292,10.60952624031479,0.8270287036661649,0.565287459444108,0.7710786802876756,16.920607874875365,3.158618051537212,1.2687480234494453,1.3135078633600783,0.7274190677324699,0.034340859646461185,21.921928356336007,0.15249829040841364,-5.466286787521653
3.4010992055195306,10.629267064109873,0.9275348445402911,0.6235575851664935,0.7238064314445075,18.112805432133843,2.970591076518195,1.279634864975482,1.3440859180078002,0.7812322569415167,0.18084305000195025,23.8741051061823,0.1718250002339546,-39.85455933389909
3.430783401245355,10.34001367343614,0.7344477497936829,0.6509255661229005,0.7343259039605119,25.8310930939786,2.936254190454718,1.103927153675126,1.3466856061603107,0.785775143667197,0.4452007664331391,19.88609025328189,0.16061171186773696,-114.47194289886292
3.417386528260596,10.497594029928235,0.9223150210456921,0.5613725458562672,0.7003171935786097,26.625348940698824,3.1580984757791684,1.36809497253986,1.1945209469474583,0.7435814918352229,0.41719258645379437,20.92631355040912,0.1572142299819554,-16.090135644509147
3.419260295859841,10.19327001743366,0.8942242382488667,0.562090064853247,0.7070784846648004,24.16996791849103,3.2170494541259314,1.3463961208843087,1.3093009859617486,0.7522388931658867,0.13732313332737667,23.012245879718616,0.17343438618043772,-37.85892652604359
3.400966399361667,10.229269336567825,0.750374761976326,0.5480611140839811,0.7412999882120827,23.56402915848335,2.791405791174552,1.2839791129202731,1.341003156832726,0.7631191843490271,0.2872086694633937,25.848419922075458,0.1645402881203986,-115.2669547039292
3.410093751502463,10.203147527885225,0.7934470826897171,0.6669005065710003,0.7691099120630863,25.662862815417654,3.0961175430724874,1.3006258651190046,1.391796246736892,0.7563128223955172,0.02788582561561631,23.008556003984538,0.21866792172689456,-49.61315953485315
3.422122420280613,10.801312748358836,0.7175716962829597,0.6256214438879213,0.7176103199998327,25.183896284490828,2.993307315899446,1.3033129550649856,1.2112217401565069,0.7663269038405544,0.017554841365495833,22.645720251905505,0.16009597747748808,-116.03706289050795
3.412301330024278,10.525016679143379,0.9629960452070886,0.6407641852606399,0.7158619112621756,17.004391322401954,2.6697479919026,1.1927310890017695,1.3787705708272067,0.7847995378760863,0.33150544300908175,18.08250553512654,0.18520031674956092,-56.344616627200494
3.41299245909948,10.189762135426466,0.8494537888475164,0.5476835301565961,0.7071053172917003,28.173549325745824,2.676424859933198,1.1888520650824994,1.3802336382927052,0.7854098229317907,0.11812576404018807,21.176287027630977,0.16038267423260397,-117.00398848989686
3.432845005176659,10.874783023763243,1.0277988959491688,0.6776010412920712,0.7461198402753255,26.05756527435405,2.747087104562381,1.30746583924443,1.3203439321583081,0.7104922107194712,0.3549752945318304,21.3253339753755,0.21322240964337968,-110.5523344102712
3.409695169093984,10.108332402651715,0.9732838683059564,0.6161754796570408,0.7580849906874778,20.643016354539068,3.182371428682596,1.120518742930518,1.3946299399132782,0.7205577494623224,0.06064543065344181,20.534569091447064,0.21765292482910653,-67.77366652318969
3.4297030348474165,10.654836835071428,0.8482077042375362,0.6703127909041514,0.7790518514669615,20.911457682135666,3.076312414540122,1.3037824685556498,1.2599886122537787,0.7289651325082428,0.3471319301562102,17.16840763027009,0.2087709545856344,-40.439664235487015
3.417533449137839,10.109525619968771,0.8635176074933898,0.6147066311382361,0.7467647815294858,16.43372292223749,2.751104895363538,1.341677887668806,1.385605520079062,0.7809410687709933,0.2535943451118523,25.8029418892014,0.1923368488581398,-45.75755088279615
3.42171638798185,10.552868250125316,0.8245130930242388,0.6405442809727359,0.7693454655715323,19.858390768294242,2.844167098205331,1.3326613224949395,1.1145649888621287,0.7250107220466511,0.12320636371630701,17.755546028486336,0.17658308122683858,-98.56019404408607
3.43691260159334,10.332091151104274,0.8858217674566156,0.6670952053420662,0.7664058560563229,16.821411651900597,2.8950597760009695,1.3173623151408367,1.3658708571744125,0.7071325263392758,0.18565920296839614,19.57398659371177,0.1597158688631613,-60.82470899670266
3.436866489491849,10.836578517145988,0.8217802938500683,0.5477659582848183,0.7379188795625343,18.574546019308716,2.6821680148370826,1.1575966642355524,1.1888561575625158,0.7148448934250257,0.27755212743199403,15.495512624353271,0.21244718236153273,-1.0914482328024349
3.4376802323942233,10.54765480915507,0.6798807685495408,0.6203533559121316,0.7312292864644574,25.03068629541857,2.7073794347082702,1.3449032072993794,1.2968922257975726,0.7948058046386919,0.04776788213169105,14.427858996124453,0.19403020679762636,-41.9363904337155
3.4398756629574736,10.676541989764797,0.9472505614441593,0.5400924961579524,0.7457092988469853,19.90683839608797,3.020156022613777,1.3981602057129425,1.2931005890203837,0.7804348419988569,0.13470495346445904,22.560921951722747,0.2191249533009926,-76.1929927838033
3.419534686777838,10.339267422329517,0.7877735155107898,0.5807368807805464,0.7768295182971878,21.287279942812113,3.0662296477443927,1.2719365519293273,1.1288262816861636,0.7284094409820437,0.2954253096672516,14.61549478887959,0.21435236686266296,-106.37612776087636
3.436764397811017,10.409963315087325,0.6833916279370692,0.5432964304411801,0.7611630449320892,22.587398045958313,3.2582511405299153,1.368301873651818,1.164849982465016,0.7398113861729956,0.3479187481347513,14.782810102369535,0.2168200936812171,-49.18709172459636
3.4221545865012475,10.73970070494832,0.8281089622553256,0.5956838457929411,0.7334363895148985,25.93936016684505,2.9240192845523234,1.193816989747529,1.3206984679092288,0.7429456153371683,0.015182036629525025,19.71471994419356,0.2197147471428989,-102.76394998347482
3.4240547778308765,10.032904352105858,0.8663233239508834,0.5855869731638363,0.7099817450161512,18.368859531004503,2.90115672554919,1.1159893668685876,1.338605438002184,0.7384372255880896,0.2587943738631951,15.158656298995613,0.21460351291808116,-59.0039061273679
3.4143583651665996,10.454568339534777,0.8686571431799635,0.6543319538878511,0.7217932184360788,22.00925911793343,2.816719524368984,1.1425098298560301,1.195638320265622,0.7341590002342696,0.05732276213542097,20.618009032939465,0.1969507055806204,-80.05803711406287
3.4047948788942612,10.728480769139773,0.9501667645120406,0.6571214166514306,0.7585537772608529,23.65906949969054,3.0114714431346394,1.3054654647471382,1.1526515890420839,0.7626528673943931,0.03267330731536259,24.970927615716967,0.21065156416813313,-65.26862490945372
3.410879491611147,10.473678371258773,0.7910784831061366,0.574126779211238,0.7074735301262761,18.73382900718983,2.9281360455715086,1.209969733887226,1.250382298109619,0.7897852773121071,0.2810139487552317,18.09109392771361,0.19183553893223254,-28.915257274001192
3.4384366874173344,10.202035833786693,0.6509979633840813,0.5533009179751027,0.7614710230686846,24.839876058261225,2.735346366553321,1.1759585506781913,1.3688385553976667,0.775879977957363,0.11355461874259828,19.78735288032194,0.18846383291238253,-18.368059021038874
3.4172759030081976,10.740370504293594,0.7861091930194516,0.6963173091444822,0.7437740268689763,27.913715868046886,3.2285598855569755,1.1061150774758086,1.188490166378633,0.7833372092254958,0.07333056615172445,16.467902369063978,0.17301757068546064,-4.871023603468558
3.4085658519432322,10.698185201063723,1.0161803690961473,0.6890840845079016,0.7514351144552347,26.930117158810553,2.707673665642774,1.1286722385946315,1.23649066899025,0.7479756911229519,0.4881627453935788,14.867696443259327,0.1952005919621725,-14.552285564314445
3.4271162390604877,10.757352118433007,0.8999173881105947,0.5732281314910361,0.762036434587881,20.65234468337418,2.879296759336618,1.1732206625557462,1.1766382902922818,0.7634395721203967,0.0013283652950985612,20.830279375141643,0.17646937839171264,-3.365617139067524
3.4011694531187273,10.84540778140118,0.9068683825328158,0.6537571099333203,0.7444391874199862,22.879562486860163,3.0549842936386375,1.320551115282362,1.2051553645843118,0.7004247162433708,0.03273193212959377,19.600811597992152,0.18443108755806473,-89.77607968426682
3.4011400849229014,10.20818005046654,0.670162075158576,0.5607267990334466,0.7038482912527423,25.853484282482,3.1192014124163636,1.2180699070803815,1.1149488868754305,0.7172270301244301,0.07715368833122987,21.09712264885828,0.15071630282342827,-99.4429863119532
3.400297057510696,10.356230308231437,0.6673077564692942,0.632725398318389,0.7049569774495648,19.335473368044326,2.7046247215597936,1.2247667754721532,1.245304041585426,0.7478970970764741,0.15597672213259234,23.332050053668024,0.1976917782630632,-30.171970755959975
3.437232999261811,10.116299824664187,0.722919118956471,0.6190387841188818,0.7267498577253597,24.811348743501092,2.9983037584083516,1.1190791302685277,1.373703206680651,0.7653531599813265,0.3083544867955295,16.722662323975786,0.1636330830399827,-91.6400310949423
3.436795802406704,10.546437561902044,0.9649240428804682,0.6471652728312101,0.7319123432571598,15.97870530669602,2.6592809123190295,1.1931431340091252,1.255756840168991,0.7133086421540995,0.45643066423777234,25.309000105296157,0.16844956441416234,-30.22344054830444
3.414775024372628,10.046060389794057,0.7740716453875118,0.6722453479042605,0.7226145391298641,25.055153832526738,2.975970721414381,1.3929094029377942,1.3955284355897615,0.790752544860196,0.43260505280636113,14.545928746063773,0.16094915092136705,-62.59999869412428
3.42116006357859,10.506273213446933,0.9596222439415156,0.6437840071259022,0.7510126048576454,24.95579369641372,3.252494315471971,1.2904800609266485,1.2550068264018452,0.7042325061433519,0.2538869277418858,20.820520346916208,0.17444266740047287,-71.23679088259999
3.4112903774200634,10.13248337733494,0.8622574797347979,0.6701284514590026,0.7074176754259798,17.366100891329467,2.857312334270796,1.2273526359889764,1.2581013406275443,0.7680258004917238,0.2736041229094707,22.359292368177528,0.1964854324626527,-0.09428824672677649
3.434785322218038,10.485201685016728,0.7266170690807644,0.6012464117012909,0.7096319462925282,21.842045712655686,3.0768726435181235,1.341786083218241,1.317944554489783,0.7815655063537975,0.19216672704620993,25.49746389655024,0.18438188508656095,-56.73218821144768
3.4095638713514007,10.106606616626935,0.6959074974969731,0.5667994658138711,0.7408932958011635,26.857652049055574,2.9950877296554506,1.1834021059199489,1.321793261212933,0.7483250167718773,0.3319624121567445,15.932140349933292,0.1922659823972353,-105.01082700322557
3.431987927707277,10.077588757199837,0.9238371687421557,0.650106850368507,0.704423165398771,15.414128700309698,2.6931922913965676,1.2062766693776719,1.2261204264534755,0.7922149994124766,0.2840267055969849,24.374508486844327,0.19758666559396945,-82.7825197608995
3.438416248365136,10.678495362788444,0.918028919631069,0.5892466787995376,0.7151327112010716,16.735243661738725,2.7637197819554324,1.1550980195145266,1.1635931017831396,0.7562780263460593,0.22320077680242917,20.794256369375923,0.17772651167000983,-112.78777459637682
3.4365545689558705,10.299693294434327,0.9063184999720224,0.6503975572610623,0.7130917576060606,19.63016589863729,3.08621175102312,1.1525620162137997,1.3129602603447779,0.7991873777633262,0.42809141078010204,20.442416761464514,0.20761388212273818,-5.224452626855708
3.4351293936064153,10.359137225232464,0.6779943941451655,0.5688495534867437,0.7309711045156828,18.626915095980472,3.052867589071356,1.3381556600499058,1.1209627845451497,0.7977291898767833,0.42909565803681754,14.420013026781437,0.18954981109801333,-102.69669264006585
3.4131044924101084,10.256718250548976,0.85471765887934,0.583863661826429,0.712680501728038,20.338702235887602,2.670078607323884,1.381641744547293,1.2161471444088603,0.7746325718808875,0.22088571140158678,15.188458437824044,0.1887354486762032,-61.44171231584587
3.4321137700480673,10.75930308647807,0.819841123355243,0.5795272659605054,0.7317725515650201,24.082176969374856,2.935400125257031,1.2925052597523992,1.1651860821703035,0.7892500100260414,0.14103968545731124,19.519782926613956,0.15195171479456332,-75.94569501437472
3.415299798564243,10.653307287763333,0.8168263021991745,0.5683466313775716,0.738400367106524,19.315339398454423,3.2182289159072823,1.1083690164670097,1.2782772195563081,0.7815217065659996,0.13035592034407667,16.573702329393168,0.19098502110478704,-81.92982331018418
3.4009064293292477,10.545206918643636,0.7872860237604152,0.6937342414866072,0.7462655568580788,27.0538675517708,2.766362952766692,1.165181655873733,1.254952525409124,0.7489991483343992,0.3969174537549777,25.75094492140949,0.1736743827576451,-52.68574602859037
3.4071546170371896,10.687815084809326,0.7894261362951344,0.5674443611204704,0.7101263136931216,27.76048110156121,3.2658639465805264,1.2608745093231837,1.2905258531710364,0.732036774264678,0.20694394952561873,16.529397275118143,0.20359292767877754,-32.55058690386997
3.402752547474238,10.211529997325865,0.6840446911397035,0.6866847797810558,0.7447302570024368,15.30558327976804,2.7505631885498043,1.2269956253257441,1.3520485109123885,0.708336542409097,0.3942147164533965,23.618402973839153,0.18801925195329672,-65.47728210955685
3.4091886524267756,10.185794147158177,0.7947174762458987,0.57359612472024,0.726649865749564,21.333090717038274,2.751407248260506,1.2933278433224968,1.1027743993149806,0.7895061922049385,0.47276622216299763,14.123525151629007,0.1721174265464775,-103.66955742657817
3.41078746539755,10.334272113647812,1.0073609157418462,0.6006688187735615,0.7346081885481176,25.620675599645637,2.697139828449245,1.331041719861278,1.1825774249752241,0.7627343112515663,0.314403685032645,24.30471724108544,0.20815284694424663,-4.250989879698153
3.4144103588800694,10.211022797137367,0.75794467294225,0.6945675809048388,0.7750816851679743,17.17061206000523,2.811203559783766,1.324145381855307,1.1209165412877584,0.7303398097835817,0.020811460112199805,23.998626769109833,0.19142238769106085,-30.508154740018014
3.43852463630129,10.571990404700239,0.8506834491952958,0.5623112026392011,0.7260543262927482,22.87409592087416,3.0602435790824476,1.388827482010792,1.2483313910611658,0.7702287248507578,0.498347674659266,17.711192862125827,0.18711591287181778,-84.24118455384458
3.404252999393581,10.336577339744986,0.6756077724223171,0.591575819057279,0.7789689419141719,15.603153880965468,3.1720997047698636,1.1931001034704738,1.392496401802579,0.7062413275861471,0.38261166170789596,17.385058679390948,0.18287377547826958,-104.28226030863829
3.433572164025213,10.03616858169756,0.8056099556566743,0.6963774902700621,0.7684365395698021,23.827683130736027,2.7798739107616806,1.2762655863171362,1.3949979320408636,0.7256408231259537,0.198509781613621,16.407989313108935,0.19942709280783777,-12.624909528238248
3.425326728281373,10.302867933033287,1.0214311697214213,0.6325415066967144,0.7204421520338345,20.961558134283955,2.7322173546320623,1.2734112603415297,1.2793869577740984,0.7068444271674904,0.42515866227510174,23.991051348951434,0.16665776860444942,-87.44292892766309
3.401891591708691,10.72743533483022,1.0247581311170904,0.699350420645408,0.7248557523777127,17.70361040531858,3.2245085019938884,1.3036325149172905,1.219582760853927,0.7124922703222054,0.3604536116224,17.436144498035134,0.18050912857455792,-90.94855021565061
3.4000725606007,10.056226155512155,0.6658550973747558,0.6843226762970246,0.7466567442257894,21.012797622852865,3.229185501463507,1.3697149936767405,1.313307603497322,0.7231122562500123,0.41604641279565757,20.697667079826623,0.1531255550892963,-39.1336607528107
3.410664899602502,10.273271519074983,0.8149725050228905,0.6007060264659824,0.7170595831533704,22.25391398975259,2.8285904293288726,1.3043988406351406,1.2825640517645422,0.7759732401849424,0.0804871755312903,17.620672655691664,0.1998829394952424,-55.8990002646822
3.426958958601556,10.89471448694508,0.6797092463697039,0.5643194314843463,0.7245640311791774,18.290646929693995,2.9015493656185423,1.238162865914609,1.1355677776838915,0.7083129667741493,0.4582335257096943,25.231035136766504,0.16689714784147908,-71.11517322957444
3.4395647132814275,10.698894648997817,0.6786326932118675,0.6198115133762101,0.713121451573737,15.584667949671426,2.7091857852325125,1.2777132211288784,1.2832852264033259,0.7962967824676312,0.218458261574972,18.987231929951356,0.2011195420454116,-98.76418293124496
3.4228718192123853,10.329515929518706,0.7903358074845573,0.5518537396937987,0.7669950716699617,26.125404863985302,2.6877255472982373,1.2333836997378158,1.3744275305821474,0.7286120090359632,0.1788090197542461,14.812541927484812,0.17521288922147038,-6.149378968974872
3.4255418623151317,10.06940868153209,0.9468033075695746,0.5579060229849248,0.7611749670412786,16.173143895933897,3.1992858579463697,1.262909914708939,1.363140686581822,0.7690268286398949,0.25645532897631695,22.741946319599997,0.16887309989817376,-106.69756192545732
3.4062256373955875,10.249358656386397,0.7802133336810647,0.6076551789917448,0.7284321754476369,22.7240882831236,2.6753518028230907,1.3302082439204692,1.251506259424781,0.7211964611274577,0.2433485664481002,19.007006721501668,0.16974590846350504,-106.30602302288695
3.435504058324523,10.83892233392211,0.8301870663708286,0.6034813259440106,0.7547330333473612,20.1457944522697,2.641715702380612,1.3395615920002755,1.3053018155412892,0.7153634832033207,0.29744887656828245,15.02147745592171,0.196061350715223,-75.31310847813138
3.4261968897424246,10.069019839015567,0.8555688798992622,0.6485413851772894,0.7039826219056923,22.047164758314196,2.833123032412436,1.2069741672789915,1.2311205789445536,0.7190368807763504,0.13542301077650631,23.41039210878781,0.17761251913083612,-74.03076334325576
3.433447689479391,10.294337400680305,0.9637320594424233,0.6664617397030168,0.7457423523087804,15.665464816234763,3.0031534879507156,1.112164628720994,1.372349576314346,0.7741810292506829,0.1365072491969407,19.760315545714263,0.17330878260704738,-3.2742650633866788
3.4314402957019396,10.776822365658381,0.8389374731805795,0.6630369609887091,0.7110455222813254,17.99918130492338,2.953663375189638,1.3946669169329073,1.249696559764195,0.7390019924435804,0.47991121505808415,25.13534137932057,0.1696425289311828,-51.88877465515161
3.431609876434898,10.139444037729906,0.7164754057757997,0.5506403224809028,0.7769760643305746,16.76486007775114,3.1362248625730653,1.1787627698705823,1.2115680050243636,0.7317224966447295,0.30995049510844025,15.55522240168259,0.21797619398161028,-26.93785942710886
3.4099769977710364,10.067745913305215,0.790949171155169,0.6298919934312086,0.7098309694785171,28.14729846690344,3.0739730303822057,1.1883193919178028,1.3736149215555786,0.7166105098233136,0.44307924275283456,14.709787990653377,0.1749144798583013,-27.91252887556304
3.4079105515329684,10.279624252299035,0.7093184494459991,0.5448976906746309,0.760588265083165,22.460944491760596,2.83062080446961,1.122845510122665,1.2590062790512517,0.7748209179547988,0.35724705288328557,19.805620043264753,0.21356491878787034,-92.73642369455692
3.402706862445472,10.218381590519478,0.7709051566356564,0.5766084045736891,0.7455608484905772,15.520132348170867,2.7024527299644068,1.2371837746028627,1.1493145788329662,0.7413446023879814,0.2906226091126854,16.542643504324204,0.17080492241668072,-5.932379910390594
3.4256866696811734,10.013539557559328,0.815349744647561,0.6728415828846313,0.7206619104639718,22.29759928413246,2.9851111421727556,1.1502679768779476,1.218737222462303,0.7051513413619361,0.18055557547405038,22.42034128203654,0.16809185614166658,-69.43465548893546
3.4219219261502856,10.13875114231883,0.6661476655279772,0.597539972753157,0.7793178003587004,27.947458736854536,2.741907635349188,1.1173184519618622,1.3223974577861957,0.7929578282751596,0.2746830512898217,16.92462236070163,0.2050450513302278,-98.41868625450621
3.430403636446128,10.722043483200508,0.8154623641284919,0.5405697646267321,0.7015840644214052,23.717634200315416,2.79249172665494,1.2981763792833676,1.2180131907567122,0.7648344335771914,0.34546029067984146,24.49479666934755,0.1507427414745831,-95.62189103739651
3.412947412229475,10.11554853961245,0.77447404735092,0.5405153297924022,0.7793396102285156,16.261177775084196,3.1631364130966264,1.3686518240247108,1.1053353490474611,0.764780825380504,0.3949404183048499,19.54176292562854,0.2160435939708329,-80.80799950684214
3.426299074888254,10.805507413062589,0.931034373795235,0.6120417831750159,0.74542115043134,24.952290028832188,3.210229765904686,1.1255965185494916,1.3050487621559481,0.7313113983771293,0.32656031773008154,19.248298258891523,0.19728840738461523,-107.40333318584196
3.4149483659459636,10.20881586034783,0.8384661715023716,0.6961161362212429,0.7795385345928064,19.493808818516538,3.130839557726055,1.2865294521488804,1.364975124227729,0.7133783434913554,0.43997490579092263,15.374190751425749,0.19831515647719433,-37.06528669530557
3.436760794869174,10.397910845245885,0.8966213350026975,0.6437219815877134,0.7016899808742737,24.312981945417164,2.747775568975314,1.307826368597325,1.1899243255750844,0.7370789727580643,0.0027469348557008994,17.0387394086106,0.17881854682818468,-100.25326028984885
3.424157994083417,10.746934072409845,0.7911555236187395,0.560112854513773,0.756626092935745,18.612291097431612,3.2307934935064972,1.3514170820512779,1.3304021724559434,0.7898120382852838,0.3152432938961727,16.40577501062066,0.2111047739414595,-40.78734111380702
3.412307546257553,10.028420763467599,0.7342564565175983,0.6208669932996361,0.714364192435281,18.254847676402935,2.7277343710093134,1.2438144402079818,1.228376548550845,0.7701796156982416,0.2226276478966213,14.931838040312376,0.15862951816818857,-109.17262923701824
3.421811711379691,10.082002918058404,0.9533033393939165,0.5490914649333302,0.7227943835599637,20.87019971532429,3.2792249377554223,1.1189239388415453,1.139760691632308,0.7169555267666295,0.19827673610298016,21.606867865691797,0.1507565916037323,-116.49939931714599
3.434153154745565,10.322065741558184,0.6970510028771761,0.5439003229294399,0.733548076950517,23.965935325170065,2.6576886749268382,1.3496602221868794,1.3927812241076059,0.7748799100301449,0.09404319711695935,17.404590644070304,0.1601714998144237,-66.32399940506076
3.4266058350687447,10.620977095103688,0.7022016439365345,0.6812409080443755,0.7493773447648996,27.559207122624237,2.9753902992656083,1.375952078077215,1.1737954999003335,0.7710980192304269,0.43192157366483697,23.007769070190555,0.16523685839618774,-41.061774536606606
3.405242433187795,10.470931008360811,0.7840427344897678,0.6785194971867673,0.7644669937037689,18.970099093099005,3.089296057158229,1.1849698676291267,1.1699491072728636,0.7002672774804639,0.02424006329894163,18.189397625762453,0.15586624336331031,-50.382134757796436
3.429709499911333,10.091232458138586,0.698350481597736,0.6599936334188636,0.7785390021190334,27.735145005657316,2.927815638574152,1.3978083523104794,1.25932814959091,0.7562159481600171,0.46722396908835107,16.17778808164826,0.167855952152844,-4.221306361254136
3.4163898925562024,10.219480570472399,0.9964997828792779,0.6785460618385535,0.7511098701731953,26.792761002739624,3.1769813376501235,1.1377822124476493,1.1411302994533543,0.7131799480265286,0.23857337292499495,20.844305663309722,0.17959702031338207,-106.79675628315141
3.419199012014102,10.52895072303033,0.8918126128707689,0.594706117707845,0.7721909965692735,25.334157963976992,3.1710465207654472,1.3468879029668146,1.14110778460327,0.7357297975037124,0.01802236698443522,15.780456905189588,0.1653238262105024,-120.9973053757972
3.421544745794434,10.003099213773147,0.8716520773357428,0.6730665204585446,0.7730912479802872,16.114025706241755,3.0724557861484536,1.356041481158781,1.2543320100764241,0.7901216209212139,0.0219323303649661,17.60611490300539,0.17102135818323488,-62.949910110270494
3.401921635439018,10.256250675031696,0.7768243189492949,0.5587101764469227,0.7687849349730429,23.818983267741622,2.698420175749229,1.1358054736097976,1.306152395009316,0.7212874014188495,0.2666184241258854,24.921392427550764,0.21149817183934455,-58.19288388933626
3.4118589939297963,10.425301902949322,0.8737482204805633,0.6892273389147874,0.7348449673203891,15.745740359723344,3.1243120746889907,1.3243229432843988,1.1094641856402097,0.7111640955862918,0.43128802348510564,17.825906179698322,0.2157357077354983,-92.82293982237532
3.4017039001087968,10.02492102103,0.8533080604117061,0.6835579587748134,0.752903478193198,16.77437963768204,2.8368283470553917,1.398865452410658,1.180488187207544,0.7975371189017308,0.010205488863544165,25.07191569320605,0.17842994131766668,-106.10669388802931
3.4018209073099643,10.66792876797313,0.9299575204299142,0.5404214006436795,0.7055585057771341,16.698641521234734,2.7233115086896635,1.341884122199496,1.1748627672554688,0.7236571562784353,0.0598197383254663,22.565307615873188,0.1528025005529978,-27.99201370382788
3.4328722888584555,10.202215620470366,0.6896416688994969,0.5879988182074212,0.7547892682741852,27.047785980845507,2.9051167851166046,1.2615055194871305,1.1122487011470876,0.7230021562691136,0.2500815034406418,23.01972060005652,0.18878186948782738,-122.1038158952172
3.4300989244279094,10.837030784829834,0.7888419104419837,0.6840157655688104,0.7580539602867508,18.73505839616789,3.247645834143508,1.2259575394170241,1.395228488529201,0.7283027257855289,0.4342523221451758,15.310573886645678,0.16563162921382674,-91.45955953647945
3.430938576514196,10.125103187767525,1.0165852945882445,0.5674802927182593,0.7681531346344268,19.811258790581952,3.252736841921144,1.3547904700331186,1.3072553629252928,0.7640016760849937,0.30595621372774395,17.796721735536316,0.2199611468313237,-92.60371185199864
3.4118338806443655,10.572346589181606,0.6708932289153507,0.6902359701337069,0.7627397894184804,21.771586346137966,3.08226745890044,1.3388082806488308,1.1730412529884005,0.7444472765074693,0.045775891860635576,19.733088583983452,0.17301356580157876,-60.51681063327996
3.406011933775749,10.773803930800991,0.9833807650182335,0.5970642264107278,0.7457636698476287,26.787911766659363,2.7738010081600786,1.2527523938883687,1.3655503195043432,0.765155898548066,0.059461386265599055,19.864198688353515,0.21309344826949395,-33.366419042524
3.422541652984866,10.21643317122619,0.8946837492217024,0.5417283189226715,0.7479393873853339,27.169695008863197,2.986054715260803,1.1338148528271907,1.2944523083065338,0.709737732664908,0.0886897637107199,22.63073700431133,0.1746727016869482,-23.296993533052245
3.4361386581007594,10.731065167818073,0.9722771673413968,0.6303752927906093,0.7598272290762872,22.4464941477139,3.2729612180201793,1.1564096120266487,1.1618663738234971,0.7702412490720074,0.4025071664188785,17.10871059803434,0.16705285340773793,-1.2908463224902391
3.4274505939940623,10.378862955301834,0.9103494203217914,0.6382146611726975,0.7444039179914004,25.396629764095024,2.686603179013348,1.1677876720555385,1.1091123522659618,0.7249946667034979,0.1976612173291654,15.688857892646547,0.17027145971709787,-79.10085714300226
3.4125617271419513,10.258444492239445,0.9505763762080734,0.548987916855123,0.7459178951632872,24.88018349732492,2.8942867584045664,1.3435689555272163,1.3270643229376384,0.773143839982737,0.08093021140481706,20.46208761809281,0.18431143313298798,-111.72294016862014
3.4301564511725995,10.094644248278007,0.9746825611688144,0.6081628386812885,0.7644985008488184,22.98737796165255,3.206630362792448,1.3102868873298603,1.3526595236178696,0.7332018370362461,0.15969786241595638,23.561406783652664,0.17529459676342984,-118.57940882569292
3.4347827833670794,10.868882403720628,0.8264897191110818,0.5464515523326773,0.7195320132311069,24.963944409000057,2.6963142452911204,1.2864378467581528,1.3169152047644461,0.754354147494223,0.4243987271014337,23.788994986979347,0.1804385551442872,-80.04390597978872
3.4329766407000317,10.396090012892877,1.0273498095267528,0.573447427709327,0.7254136306679958,26.40565662461357,3.1402431017484247,1.203186326022846,1.3461064940359295,0.7986715981157084,0.11264034593713447,20.649217234119753,0.15451954139944044,-39.6306612089477
3.4153596735926244,10.808669079590034,0.7215198469307798,0.6210909923570657,0.7789475720174827,25.677603999716965,2.8947679744055788,1.3223188629068705,1.2601970116664147,0.7769840261481942,0.49425660733011395,24.161336758529345,0.2188423694467112,-81.27184902303061
3.4031735449082348,10.374831139936234,0.6680773205085164,0.5924553608137078,0.7488608348731202,19.231218043723388,2.7524992788810922,1.162313720292114,1.2747877294754348,0.7308406598023807,0.07396294732178219,14.355436281227096,0.16122624179493952,-31.125232250384514
3.416535621026802,10.01723951874468,0.972045527839587,0.6211239086828835,0.7710680926948278,22.7189132566534,3.066307824433469,1.2342765370906612,1.3958102579579184,0.7655091097366161,0.2044853410655924,22.772981611969865,0.19560140686497693,-50.65472129942677
3.406240087362362,10.034083289420323,0.9409677880543525,0.5657937222462653,0.7419044616151337,25.21885151767004,3.249682620328163,1.2872820885995848,1.1393247628516794,0.7011743364782401,0.27961154079474043,22.37324357396365,0.21308213738456355,-73.78320716141693
3.4106457463777016,10.541965171341765,1.0063822651435028,0.6356315311648787,0.7068513816732848,18.512583345883566,3.206934409189539,1.3545180140904525,1.248976219515423,0.7338025066870316,0.29794882375207715,24.243298339335418,0.17865612220133875,-64.28688543105167
3.421913450643183,10.424031580189235,0.759069781323474,0.5954628104176003,0.7223049155476443,16.26307356405877,3.277309305332691,1.17071760733019,1.156484580811453,0.7951461785013958,0.45058520324615475,18.722213386425835,0.16743029227621353,-74.08941551543617
3.4189648518408493,10.368551852245842,0.7207641991011915,0.5460948330464124,0.7052759718274346,25.353924502229724,2.660112449086445,1.2723782007588458,1.1533668961410215,0.7617426246376803,0.3411393177833544,20.585830131294635,0.193402996289312,-72.8161421876114
3.410815534492969,10.829113364818241,0.8101002635766568,0.6197141188473696,0.7652689414871012,18.587844374990087,3.181632834312932,1.2584788413084649,1.2553123940994633,0.7747597932020984,0.012001195900055519,16.130277602423497,0.19640507950012664,-61.98856491873451
3.403073452200906,10.139073510200488,0.6698125234560997,0.5687770801937848,0.7138193023547702,24.826691560606093,2.96460613986207,1.2081651086835918,1.23775870445074,0.7051819423645823,0.2824129616434505,16.66267528189802,0.17791790645536204,-34.95838821730379
3.4204870213841105,10.183347194024515,0.9255963145781019,0.6222476518286251,0.707461854838592,20.35833385850372,2.970315128323092,1.1252423272356864,1.1874818678684227,0.7231230967903192,0.477809534059589,19.445090217359752,0.204844886350433,-80.22535751362207
3.42950352435245,10.524262787436768,0.9605067281798185,0.6960209915473101,0.704456260736511,28.260817527227488,3.182283946271608,1.3146037968219357,1.238990527075507,0.7357923140570799,0.22056867432933264,18.150067230272303,0.19953582311769916,-41.34395041695315
3.4299663710307584,10.146616973020574,0.8237797567330745,0.6110204977052874,0.7588995513705807,27.98493897145533,2.9731948326576827,1.139708564675259,1.2454481921920286,0.7123907501002746,0.39698594075331245,22.67385416369151,0.1968305417863197,-10.516673118627665
3.4041406633290046,10.369488809162888,0.7598723442175342,0.6395665194743074,0.7234010359719821,24.83806365028295,2.8732141207751276,1.2600146923920699,1.3133313307431536,0.7413168986108849,0.02983995947639903,20.46780574338252,0.1841522545263951,-107.5960260625032
3.4135331089381196,10.11360894793562,0.9472963501099405,0.5946691538642762,0.7579323216824602,26.476769679350447,3.273240693672609,1.2159972179604017,1.1227655177563276,0.7663859459792922,0.35766108358851245,15.418444803043492,0.15833496760819146,-108.19428547691989
3.422334362816214,10.314509582464586,0.6578137060801041,0.5812344938748772,0.7514211965100354,26.13274982067155,2.9399914660399196,1.1980179982889743,1.1844654025098198,0.7087891291572438,0.31857564754889034,21.271437607464446,0.1833960712924275,-32.39222260693562
3.4349795845571665,10.767631560970731,0.6805608174642019,0.648181252558154,0.7166771641820403,24.155249848430522,2.7586616401858572,1.1930722475221824,1.3202670416619433,0.7416458053050273,0.1895430932435755,18.545512843354764,0.15349536499411073,-68.27685841653496
3.400929315845509,10.543482269655229,0.8560663527737401,0.6075655202235256,0.7706144517055438,26.041054320629577,2.949753475075539,1.1245838941396302,1.379800967282919,0.7531872707604971,0.11230673604194684,21.08625387691111,0.17484034287600544,-83.30271447956613
3.4386894472617837,10.022359674404399,0.815401476251985,0.6711293628274931,0.747102896095019,24.78875272001222,2.892609253086752,1.3176965549523132,1.215339460802766,0.711856311503294,0.1358858291356215,21.433628107184582,0.1737744100997008,-58.04874995969077
3.4023418777243255,10.066591083275613,0.6525673105111094,0.6204966443838651,0.7236156986118448,20.525195919798076,3.2204672893506907,1.3815405991741043,1.1009666230592423,0.7111896461580068,0.3487012818431373,14.373347245552091,0.21626433546875473,-117.44104828497865
3.4097809488735,10.367373637180535,0.9136709208206987,0.5962136024116598,0.7233144207731277,23.62115061176933,2.8876472243839753,1.1556459061138609,1.3775541377681058,0.7396495467272133,0.41310966999737003,16.976616822551,0.1719831775894241,-13.202347248120176
3.4132155810991,10.673936964320644,0.7601988776025931,0.6251251807062734,0.7105236647752228,15.404109452842619,2.833475937662406,1.3590985032085388,1.1155838400674192,0.7238169468507096,0.16932809804484938,17.08351397569467,0.15902081278809194,-27.902626053329556
3.4185524893382104,10.817010788228659,0.766814245061092,0.6836274249299207,0.7333522373695281,24.444959739676406,3.1538850345582934,1.2591477813723457,1.1173143798953429,0.7496659612101012,0.174942250837758,17.270121323412994,0.19130824478298175,-55.11287457403908
3.424061214124072,10.896418476512338,0.7820558247871652,0.5572650126146043,0.7381983565146472,15.500603481777588,2.644887862964729,1.3740776708014477,1.1896078922950646,0.7666963660336339,0.49533994619307536,20.54428862616251,0.21387235206681487,-99.34171159024115
3.4005317389362064,10.417958752223475,0.7248002895708515,0.6430819290082582,0.7718361864777659,20.738672433085384,2.8281743973951903,1.3198700455553403,1.118848046867302,0.7904826160425991,0.4458346729775082,15.683729160292778,0.1541213132595001,-54.81170383920889
3.4153708993509557,10.221741776593788,1.024514422730592,0.5551440224856276,0.7475186471277752,16.29685580554458,2.795252641392321,1.3897372857688208,1.217634764271635,0.7050272738401269,0.3432683802641443,21.76435702612135,0.18906060559307244,-12.146300623611296
3.433053960831834,10.845992053068725,0.8287443416675021,0.6265963760408169,0.71271293760502,27.0679268693036,3.044907491513872,1.1664692720416,1.3654427034276109,0.7190219104226878,0.4314266685564027,14.739773468436253,0.16252110502279615,-12.54872848017358
3.4232591982359497,10.264889023495646,0.727298583902099,0.5968879762660871,0.76262226258612,20.41266194079482,2.7721311483468387,1.2761201137035543,1.2065924976460403,0.7756805579497545,0.061304945344890144,16.364815458778928,0.15794668201451037,-45.56394417775657
3.411785398688553,10.106113378567178,0.9782645540437228,0.6163649055706748,0.7106514044370799,18.69456881077801,2.975522878388521,1.2675399302242973,1.14329665656696,0.7873958629475325,0.40127331576574843,24.780964962119747,0.18193632058124581,-52.81203572156761
3.4162466766135644,10.098686055021771,1.0241690853363452,0.663956647553587,0.7591184697466373,22.02875723948945,2.787841079651092,1.1478389674132539,1.3794184893558794,0.7207957415036907,0.3841068551304404,16.963721790609746,0.16331696421654457,-97.73513735124145
3.422085920777042,10.345218158968322,1.0111512038538883,0.54455021045361,0.728690619685191,26.756898842534657,3.006183853013545,1.2411684968250514,1.2851672086089918,0.7978152468105185,0.07677892008103968,22.36978481418444,0.2059316493849822,-101.27719680727733
3.4243394605168205,10.525521086007068,0.6880987546761309,0.6633699411786276,0.7052194936193261,16.87596587368646,2.703204283070954,1.3968207284807537,1.1993252627810123,0.7840449808251516,0.3135130814639907,21.429808809781438,0.2154052726653446,-13.091498519876893
3.4157733011680036,10.46444465206086,0.9761123238035714,0.6836456130766062,0.7745796172103881,15.779321390102503,3.0180290640235197,1.3828274438605228,1.3582440439484764,0.7773862127795882,0.28105287446309646,23.43564996471398,0.15514500538946507,-66.5156581069346
3.4062587148931374,10.317268884109009,0.9879337380612487,0.5419086871249316,0.720292814885909,21.39664761224664,3.1716298429651326,1.3379803558747994,1.1237504531053593,0.7623102836105707,0.276710176213157,23.487833860460906,0.1887504791966507,-25.11731132646277
3.4337996945103226,10.647826682058929,0.7731102785639372,0.562949832247778,0.7282778021941199,27.128350961682187,3.062162496455111,1.1885505847639823,1.1756537528371134,0.7199185882205714,0.3507378484901371,15.664511970662263,0.18009408700321772,-102.18545102037982
3.405087188513075,10.535413346059013,0.9731070808212177,0.6354484265622027,0.7184621862326179,15.897625696915476,2.8004857152695433,1.3138244995806896,1.1778700662053059,0.7380246649697586,0.337514048054411,24.00099605960869,0.16232665348051942,-19.467926923149406
3.4274634895915446,10.83226652633757,0.9902160433108018,0.5866265291299811,0.7329373432305413,18.584031167834976,3.1466444581744857,1.2330347019679735,1.1573841402738645,0.7920739273882533,0.3510648120679021,24.5647554081239,0.17708983795587757,-54.154334313150315
3.4268280687314774,10.423451263399075,0.8945879596126797,0.6155708226254525,0.7525254616324252,27.369926286425105,2.802782203625138,1.3341000846063116,1.2713793513296596,0.754077665480771,0.10973089641657999,18.960325368876685,0.2140133549614105,-17.30197662935703
3.435243862957562,10.699256465475854,0.7737778709976639,0.5687293401113658,0.7757109687851347,25.454663931566973,2.980295131434758,1.1287620641994738,1.3926165345139927,0.7115971777347495,0.25862440272014087,21.502662475743783,0.1642137405980591,-37.64691890958777
3.4070353911169975,10.183665834013336,0.7765847904756052,0.6314869567322872,0.7621259523465335,24.576771126363617,3.003025114350048,1.178833225803447,1.2307039133800657,0.7757538440787973,0.22464464600160838,21.965460024560116,0.19246248057800922,-78.47997442074663
3.4073870773433144,10.601201167356038,0.8502857419723484,0.6927467198694556,0.7177619915299726,20.02601454449138,2.7047253563410525,1.3507640884359844,1.1160178517504933,0.7185001986581931,0.2061146480091711,18.111843937942265,0.17458781174848975,-19.72164608685719
3.4131191389952886,10.646511921121592,0.8809013455932475,0.5657427047808091,0.7471289804802667,20.139365092884717,2.730697148851615,1.2669443482474438,1.3974607956940883,0.7229492555114657,0.3136772976452879,18.174863299548406,0.19771305987409593,-76.36111113375293
3.4062814835827706,10.681443849622555,0.7099207577857889,0.6617910812889503,0.7528583333669796,15.310715911419264,2.9906020430633418,1.296538546351387,1.242895597381559,0.7104158108470631,0.06337448898278003,21.694356672280477,0.15752525369352716,-49.63734986580266
3.4188747185811295,10.486918043114018,0.8679948137311878,0.6572872721947822,0.745157511002585,18.04845464575313,3.1607477729223765,1.387323267733457,1.1455906641628804,0.7285360597221282,0.16771523324318585,19.86242947457816,0.1722366417595268,-2.559582837608943
3.4140217980867957,10.422303316139136,0.913688620067431,0.5885538907222828,0.7469938913683549,22.5737533358427,2.897305162979595,1.3237336114592415,1.356824819463189,0.7271268278260817,0.024905873403610643,17.46827834229305,0.19829757893175864,-49.54142189357728
3.4031900851458547,10.479132650937,0.9000248498099546,0.6377202558216901,0.7090712784620234,26.054745277478226,2.657459137155904,1.1997548615571596,1.3659341022849676,0.7345324502969092,0.22161206887803883,18.714518180437388,0.19279279854193346,-101.79976957284056
3.4317708506472178,10.421652139832364,0.685260307978346,0.6774203032989532,0.7539551921035815,27.093456491673308,3.272796487545679,1.39379788026675,1.345314194257706,0.7839108042846509,0.24673109983765878,21.299189973502255,0.20807254274582707,-16.1905320620387
3.421317536991639,10.192177278700935,0.7754316818344684,0.6882885643256749,0.7277177169582867,25.730036213695982,2.933519766683828,1.2154572462858793,1.2932472729296576,0.7512785831543447,0.042835722909267716,14.413925318528513,0.21833329786977398,-108.77758531400316
3.436985913543482,10.480146701400674,0.9035573187734772,0.6690476351240042,0.7544354635665047,27.8893384382,2.8215797677024144,1.276223353258656,1.3497339407606823,0.766551114314657,0.14849099446949401,15.73519643128318,0.18308420677216897,-66.96440945261378
3.4294558628799017,10.89405640371292,0.6577585979864123,0.6945561326890117,0.7594443650018226,20.148000709497232,2.6770020420637426,1.2610741110763684,1.1260991700401932,0.7991920833954915,0.045889952938066476,23.935113031802395,0.1868965219267863,-7.51834558283322
3.426778246795608,10.686053946683161,0.9220493087441206,0.6012817737597547,0.7553888461082747,19.71494450927854,2.8934694535152126,1.3131813543840747,1.2920281632709223,0.7272450337938586,0.2707951033209601,18.40734984187711,0.20507696978683035,-59.29427118895748
3.403305955416903,10.275875578569284,0.9751573316426558,0.5479236078442352,0.7249688224476503,20.94558744166659,2.7248736653296306,1.1443874434060928,1.1008897075125825,0.7229939138056931,0.3153772148347685,24.20864825512977,0.15786397009966777,-72.08685082184832
3.429968736993715,10.887509490360316,0.9868074991859409,0.6731002720410129,0.7774691942555281,18.620071520557808,2.9260213582695807,1.34370538064062,1.2778515772772554,0.7515909108347781,0.22189480755615534,24.6352436548629,0.15715854511999988,-54.41780805462432
3.411118108238666,10.062619779524747,0.7496123401255649,0.685705537692405,0.7452323780142366,21.93998365712496,3.030693354580842,1.3020811426532997,1.106732961243458,0.7696650474378897,0.3153006475780876,25.652187430362154,0.20162139585191236,-65.58236961081661
3.415005790638191,10.474247291254246,0.7945483809394831,0.6921216099660872,0.7231293963253804,23.985754624514506,3.1854115984039897,1.3117740868158425,1.27733600929391,0.7128517017145602,0.11010841817681634,22.479528183473445,0.1753541263129886,-44.30890120338579
3.411962628518592,10.233563162684987,0.8845106058619043,0.6429453182899393,0.7403057280864525,21.895657471487816,2.888618757091636,1.3940080056952255,1.3220409760172518,0.7325475972351542,0.42107884818711083,17.556979765764922,0.19056361150208043,-71.9772703323072
3.409014871852515,10.686455476415711,0.863552199310388,0.6184037121001675,0.7121527622750912,17.156693294182258,2.7813356710696793,1.1260473555043666,1.2803264812724482,0.7613404321726571,0.026948721018348398,17.789942398700692,0.21592515429589623,-97.70232875772265
3.426498352311397,10.229173267578236,0.7079175039546747,0.6420447886194551,0.7390800112398874,15.795738945158243,2.8332639276441447,1.2853129951589566,1.1698530007234273,0.7899314602974495,0.2814586726450154,20.15304972584376,0.1685663238274743,-116.70890896316858
3.4390654855780642,10.88302800391897,0.9960210113678389,0.54228045939011,0.7079659740145992,15.71478043213353,3.129171490532891,1.1163243518862378,1.2542446725548702,0.787969103198767,0.04223565239471131,22.0379494139692,0.20610550517688597,-23.416409824142704
3.407841401167429,10.678759403773777,0.9284320867048023,0.6011770385593187,0.7175792320043318,20.11526341699942,2.7714673449973133,1.2376115449792124,1.1132377335254797,0.7782199834978909,0.2922979759004587,24.321934189649383,0.158404162630619,-36.41762728759474
3.4354390907451324,10.559883277037413,0.7427207260515623,0.6351707005719636,0.7540303838907776,26.362703918272594,3.0298373391406956,1.3678248359632608,1.1900163810029225,0.7012327170222561,0.2826434428796769,20.01118614486849,0.17255604867564123,-27.018136057076944
3.4390029642209834,10.846901624713993,0.8536575256898142,0.5656901915769798,0.777026569775498,28.211078734861736,2.7126639438941824,1.372287121044298,1.2234184538267663,0.7656961608881565,0.10363934461040814,15.336958484881713,0.21812898537950004,-109.55493120251103
3.4004142922232146,10.345908748665574,0.7572454303743419,0.5895587228671292,0.7424988643557593,23.228921254663884,2.9223642724227936,1.3337003916690329,1.3220179826881597,0.752391126009887,0.19269270342757935,23.67814523595554,0.17995577982238972,-80.52620205150495
3.4158234593959684,10.72140516510433,0.9866945340341066,0.6790609175982056,0.7657597323369555,20.128234803122236,2.7494864680199833,1.2199541242344447,1.3780527085829704,0.706877603041174,0.009033929468459307,23.610200832856762,0.17395497469214213,-80.51500293350273
3.4244325426600066,10.427584229961104,0.9928608297039205,0.67907291787216,0.7007192595917348,26.366206810462085,3.238105667265602,1.3408704479922415,1.304864146950924,0.7145005190585402,0.40420532756337674,14.596036218161288,0.15365592671289688,-79.94069249282208
3.422955075038414,10.029438839155189,0.9175841805521738,0.6712613036091264,0.7254840788126746,27.3338998430212,2.8904064357295174,1.131243227027467,1.1159220030007946,0.7660636492466272,0.323081335295213,20.92010836303924,0.20798707492404023,-7.2475897620527405
3.4304761780042887,10.335280074152935,0.7274106300781239,0.5772286449342419,0.7631483679734374,17.65303376031018,3.278830735378227,1.2978502468543756,1.1588087843440245,0.7035740701200621,0.423970267954153,15.194871406949574,0.21632769526566492,-58.940973500695634
3.4189307687609065,10.603206721253992,0.7128987699216178,0.6142908217398455,0.7410716200616019,20.492182109670672,2.902699190837741,1.2185999541685708,1.3763439041819312,0.7802746861939744,0.1977769429710485,24.882607282180246,0.21684514440812563,-29.611145139614493
3.4056369198042535,10.518645633408704,0.9318837114598568,0.6999746406129201,0.7271372290466998,23.63312069968377,2.7379753755313905,1.2995654244223758,1.1930854121137044,0.7078833681965585,0.04227897320376008,23.82240524408426,0.16317349225181163,-21.81668617407044
3.4025801309956303,10.297345168566302,0.8170100833776247,0.6991146386117635,0.7660253875094881,25.061741468157834,2.65381491767497,1.3592052987662024,1.22806668778357,0.7533216225974116,0.48312460998696166,24.4962804500071,0.17653936416105834,-31.609005373736082
3.4128177551115706,10.27168892726725,0.9774666768946572,0.6806128209929329,0.7113296947325809,21.47647714272533,2.9305920398678507,1.1262548750866497,1.3015429887593084,0.7337345892618224,0.15691053150987885,19.584571870147364,0.18952920040660226,-15.18520454958265
3.410493798772425,10.452518527641056,0.7548139063814665,0.6383347711360012,0.7361624926587546,24.619148834252705,2.824027858412604,1.2064709645615859,1.2605225252988845,0.7889431010361174,0.019295945636062548,19.859556352352516,0.16273926462634422,-44.50913658873286
3.422116306926438,10.073925271370383,0.7018505382308285,0.5469102655790181,0.7381800288353999,19.2066390847738,2.733170941869132,1.2224074155238638,1.2198852745201632,0.7456612996014558,0.31655192182596376,22.051654782673733,0.1914043792027914,-97.69886853278024
3.4255281364868866,10.689951855393742,0.990300856775358,0.6421479866124878,0.7491065352659922,16.269862739065243,2.715096529867922,1.3257294171632834,1.3490854701011812,0.7582910202262664,0.270886549052525,17.80013738691065,0.15916266217206032,-5.839032021570418
3.424679730852971,10.024275575540491,0.7857702183613426,0.5814054437754149,0.7246153556713009,20.630828702434748,2.97417818324936,1.2848482164811672,1.277263243889602,0.7676320189215358,0.47031170507360937,17.997444292363486,0.20675476650037505,-72.24613562020167
3.401129774487946,10.878829077069385,1.0137070126440375,0.688892749834112,0.772960972207057,21.700823165673853,2.865543985524037,1.3650211048184464,1.2062733963560484,0.7687639929861227,0.47679119346788634,19.935405914071858,0.19321806188455914,-85.84879065940541
3.418845775986784,10.584475090297818,0.7924801703873772,0.6445541856312242,0.7557917246606103,21.73459090726996,3.1501182808986643,1.2872295524447606,1.3925633153619712,0.7303517185984842,0.03869846208660065,16.05910075389442,0.18121254966441405,-1.1961795324103974
3.4225648861455342,10.577652247497888,0.7429529921060087,0.6646213670068484,0.7402464211509742,18.835916909349873,2.6852325551785277,1.2383614238258303,1.2201737969184911,0.7339588465438203,0.2941168398948301,25.50744266493223,0.18268781491780908,-86.53756882078392
3.4280750823859925,10.277670592966992,0.9309504328748419,0.643348619088608,0.7497684793400456,16.563352505256173,3.193636344907793,1.1810062985154823,1.2124025544700356,0.7021966334111087,0.2544900844531146,24.221704333180604,0.2113196216569144,-11.482204885999153
3.4277017158687,10.272860636452052,0.9466623642943648,0.6645367547437346,0.7102620918760287,25.200354964102466,3.07302229916336,1.3936589706108533,1.2345965099010392,0.7831697950231357,0.34370860247334045,22.140823982591513,0.19861862264543778,-116.24391215068056
3.4146853956623744,10.523653259268306,0.7058990611469523,0.6160026203925079,0.7247273601251817,24.1973776918593,2.839922526405611,1.3660621825476098,1.1917918075538925,0.7172369586848487,0.2040351179875494,20.14844769778023,0.18390132971151593,-106.58731678748586
3.40645941063078,10.69456421001574,0.9690011399322609,0.5428366944449283,0.7192915536391176,27.058606169953922,3.1981775125046803,1.1590024688841203,1.2448806060179782,0.7400422208406813,0.3637285522587795,22.873529167270902,0.19229752439667233,-26.81950278788787
3.4197447797066785,10.18018407731245,1.00962425621553,0.6148063669684392,0.7340006272052699,25.60197069239388,3.128760270758014,1.2203601905909396,1.3509044266467192,0.7001005888601156,0.271605663028734,18.61658335625634,0.1951852883564705,-3.756563500689097
3.4307452757480164,10.656463159609666,0.9476317918825531,0.6373343245842992,0.728127204529006,18.547948446503842,2.7541856229802772,1.1058961948999786,1.1993475730839114,0.7256331391624571,0.36835294634891463,25.815979905903433,0.155349742031361,-23.907095165874438
3.400876966830567,10.250194859129197,0.698974307328588,0.6138932112151454,0.7560268340692382,25.76829892029897,3.1693663188585277,1.201599341878504,1.2456507561533539,0.7267094833493556,0.23209063813082811,14.336255806918002,0.1766339799341031,-63.371400240042824
3.4113866599875435,10.797313035498838,0.7902844393552667,0.6670345888857113,0.715882545474345,27.281693119057024,2.9382989978101195,1.2336073096279982,1.2373096276481788,0.7760858494680853,0.2983753532261344,23.41110247846334,0.20214128959813782,-77.76161732011283
3.4278946589107564,10.174301781562491,0.7980255435439401,0.5773402871266108,0.7589143525995478,20.329662561708073,2.903693271346,1.1957708374522715,1.1689472233030385,0.7564876546081687,0.11866861460452939,17.39885213210389,0.2010219030370815,-63.59272381114396
3.4113296296516897,10.437062456457248,0.7804551579279599,0.5590309394468268,0.765165649789737,28.0801696144706,2.9613259804306713,1.1377585766273963,1.2149649394503836,0.7769728896939341,0.4458540689040918,19.350799000458203,0.17404972623895487,-75.39907277446429
3.438145605882655,10.677119703323706,0.9725392563857811,0.5480719944534204,0.7356273162877023,22.882348171772612,2.99786633424067,1.108706550494817,1.2823443608425813,0.7063163800729779,0.321442731709732,23.488769241099273,0.19688113983208075,-7.5662944515519825
3.4270000330045174,10.665729281520917,1.0159801487249567,0.5831769712416577,0.7385987386596461,16.048987352197663,3.078479523348941,1.1756010924478069,1.279920397454596,0.716960568681033,0.3825779414582698,17.088844881225192,0.1591227180956783,-59.26794958069597
3.4395956853370704,10.45154139298492,0.6846150628697297,0.5844589077779292,0.7671648702213628,25.302696331217383,2.9806101177091278,1.2263700356062948,1.1975358746315479,0.7576760816231534,0.3591372979206163,20.647331232230812,0.16681356521981797,-100.37501686030811
3.400250327886741,10.75885645127863,0.9492460862442411,0.6174813005873541,0.7015234079548468,24.782430649748708,2.718235984740076,1.2863732552367966,1.3947801600328138,0.7845975625760343,0.46851944143619195,21.884866871494694,0.17311126804430577,-117.11208855697444
3.420058676157935,10.355012989054831,0.7774474264937511,0.5847053000242612,0.7286080075113994,21.484607093029105,3.2126115071723635,1.3126650527659962,1.3594394646028127,0.7378827917377799,0.12218179874473571,23.722366922547522,0.19019057244127274,-15.621972555876681
3.408464401086052,10.624125924643232,0.9519949696798832,0.6992131398319812,0.7483179816876249,23.05310145854481,2.9189925595410617,1.3809139408315982,1.1055738511706534,0.7957823011821876,0.21048631587793337,25.15121097486889,0.20739858900133254,-72.54512575221499
3.4058082443258657,10.427606722664018,0.7340129316763698,0.6262069127511902,0.7759770697112266,15.443294149020398,3.1215858049033587,1.3412697518257344,1.2510209663964353,0.7805900208485163,0.4092818418709398,23.324475466702996,0.20085230312735242,-17.53163368464314
3.425901326863219,10.051198987287552,0.8012033216445494,0.6420593904004592,0.7474002405871472,22.171134718645458,3.1478082362739257,1.1406596156119835,1.3192636998300769,0.7513072559100015,0.3995175282543484,19.841769535574212,0.1545830768547947,-79.76707992596603
3.4083403708243174,10.064227717172427,0.658066720686254,0.5540190556368073,0.7298437068797172,22.773335006894524,2.9411887331830604,1.3676549268426499,1.3234185966773506,0.7768360246528997,0.22634658219333004,19.649659594286284,0.21464000852447762,-3.64122564176688
3.415839475855596,10.264645724063655,0.9371122830833174,0.6119597464774605,0.7307989974361069,17.091577722345843,2.7392092771067307,1.3772101056042882,1.1216760006585902,0.7928208229578855,0.021897398253428464,15.01982554255379,0.18135232384349256,-16.282571169143054
3.418832826347481,10.645681033491316,0.6726615291253236,0.6925854622439143,0.7125336275148358,17.286208761754295,3.2672417663364013,1.204329904142787,1.166226609701132,0.7171605104921238,0.3802308561634233,20.255347353177697,0.2087074110788624,-2.383831440943524
3.428856723471541,10.695051410337852,0.7215915461065927,0.5905695123059796,0.7049172225593111,15.438069646202846,2.719006286922712,1.1295691465872688,1.3716117012402578,0.7044282637737059,0.0542517342418065,22.979300723702323,0.16176996905965038,-92.54410522521256
3.4179058652309915,10.170962292878942,0.8385684866385971,0.5727169048019396,0.7049984277975422,25.289659801896427,3.022226561639801,1.2670128978691446,1.3065813283348173,0.7282988271954437,0.3489510953414112,19.206870470801576,0.2153766553735636,-37.163632533811935
3.4047413223040435,10.063833924781118,0.7829414129295516,0.5943126803379453,0.7468021848069996,16.872210642475515,3.2707083563881008,1.1942992849623248,1.142049560306134,0.7044118539105593,0.11273676093809383,23.149536948892703,0.19668813616575453,-34.90985923384733
3.4381083823886,10.492150048182534,0.7042834937244958,0.5570017162561535,0.7788788494900718,22.96478134609908,3.1192941053793173,1.355972415174263,1.3142141790230684,0.7573983715636721,0.001834559062340249,21.360835438556016,0.21209142672242678,-1.1274699431766493
3.4024721357039684,10.668802870211204,0.7253106620122496,0.6248301394370205,0.7001535895842231,23.87405792191778,2.767299961239215,1.1742364227028808,1.1102259589261685,0.7145481589937093,0.17924351350993958,21.81050825708092,0.2180219794882669,-28.21937244064958
3.4285072197429542,10.018088542581648,1.0205946877587124,0.6704875619798949,0.7411289139455206,26.028236317354363,2.7196709749742727,1.1005310467086116,1.1394773003550964,0.7053510559884938,0.14833822629413598,14.958550602536473,0.19529330263534564,-49.01814962816128
3.4309807938547654,10.658821004559753,0.7616619855226731,0.6405770305046133,0.7708402459264495,25.9360951257933,3.0635982049044284,1.1099610676078595,1.122124624045574,0.7014623459411928,0.48058681871647463,16.920120018432357,0.21936901633437741,-112.43881979447319
3.407891782420809,10.176362323818735,0.9937420746720904,0.6509296079702755,0.710234523917755,25.389549104403066,2.979865635959416,1.1368715995177967,1.120071761155963,0.7265966530019736,0.27722294533024167,16.61907870794116,0.1787966703157227,-18.860384146889828
3.43737333215605,10.887416406244359,0.9126894416740328,0.5770587268641284,0.7790082136735339,19.945505640630138,3.1564204126006437,1.1054583539306881,1.3015280918701733,0.7711411645208648,0.07723928985609783,17.880105277710932,0.15551895305115485,-52.62696657010477
3.4009518761960007,10.050762888991219,0.6776493463154111,0.6823142717699713,0.744340398157026,25.661440849555873,3.0305079848538568,1.2655377144484667,1.21027738378993,0.7051102704636089,0.19749815239969565,24.169487221331096,0.2183903186149624,-50.335971331967954
3.4022491351085873,10.278788453507008,0.9828044359557108,0.6581780365663371,0.7304014131530608,16.233374422811956,2.8073815437637593,1.2683203112288044,1.2347406592478198,0.7968083339918541,0.4415630261452734,21.677792321679192,0.1522534422630429,-117.41217710852612
3.4017971805612803,10.423379725935195,0.9572160386148747,0.6695965899727959,0.7260406685263885,21.49812437336852,2.803101458186708,1.1554705169843351,1.1390987121670306,0.7858683044873156,0.07611850906146303,22.967201753982934,0.21258796895070808,-121.40548585462429
3.416289388954791,10.512154903858027,0.9700970675963458,0.5683603712835642,0.7017867853275677,24.76574136149335,3.261863974468699,1.25556417742726,1.3102327506132825,0.7334574574298572,0.4876855604604804,22.08066278261985,0.1684566994510292,-116.86487806661127
3.422393875220248,10.668994160863218,0.7715706927810023,0.6721671778037145,0.7092704337856632,21.858855920071576,2.918034065788156,1.286228640500162,1.266135742812742,0.7527871369992052,0.23839484833088626,20.665466334924254,0.20833455577498475,-95.63838579012523
3.4005323936834846,10.818579849517882,0.8747649883929374,0.5423474713548228,0.7551226320518064,27.85695964860838,2.8311920336325223,1.3298357658109845,1.398934174949336,0.7383699548825826,0.1330462003965953,21.937256913034044,0.18535128551313718,-87.6254673765886
3.4172644672436823,10.092149935322423,0.7787091543308828,0.6162879815042425,0.7524944302299634,26.014830583013858,3.176958939792051,1.1022049346229232,1.3788860921673938,0.7016824859861471,0.3196267525692345,15.257488247041184,0.16245225121306825,-37.29051892230913
3.420152896485325,10.418665575027747,0.8591866485144921,0.6706631033250255,0.7428115763141824,19.298016950423303,3.0175400490369055,1.3964940339373801,1.2688269616284056,0.7554733752244954,0.21420871734697133,22.665638284682103,0.18083386801789525,-43.54992340476625
3.4172839749996258,10.731527173223341,0.738101188462307,0.646802818003238,0.7089955948629143,19.454901750756946,3.2745084505734328,1.3694684183362185,1.2615597058019503,0.7203247242319559,0.07580816300914825,21.347831611842835,0.20583941449456664,-68.13403210083808
3.412359574153943,10.460130933933032,0.8893284646822981,0.5488157474850497,0.75129187841602,22.22985952451571,2.8344784346419165,1.119698695443343,1.371284975763853,0.7813742976944343,0.32590862122740144,22.77775681033166,0.19746935570917395,-26.098878365753635
3.4174594767621005,10.725193183024926,0.87937899569642,0.5681238969565449,0.7760265278414145,20.403976903905292,2.9753206638417335,1.1537684486351631,1.383133079943236,0.7111067817272947,0.051049968006945425,21.083396308161916,0.20588036830353262,-49.65993106944184
3.4238774367116322,10.383769077262281,0.7641658450029282,0.6296966627358962,0.7202662075419697,19.633782544697894,2.9402540407739237,1.2155790540793716,1.3701003214015208,0.7821475476628108,0.05625644583437331,15.879410164737052,0.16199156355220634,-21.768023012268955
3.431570992206578,10.468914183759239,0.6979100537497788,0.5642612753089826,0.7132172319260559,22.854483189805983,3.0773129906205074,1.3770534057983208,1.3422512490319003,0.7862274931849357,0.2858511418066417,25.362163321360928,0.1845298620460714,-9.191303202391978
3.410749468799381,10.714291131025291,0.9521261363693565,0.6261121257316894,0.7649678503546383,19.154532085920636,3.1359412611937394,1.3225901160262985,1.1001186778627379,0.7603763018477364,0.24704201679020513,21.99736980347649,0.20693150939986635,-44.250435076623845
3.415926028346375,10.213193721982567,0.7992198781849547,0.6433053159913326,0.7685137064336578,17.146416240242,3.1786573372966656,1.313493761505112,1.3163299547256353,0.7190483893935199,0.4917929628490474,18.891465359043877,0.19464418636625946,-44.464575483852855
3.4356056213355863,10.828458416185406,0.9671298386535916,0.6551263373495265,0.7504256779748637,24.62536540740237,2.996793184093365,1.1372071792741396,1.352911497229886,0.7213278122848347,0.1513257999268509,14.934112834527582,0.2159632453344306,-42.12427360042845
3.4371868576068825,10.100192188442845,0.9258921194604277,0.6993830506269462,0.7552332887302312,26.68647371524459,3.140135952762596,1.2749427323227749,1.3645172416200744,0.7687427805535686,0.09024573160537477,18.42151080234447,0.19990545563078288,-97.34992017694805
3.4043013806737235,10.13236329373058,0.899339437358023,0.5892787580945084,0.7431681991706189,27.742778013713668,2.8575902548355803,1.1148752566594158,1.388180937172641,0.75811082785513,0.1324732571442094,24.802077304801813,0.20612397508354727,-104.48147542216216
3.411932474601759,10.409200627747042,0.7515128400488775,0.5697595005874534,0.7140757999945466,21.907407224208082,2.659687883281365,1.14163388681796,1.3232830369667443,0.7575322312007051,0.41885969917108895,19.607739073754146,0.16697508995912677,-87.27941953900435
3.403052002361861,10.070384900266758,0.8266459246691589,0.6772279186381349,0.7608611189368892,21.750216262828378,3.065719792754976,1.2352836256325972,1.14831464934573,0.7570574194667172,0.32532543259868546,25.00765971683857,0.19143241201053623,-56.12391796138833
3.400375098347674,10.117079907412965,0.7508823380087164,0.6800312482131691,0.7281922753146607,22.31816667348845,2.877712886663382,1.3222043715849776,1.1383666873093239,0.7908199811776496,0.2770251479417665,23.057175778787514,0.1858219281507691,-104.89981601824573
3.4167889838029972,10.249811603344483,0.9021631492720241,0.6092702879408874,0.710914818998045,23.194304902458505,3.131817007561077,1.3866368399743585,1.2898333154098471,0.7027924385761646,0.21220293557705852,16.727278561171204,0.1505708177389675,-85.5558602008604
3.4002652132063305,10.451960498547132,0.6523181830371622,0.6083840125098262,0.7151599574670647,16.26007015259443,3.039403164412823,1.356949730375844,1.1225888290149664,0.7824580213391382,0.21992066738213498,14.372834930965737,0.2079212313727382,-96.63360364490106
3.426066460239201,10.44181678090386,0.680708695249414,0.5624662551962374,0.7039605593812427,17.717148170571637,2.8548037215542013,1.2975906375399393,1.3289801655658784,0.7239383407918922,0.037083368868243496,14.274987882313107,0.15561611528198116,-34.56880442014173
3.4147539780817153,10.38294361556988,0.7533724692276355,0.6502945762972804,0.7670351410564353,16.769123088389158,2.806237250389093,1.2749867557860448,1.2582736962058254,0.7007540585456163,0.28787515861569235,15.335066481112896,0.2057563273214301,-56.01726803174711
3.4160242622967867,10.043304150700559,0.7425751822888742,0.6889094552452004,0.7303398414275042,25.852563773624635,2.688650745084563,1.1014918265882998,1.1932851622453127,0.7789899783209294,0.4823640316197338,20.501713894467095,0.18799681769866927,-24.15083176884511
3.433108426557895,10.650190268165295,1.028717447237391,0.6006933912842698,0.7536721320995807,22.567175316847358,2.7114548155901006,1.2014666476983604,1.2595491714141025,0.7225463339724375,0.019727080091558092,15.366969301899285,0.1835768461429749,-21.377742275563122
3.431914036749611,10.126924711917228,0.7068717928952215,0.5601306338974988,0.7058050863753514,17.80910472405786,2.8030537418964254,1.3182193791306913,1.1998958748372288,0.7844085369914233,0.2093962516798479,25.860859921055177,0.18090973488422607,-116.07251484693863
3.428680911970169,10.817469430096486,0.9227518776301529,0.6499885437790774,0.7680944330946001,16.97744348522522,3.004492191164867,1.3800704012062839,1.1496999226802518,0.7810407399708788,0.3052736706638761,25.947829743279446,0.15943453280118233,-62.302081925121485
3.4129118988415668,10.267247356593984,0.6988869579551532,0.6194534251676096,0.747774724239984,25.384385526098278,2.9819086077479278,1.2847048790164597,1.172137902569715,0.7701258481803301,0.24102346982024747,17.483488211084996,0.1935245992016329,-6.871441188721775
3.40922427503786,10.569298723480326,0.8673175775377377,0.5808206595141459,0.7620438933728857,21.61970638044685,2.748270358267131,1.3045869931621168,1.1550728710391465,0.7282560659699907,0.33350727303904987,21.923023247629317,0.15649607108361918,-67.0766963600267
3.407467548896569,10.876189223582472,1.0135381840286048,0.5688352206460523,0.7581893998954498,25.42965704443598,2.8138047021228902,1.301931118854926,1.123923028086354,0.7502243477941185,0.3847180870271798,15.89227607502677,0.1513600977458676,-27.13893019326578
3.4250837528730345,10.075481525409895,0.7957367849203352,0.5912151926305481,0.7678039602828631,26.944193052531485,2.653281411546431,1.1806861195919072,1.1813620029061078,0.7542576329534734,0.027084653176510636,18.762123658418883,0.19603848210361777,-80.85949823367888
3.4252184313373344,10.300365772013203,0.911591214110278,0.5995358951110205,0.7368689178826993,18.32497837152866,2.762889004174285,1.3036727547987523,1.301966544113887,0.7227590230740834,0.1786785594288279,25.20100191399437,0.20869496184590774,-64.25229613935625
3.402382817411437,10.80781041629212,0.7417665708399095,0.6527020038436026,0.7099353481157457,19.318584274507106,2.950172314244799,1.3108630426995802,1.245163555536219,0.7492276513250324,0.3398646780088924,22.02756813721666,0.1732911002745421,-84.85416228303907
3.4195516352998663,10.287816476510004,0.6507302262407738,0.6761339691312775,0.739444903730762,23.375493719647423,2.6579428965758245,1.2960173633638072,1.2546342578176595,0.7308869425738954,0.18170368272277912,23.258554547341724,0.21792855013388995,-92.0812237871319
3.4235546399201136,10.848941699955335,1.0214545835133657,0.6117016339819049,0.7522816864336854,20.239227112479746,2.7588079206613374,1.3053187992611683,1.1542454417569146,0.7777619292749107,0.06008055618784524,17.690795022644764,0.21964175567364383,-104.60029936380157
3.429954731051264,10.385940627613225,0.6753378239899805,0.5921558936144875,0.7419265942594898,23.255554799602084,3.2450186279047837,1.2426144179763245,1.3726256624048905,0.720473998541472,0.2961757837391483,21.25780047133727,0.21151569679844284,-99.83282366143268
3.4012706649032722,10.806342418309704,0.9060416382917447,0.6679407644981052,0.7241373630702956,27.881652025651192,2.954038073207118,1.2019435737333317,1.1103749073100886,0.7666613368449416,0.2488730339551018,16.7332629567841,0.15834038797564487,-97.10476741491603
3.414063179033728,10.552116027670998,0.8719688806295095,0.5417478197714184,0.7489098990471016,22.64051698059026,2.7181158987702987,1.103798317914061,1.3621799597803559,0.7201713564836447,0.022507471166432265,22.740118533775362,0.1880746308271541,-34.61416099639315
3.4277183021529196,10.269597546615032,0.9432070381432938,0.6968906617850413,0.7234828302918335,18.447685072959537,2.9499675267549756,1.2998213966363903,1.262392337945309,0.799514211465844,0.3154835742198001,21.813315687114176,0.18105300164057078,-103.58910358813989
3.4265186138239168,10.413399886247312,0.7372359190706659,0.6721394799513533,0.7773644803333126,20.685616616504085,2.8307872595687136,1.1200494592197268,1.1047259572944075,0.7734949657272466,0.39500016536723376,19.290857051492004,0.19639702515467533,-61.96545196548652
3.4346194860565804,10.05259508149643,0.945782190838909,0.567646168297683,0.7401559388029888,22.861930515134897,3.2672965167259997,1.1579124483012067,1.122008731012654,0.7529480796828669,0.28058431274064405,23.19327851562705,0.21708557580778334,-89.18418149487178
3.4187871160460888,10.737568460599613,0.9677562137146094,0.5617965786195717,0.7131710544152058,22.031341051950065,2.691930136534914,1.2819700397871763,1.3660355819860404,0.7098818177582771,0.14673642121873293,19.739358866931386,0.19275012014402343,-4.025871374031951
3.432288150380134,10.194680831456177,0.9135316023212939,0.6835916506316234,0.7081142351225507,26.067948234292395,3.1497452890253097,1.2364420634631421,1.2497139677220293,0.7352085416287155,0.22093981078457758,24.97015073332586,0.20701658420037616,-18.781092616214522
3.404312206440475,10.51521251942802,0.7477248497646766,0.6458793888166529,0.7346617042178203,16.831834935433225,2.7854636195759426,1.15341924956906,1.2078834135349759,0.79297940982534,0.403796161871645,25.4613828294576,0.21028647268658568,-5.896117400185645
3.4086978483435626,10.396038791248966,0.8154141312661418,0.676905552951201,0.7187628168681376,23.883315918804378,2.7407338212911103,1.216690797930805,1.1132119352824799,0.790803497607447,0.07961736831043015,25.236475523692228,0.16644452079848374,-55.46947572462743
3.4182122221663356,10.06589441399633,0.6685381150524372,0.6554025761136264,0.7458258527104096,20.23987008806784,2.878424625700972,1.2652010190684657,1.1376918041690376,0.7095458056953634,0.03566562770789561,23.653870324598493,0.1762689199232401,-91.40037077228959
3.4159605715103187,10.321862305129597,0.8908368256684784,0.5858049459709951,0.711454332497716,27.03615534911942,2.9551463116387255,1.210959534904348,1.1633125016961308,0.7138095570490466,0.43347485582761464,22.46286025716349,0.21674014735479072,-5.582460816440772
3.4143610913218057,10.813559769551683,0.651788019466732,0.6862663817752936,0.771161489710164,15.715093305470512,3.1204968540703155,1.2137652124581675,1.288171069838077,0.7432832740439297,0.1871026719820135,19.13157252833407,0.1508069151934761,-120.78396819819635
3.413887350926588,10.74010092140963,0.7177547130357219,0.5436535909002489,0.7540163949839894,19.8910456205246,2.665437642634578,1.162763770830002,1.2636675530611974,0.7270136438017898,0.48543420829886935,19.165989089361716,0.15891736003413443,-94.71881058405998
3.4118230220323524,10.329900401101932,0.8780987749054878,0.6933956025278815,0.7074550893151678,19.662111124069718,2.9767301715826613,1.195335161513018,1.2244985095916692,0.7952349340763762,0.3800718413564112,24.375562900052486,0.19759812958165046,-51.92127817744158
3.426983489047081,10.09014918030575,0.8198765748658761,0.6846030920849785,0.768065862947909,17.8680011578263,3.1763289273698767,1.224375032154176,1.2471622166284422,0.768590583341327,0.2007461105382157,20.74865316022364,0.19255114224738382,-47.70616760461607
3.4202502509377886,10.43457738754127,0.8292080826001454,0.6855904756224052,0.76664809748401,25.680873569762767,2.6656194153806214,1.2132373212791923,1.3014858716846789,0.731682985429747,0.4855909613290062,17.39976298724303,0.2144532399009459,-80.37851339719248
3.4198033573296405,10.238108268886247,0.6718172678789701,0.5866508637544167,0.7470059868210304,25.591675938757877,2.9244631514938257,1.3056624563556072,1.3765349165682537,0.7451369468986802,0.06637523952286879,23.05846885865654,0.20053896215011688,-114.35991267621658
3.4072632504396965,10.091806754740528,0.672895384204044,0.6234275004814062,0.7745944440122334,18.88835064896472,3.214032560108752,1.3344182775326183,1.3997644021578974,0.794637567082183,0.37958298004338037,22.199602575861174,0.20536903971147874,-13.881317365703268
3.4309929478938153,10.891520720376292,0.7557271393914712,0.5696599304347104,0.7020054944408067,19.086518950517565,3.0767085807583854,1.2211667240375035,1.2171871858503223,0.7117555749006211,0.0003197357158275167,14.543285296433659,0.1645544154798722,-23.13160181122342
3.4036003688251806,10.512714730645085,0.7673335496285717,0.5966411567220237,0.7239778480957014,24.573491338338947,3.169474222912968,1.3701146832058844,1.1333414249263107,0.7505912676778074,0.1586190557841959,15.12575956500231,0.18453233471278596,-83.66997784744225
3.427251169859518,10.422167023086285,1.0069670580979238,0.544563379788942,0.7571594459440237,19.067480694396448,2.7140012659074673,1.1867340342563546,1.1850521913166518,0.7302144388849724,0.24765140700971136,15.218211751089058,0.18588773471419162,-19.035319630129862
3.437556222957981,10.101318089985002,0.6955773575812362,0.6631291551140821,0.7020115848523674,25.348171651127657,2.7269807377262985,1.122203429724631,1.3177166822085111,0.7920223948427592,0.36308633865338596,24.190195087868588,0.2054053205131837,-22.78157950266504
3.4127962142612227,10.761698549229305,0.8084668471807431,0.668394203891507,0.770260651131423,23.093147158026945,2.9578389887107424,1.1625262424184202,1.3467150643448884,0.7901886130241436,0.4896538508392126,17.623681617996123,0.21934933551414812,-43.337969401846735
3.4013374855960143,10.262035247555698,0.7373547679002284,0.5546273634247524,0.7731680968874305,18.352922880196495,3.1234604844210394,1.304638756973549,1.3752677425560464,0.761972922474353,0.22084996926710862,23.89127988284484,0.19339502364949193,-15.539803366314217
3.401124588116851,10.267135320931775,0.9300524845051985,0.6314451324983301,0.7038732923717792,16.953006031063175,3.217016793374206,1.3249858824924226,1.204423620424443,0.7055460834808273,0.02383180599587537,16.089411480287698,0.2159813631022543,-94.94628219718999
3.4069440981087857,10.478770499437779,0.854842947011221,0.619583037408883,0.7783970748264254,24.919318548344435,3.278950646025248,1.2679052960311872,1.3340839392017327,0.7719615879189611,0.21759493545863873,24.82799447240806,0.18584625645779956,-31.788858940148486
3.4352968026703357,10.054215731923328,0.9162680319584605,0.6034924308554411,0.730522922507933,20.25963788344623,2.6527682940694928,1.1273494834339997,1.1182975014564875,0.7913619307388522,0.2828541163169755,21.14992725920957,0.17807705442439462,-38.38224128982368
3.4251460264092604,10.698050302986418,0.9901017655588946,0.6385004799338356,0.7345870493969184,23.115056663057985,2.8978844495228167,1.3675763224972821,1.1774209856061373,0.7248263800179712,0.311102468647496,14.663358629396486,0.19140975168837981,-27.209908888276445
3.4287635755617947,10.396879697777594,0.7710263322874361,0.5676919374697609,0.7317813021882176,25.921842348808745,3.003533379540901,1.131310182472419,1.3437280486447198,0.7410204937731278,0.45524870329507583,25.77857929658263,0.19855668337912766,-106.15289957080941
3.423844983863436,10.523869020966448,0.9116041168505862,0.5523331984792249,0.7275171549058956,22.323995281739208,2.767905263941059,1.1111264952775033,1.1839086456887038,0.70989703349916,0.009236585247250373,21.41080349739139,0.17410708803519356,-30.93992649996079
3.415139493673407,10.076065155575705,0.979599134823637,0.6267837306627996,0.706823160369069,16.30821329990751,2.7285157061961884,1.257340392351228,1.3896268447846871,0.7296697338956927,0.2661072654448361,15.89499903714651,0.18044596839354834,-61.3350088872963
3.410745234945649,10.201654287350502,0.706830070916348,0.6330050728313019,0.7232901656490823,27.70206697450233,2.7550608824941505,1.2820025260322436,1.2974471815559974,0.7047919116590653,0.10333426867471379,16.600221305426935,0.1850637853210342,-29.74229251612286
3.4263672035989354,10.740587212060406,0.7936731459398567,0.6534360667272443,0.7660163138319795,21.45901772746671,2.9776466915759663,1.1923959926199506,1.318518869981897,0.7805483671811715,0.4465685245373421,25.332441631378863,0.21991804185252656,-87.55236749859208
3.407094169807292,10.727640784301668,0.9223564266182591,0.5706257949553374,0.7716426620162172,19.11047215790453,2.9614252470260745,1.367927343296765,1.193463055979915,0.7115631238320742,0.2401532768844147,21.28571444198431,0.20788320631485424,-5.305029923275043
3.4146079515611283,10.62587594174201,0.9000864626439334,0.5409507136026076,0.7498709811652581,28.345221624312817,3.1047265556491612,1.3303147427410744,1.1771783950688184,0.7110353161643315,0.036143596094829755,23.690105868524796,0.21062256832114654,-68.9874248774263
3.412596122266107,10.622106641095417,0.7567207762319803,0.6162139674353305,0.7362383770342302,22.875751503705068,3.241479296332903,1.3687479646696692,1.288717694701504,0.796910470424409,0.4850937257922395,17.389940729294715,0.17173634789261463,-29.05815185431905
3.436543691962154,10.754432106553523,0.9405352886796416,0.6868821719022864,0.7316126352892062,27.322625783963176,3.0838717332959193,1.2512871935599095,1.184876178437467,0.7670524648850265,0.19285729086150413,15.949872892065997,0.20465820693660397,-120.6176864661658
3.430022909775404,10.188263696294571,0.71538620395518,0.6610820581391612,0.7357515289448469,25.719313085036188,2.666787713068628,1.18915776399392,1.3004746652874108,0.7009724375446087,0.398106561529144,17.530547806627215,0.20344094811408422,-82.075319459932
3.4022622098735216,10.46102218686355,0.9862967963472122,0.6072311952350667,0.7340741979686234,26.479347660654263,2.901790681383356,1.1583365778687695,1.3919513659238585,0.7328589156830516,0.4168207914242946,19.012940338706343,0.20015807052556023,-91.61854661387513
3.429345477687585,10.738364028460262,0.7202377450734634,0.6338774730953383,0.7650482332764715,15.95831778446099,2.6413168052068987,1.380100612436202,1.3184555703687597,0.7201089267605669,0.3068564231159325,22.66749568964659,0.15922299766718404,-4.4658331829040065
3.4174430540688214,10.584901682150953,0.8211488137139604,0.6455830924430094,0.7664380763233954,20.617686419567562,2.644688407971861,1.1902656205435544,1.209096044990912,0.7431948652120056,0.15795236051933184,23.447108418779685,0.18653781870973335,-9.000947047320281
3.4146269117588997,10.2539527308345,0.8977124940192032,0.6773407904442467,0.7376831708101307,16.42465454707285,2.7483159121549168,1.3342177387683307,1.1935095930504724,0.7416025259949864,0.10438738212656028,24.74286951057165,0.17777173126885207,-23.506856642564827
3.4053429619950046,10.536735239661306,0.835436307215527,0.5926033398549622,0.7642396198026088,19.294795936932132,2.8687262628892167,1.376744113156343,1.2373275382074993,0.7642478462790239,0.4755214712403874,16.012625966535076,0.2114317388115999,-111.10198122392417
3.411814285291413,10.545618627654973,0.70370259735019,0.5885373381256473,0.7782790989920024,19.210661290278875,3.1173421466418554,1.2192669310535755,1.2379588167231117,0.7105738893940229,0.23120960576254776,16.614989933184944,0.1808008856590697,-15.918055202350004
3.420416260839937,10.008183293845379,0.6521649348829132,0.6652823977086255,0.7360706317294532,20.173958096183345,2.9640741627838505,1.3885907909627504,1.3674366029915186,0.742212723095162,0.2696161552660621,23.38255503541174,0.1504949836327904,-47.547068082577866
3.4297533952751946,10.656457471341888,1.0282575789366772,0.5510926971189135,0.7471871313522873,16.45942430500019,3.0613794398308345,1.2545525610156416,1.2234272857715047,0.7556662331024557,0.23828138285368472,20.481058825540874,0.1665734735259741,-104.0604125915849
3.4383984259380704,10.1464970520113,1.028791211327933,0.5958730754824789,0.7331811101091832,17.64260994187363,3.1312763486410344,1.266216137997267,1.1562837026458928,0.7310436885941041,0.4634371232346198,24.46645952814314,0.16943399341682586,-51.56715211526303
3.4209838400771115,10.688564609126551,0.8877498944921544,0.5705293617712885,0.7330760508551435,22.75859422397486,2.813177316360051,1.1827665300752934,1.221086498307286,0.7014381262859997,0.3544248058466356,16.470983399253917,0.16022697504200453,-95.50431767967217
3.4263311373031113,10.070327116266462,0.8060948092600878,0.6311198922933886,0.7236419784544119,26.649679070940934,2.979284741424121,1.2753528952358393,1.1967044169209278,0.7951719456061688,0.4556654538813943,20.16899313076712,0.21829942319879395,-19.105425637450026
3.434847937213133,10.030728387864142,0.9324406625453544,0.6105483225923447,0.7069470638182892,16.302605620793713,2.9738858499843968,1.2845779004094762,1.274157581351164,0.7580223446728449,0.12439789397701446,20.514339728465497,0.16917080010075541,-101.87501977840608
3.42443741436763,10.80374409614013,0.7738958511573455,0.5599716665402888,0.7136551752389902,16.505546599091247,3.2090793481284483,1.3383585564501557,1.1400363498104717,0.7754112194673589,0.10576189487929231,15.415542219146873,0.17296241124851378,-3.880346812569286
3.434634041903352,10.874540695556615,0.9281605925183877,0.5513009749520186,0.7390694361124421,17.648640636219532,3.2642751980995706,1.2282051280976136,1.2951522235812982,0.7521601787788563,0.21109111795242758,14.654252573761491,0.17096018131866444,-112.50448494000644
3.4063007873874342,10.681205199196892,0.6528345265700976,0.6486858972544997,0.7123614730884007,15.529356605239693,3.160941740732506,1.287450081431029,1.1940725849480018,0.7052717155814907,0.3940461264145207,22.958477032686453,0.1790229020906146,-34.34945284099116
3.433103057394725,10.744302667666801,0.887375744138566,0.6034604497633477,0.7560186206195356,16.76918256878544,2.8614502280964813,1.2851434232631906,1.2930133540895172,0.7541441204125113,0.38199014078388227,15.18595602174786,0.2128045485542835,-37.60144173650801
3.4253581852830575,10.623583483064067,0.9205831967372018,0.5794068026019884,0.7092937643201366,21.992485455325166,2.7544629608157556,1.3309192539782513,1.188219395144105,0.7998160573998561,0.40525166946709384,24.617287738744885,0.18782994703568884,-107.36053393797235
3.407244971337614,10.540753266776795,0.6588831786717885,0.5498644977210877,0.7014187047639123,24.51544150566441,2.692601847799809,1.3145811900860678,1.110647054307698,0.7360110212249497,0.09172748858109357,22.75188633987765,0.1972556594400661,-110.58154541491038
3.4000007529188743,10.849916682656808,0.9187793430081093,0.6794417412104186,0.7665355627186585,25.588964219914903,3.038843313801742,1.198683565804246,1.1682841179940908,0.7555121411485746,0.06785315965636907,14.808205668562975,0.16400353969382503,-106.38581702688151
3.404219060201991,10.332883441839726,0.9056141204692614,0.599642956483219,0.7306908203737246,16.69344768546286,3.027218903162302,1.1543937144104797,1.222031656295804,0.7747912669255894,0.23365740253476067,15.126921866982928,0.17120622191199764,-62.1975098103448
3.4262660612357503,10.49933057945754,0.9940871604622082,0.6212138025572952,0.7781146788765697,25.486751530793157,3.0375042773580345,1.258738381353334,1.3670096814246842,0.7928869447282975,0.3200920715207064,19.779194688527294,0.16165084273155983,-112.84117661849481
3.4230240620502954,10.23528102815406,1.0177919210802955,0.6767604562420799,0.7145454922284125,18.66912410795443,3.268562738866631,1.3625224220629402,1.2038536137267826,0.7444886843323477,0.21671250212993384,20.063350560930783,0.2035385197754011,-31.1617398533985
3.401229462904327,10.258288450840784,0.6689753855017867,0.5864727281384733,0.7713142571384374,28.093337905020096,2.649768300592836,1.3629487864802958,1.2211862433725662,0.7907007498704924,0.17618207638416744,21.346187325402013,0.18627889503297557,-108.4193403430152
3.4154590235979567,10.180286584727162,0.8803852631104145,0.5516534029122554,0.7205670303774846,25.43837710724722,2.87951586701325,1.3766753191544423,1.1036299969674261,0.7317948443406478,0.3682575520612161,22.945447729811328,0.18142474176158616,-89.46488917458393
3.4305921658532075,10.44723184079243,0.6889997901727505,0.6986040518277341,0.7096154742765511,24.12553217651957,3.236859526191728,1.3668154072565455,1.2380562293461579,0.7010104405815086,0.4110861392030447,21.746487261270122,0.19106455215571475,-68.11208321170051
3.404002895396183,10.762317806506925,0.7732900806794121,0.65007228629326,0.7160998390519713,16.0131860967901,3.06911611849572,1.1336606378066891,1.3345388903160074,0.7187002805810723,0.17376052340412634,15.742935711203959,0.19539937637881974,-55.876289432857206
3.430752380660672,10.769541155303495,0.8904873727217921,0.6050111223525131,0.746534857716092,27.504498517888955,3.087789644759259,1.3534694552656354,1.161069769145261,0.7891525294943221,0.27870582824854984,22.16321605771803,0.18945505454269523,-122.58438861160847
3.437466405454644,10.786802854427727,0.8812701452299274,0.5956244698767453,0.7016537382315289,24.09963330426393,2.9358120709498343,1.2035263143426982,1.2613149609349072,0.7033762328935318,0.3077503924279299,17.28108275975509,0.17698763710803697,-123.50633557093633
3.4101819482872004,10.830895512221446,0.766651754387691,0.5539034165750718,0.7766160690286634,22.728881569554716,3.221746827886994,1.110442947246307,1.1520042908448405,0.7366273423289488,0.48008674642186844,20.120496274346266,0.1994952223591825,-63.49645443133279
3.424804439784169,10.6541004731259,0.9732486668066649,0.5538267484603275,0.7370021300469873,21.76286184942309,3.0697930369535023,1.133853960295256,1.2618129137867267,0.7429862126875993,0.29694190581052643,17.189882443574053,0.17086443066117854,-43.463550216249445
3.4352741420024544,10.533111697236448,0.6917850524625389,0.6969158043898629,0.7778820895419915,15.797615223142145,2.853605322915409,1.1015691702759725,1.3424915082113764,0.7688365364307188,0.16479164176864491,15.862142726294593,0.21451226841958998,-38.753267982982194
3.427100181070497,10.459406594083672,0.7443194571511004,0.6029741880847039,0.7108967003164142,24.298592709461268,3.1758351757726504,1.2248701500072592,1.2453295616207811,0.7853682378751612,0.45586987589258043,18.24259371986765,0.19820683451899238,-36.48088774208992
3.426411875959097,10.323560733578958,0.8563392647735841,0.640333574710079,0.7477001250420929,19.63375315649351,2.954936824577384,1.1247931694840843,1.2965794911940776,0.7434835072846246,0.22827221831046438,23.08752303975441,0.2045287705437266,-96.7842684036057
3.4188307497152404,10.227835782064703,0.976696373949229,0.61056508410992,0.738220933305314,27.60262500504036,3.244911151142226,1.1847859195046746,1.1127010948274705,0.7282785482410257,0.13244619421195364,16.454106727227185,0.21545194700977258,-78.2342124436731
3.434363205357282,10.318680786868645,0.6876757206842952,0.6479191275691829,0.7212941638107635,24.007299825826514,2.772777289087659,1.2797137265485623,1.17268590265276,0.7809069884406339,0.031513014430320285,16.629365656945374,0.16168033260566028,-21.588410838638822
3.4365087672828163,10.496400356337968,1.0268129747658696,0.5716507380208565,0.74554090479923,24.768025514582867,2.6403924472447104,1.153580290871047,1.1591099505150109,0.7384024772113834,0.49715539589870555,18.040034737196432,0.15133077757942265,-16.128234871288328
3.406749309197621,10.26813884857184,1.0144463919073108,0.5905147067214694,0.7093682919374381,16.18406337993985,2.693707286522239,1.3330973233718082,1.1918409288252185,0.7153899984567482,0.15457270468575607,23.97924138067843,0.16000432292928748,-96.31545070585236
3.4344147516074495,10.87587151818719,1.0091818553472425,0.5952840167202879,0.7313845544483907,16.987256225227814,2.9401650908950043,1.2607154929234936,1.244654973014899,0.7768632662907423,0.39901292928128695,21.303794046749218,0.19909721387573942,-21.057792539109982
3.4136901533407142,10.218729312662646,0.8837498825105625,0.69512116201648,0.7360284400615141,21.25753605897796,3.171682179528863,1.1810529247673376,1.350852242542619,0.7560342658447112,0.18898456033538516,24.040938177194214,0.17091321571668994,-15.174256116554346
3.4014789919805253,10.280806095294645,0.7691621875086204,0.6786776121622836,0.7351647713044985,24.431008879703533,2.9028144837488155,1.2740623226266847,1.1263281476511204,0.7297644598747924,0.22650715427066528,24.4415399441569,0.17474069755980443,-98.71906639689138
3.433857957485547,10.012467088090837,0.6698736741961622,0.6385990021091368,0.7139804925899694,26.139639862548695,2.934144189124564,1.1718213351255757,1.1045773717869138,0.7404666017079504,0.295142504199105,19.168511891142884,0.17775285032613028,-116.48502098261508
3.439449252908573,10.88149518747579,0.7169421246446191,0.5606547818316506,0.7373981454740496,27.588474341978458,2.6823158719030777,1.1878899542814838,1.2188619105008425,0.708134919149037,0.11214865678937384,23.471866280673908,0.2188451322188286,-116.2581170814439
3.437117282596388,10.099675070885025,0.883112459295595,0.6378145627230883,0.7374336124632674,26.415809009532637,2.776252610593438,1.1709994560730266,1.3249592823326728,0.7573028727616736,0.06872174190187771,24.805008252077315,0.15372600857644547,-102.22287419904501
3.431383422589042,10.149185624431167,0.9741075753339408,0.5869966989114525,0.7382606937592892,27.58773450439014,3.188403991701505,1.3554124961434908,1.208436522394554,0.7184527142600026,0.4724217550429554,22.992657507248783,0.2114787748395575,-98.24557129871738
3.4240733423273566,10.151286824290063,0.7300911852851696,0.5496275605973023,0.7069619636905816,15.367343976565342,3.0350918295362272,1.2786355504407747,1.3877223179430516,0.7453776673516465,0.02356390310442525,15.418061241101213,0.15871224925242663,-38.46525548487759
3.4304919000817278,10.517579483516077,0.8765570452462624,0.6777911917492211,0.7179690565060798,17.62386439260701,3.2771256696578366,1.1116335325656423,1.1120075128550109,0.7381288506750692,0.3242417736626534,20.350114718519187,0.18599885390553522,-89.17924032111246
3.406395948408116,10.597098254291023,0.7859004558852276,0.58948633990852,0.7782011907144659,27.96394539162968,2.9331397261833327,1.3806449585917924,1.3187543553807786,0.734889253983246,0.3458198044212477,21.790947940659755,0.16413363992176833,-16.992798784128098
3.438854025173491,10.862078736990592,1.0212179356477709,0.6612895576584331,0.7230576180118465,19.655949886079085,3.141584409696148,1.3744281738180513,1.375720937836208,0.7150783405218439,0.09800730180436165,18.316234463626287,0.19863216107376824,-112.90058742670493
3.4179038908485437,10.891165742262105,0.7002950669737737,0.5565782775013447,0.7443639568319999,20.140533528030396,2.7767622523565727,1.1889417940897427,1.169257282117203,0.711027957223253,0.1162650132480258,22.75282017514009,0.15048553953948057,-96.30670540116684
3.4017816930957667,10.703401308825127,0.7249134999539197,0.6194183644914029,0.7610674287793442,19.2699862756254,3.2656300550173807,1.37617582002179,1.2602253795570952,0.749962824884075,0.40120064670467215,15.458158738878401,0.1954831716816988,-101.8336376149194
3.4170718481161946,10.535842139837241,0.7974237304581572,0.6587235408235206,0.7490555053193063,25.88526470146199,3.211924242835276,1.3247766444667652,1.2222970145489542,0.7019794990018818,0.19302720481631522,21.36078500963893,0.20478895531093372,-12.773075010827768
3.426043446284011,10.238871989421316,0.9581805310877551,0.6060143612659158,0.7713326269033028,23.080403998269272,3.0804855555031567,1.1747739061640003,1.3689761393263262,0.7923033362677404,0.2706082959088395,16.905863696071428,0.1807352880970735,-33.21715215203251
3.4040248001273326,10.090969231256032,0.8627864199612929,0.6062309384004473,0.7299547333695057,27.84925985263683,2.947382750460762,1.1226001689882545,1.1119401367273523,0.7201966533776498,0.4975534695653705,19.821454545371452,0.15211145718917618,-22.85911247991477
3.4199787977372935,10.092768451735038,0.7648582027161143,0.5538709319074957,0.7218841546874277,17.862691787726778,2.6705361910921974,1.3431845684223298,1.1694447529981193,0.7238237777243851,0.40401578113746545,15.085451781533843,0.16089042644685903,-29.92585861072257
3.412982794937617,10.438918052773879,0.9408813524983989,0.6154074532378819,0.7338327297094757,16.23172987948116,3.2698684618633145,1.1439260002690341,1.2234741886490308,0.7602977491190391,0.26322777155515326,14.86980748201072,0.1800307748636078,-24.376418020757924
3.4272281542472394,10.613716464904947,0.7083452086302578,0.692130173422902,0.7787794681573902,24.130620767616456,2.9698121721622375,1.3472463308899907,1.3367553243064414,0.7582353884107123,0.24591544407734425,15.329577029139617,0.21246211879305832,-6.080776593591537
3.4338756262773686,10.794252495232758,1.0083999552281648,0.5882522834197779,0.7797735454452056,23.742571921919392,3.102322194551169,1.213283571739824,1.1644958619060644,0.7895451713872192,0.49789028167429955,17.09207903443295,0.20388889423991124,-91.54755548511764
3.4028700488162142,10.61841493731611,0.6989850553291378,0.578795716941955,0.757283121031815,27.877877206646957,2.9451171092640673,1.2237548429453644,1.377600289040458,0.7037753752347592,0.16999299528262926,24.290930769558237,0.20858833824385606,-42.67437965984588
3.4362147663489,10.213408037920114,0.9105954642502079,0.594045085585912,0.7040418342073216,16.31261959772137,2.883814499059103,1.2120677844914276,1.2996941743062194,0.772771868956272,0.09644286482832212,18.15945519356798,0.16875541887437903,-122.64211465211491
3.438092723172371,10.418296530764515,0.9612097261015374,0.5744423708430699,0.7420114397260933,20.500397204042084,3.178927242349996,1.2317451587204575,1.1068383928259697,0.7971855415080793,0.039932085423480534,17.685869395661673,0.15587863462516693,-20.912651063427404
3.4212498005093033,10.825878078076313,0.8932857098868913,0.589771813840517,0.7130299709316451,16.646433738332178,3.0115454860647772,1.1063079966634175,1.3993223514331918,0.760150749545508,0.39139426451736903,20.90262257521866,0.17287373785990848,-108.7238344424365
3.424696462912263,10.118645314712442,0.7627260721327203,0.6661122433116453,0.7332376075744447,19.140550050445192,2.833848741144931,1.1778673575525591,1.3222574867178,0.7214286988453485,0.4365581622219707,18.299812791613395,0.16696902537067113,-97.24688125623722
3.4003827172068264,10.133281004714378,0.841207616950427,0.6070799346345044,0.7141439926767134,19.954800518062612,2.8432754564228455,1.3203062694169752,1.215417208490718,0.7618704363879593,0.3263956686099309,25.863522027938927,0.21683559646084663,-122.29882788518847
3.4060127872311816,10.145958453496323,0.7819572874410099,0.558173452594614,0.7314389385630371,16.157629347747434,3.1935560615026946,1.3315992686599696,1.235209327326035,0.7627136218389725,0.2616561437500372,19.090924026871953,0.19626115850984707,-49.858299563130785
3.431872403088354,10.381386474929187,0.6772667874285119,0.6668735012404681,0.7058746514131623,15.624580051051884,3.047816634719473,1.1303680391079396,1.2331492989348185,0.7754934365437248,0.46462955669110606,19.964029985044014,0.1533195173598897,-102.9659983385999
3.4364002521360932,10.216187653888163,1.029426536720809,0.5494872354652319,0.7712439848580421,16.008374409815737,3.26067310675871,1.3253480308831653,1.2129017770966333,0.7322832043616581,0.40070952653139613,21.295742224737584,0.1881900621970392,-55.037717001568325
3.430035070907289,10.036963706784682,0.7663874737793507,0.6494204214919037,0.7204568671810628,26.937353737605363,2.7742016655713013,1.261797569885959,1.1747850227449828,0.7731154079999469,0.2648262562145467,20.464771899755654,0.1785546573946446,-97.36484061841611
3.408959752320005,10.079154230493293,0.8864801836131508,0.6865519123955635,0.7722031162168439,28.132729454005734,3.032371562008305,1.3323732657506455,1.3338655409546056,0.7207495941574366,0.2718116719611676,18.905085374244344,0.15801307657924926,-30.83914488584449
3.4355114232408095,10.838006616602218,0.963417716678438,0.6945901089070532,0.7253845566345514,16.345503216960484,2.850473081848869,1.3086295034481077,1.3295856467511078,0.7223027290251098,0.00930309713017437,15.272542307162789,0.21561393774045653,-10.647455727744074
3.421271265292104,10.81112687747725,0.8355566369467364,0.6033007785484017,0.7467123820657081,20.449413853437584,2.8076979130137536,1.2031390524875436,1.207367946815971,0.7387441150352397,0.2369098237963754,16.34103154332875,0.20389871871682563,-80.37238172761154
3.432072548189467,10.795058764345983,0.8518719713007165,0.6251904038058772,0.7540334109293354,23.73091145356783,2.8196178916006227,1.1276287923676216,1.3357222427289086,0.7407535409646621,0.2522086128782942,16.20759628873859,0.16880834097012778,-98.62393571082649
3.4045942128046174,10.100533059652234,0.7185926502759981,0.5441332640207637,0.7072587760942248,16.844895952511294,3.16207709160111,1.1043858093530199,1.159753954214079,0.7973362381124135,0.28425131887860977,24.739702098819635,0.2021521113893697,-20.144282144257232
3.4220770311640645,10.740660214554225,0.882167471866178,0.5985139403259228,0.7243265805982635,18.909472336828202,2.7477962375250806,1.1961655525489718,1.358160829522506,0.7654250294300943,0.478156611922526,24.409623865855544,0.19115810275831235,-74.90141378270985
3.41453319987753,10.683658226442068,0.7341429140834608,0.5921974723547021,0.7595544235811427,21.686702631343692,3.2430032803088595,1.1333175394523944,1.3888594456817023,0.7941799673191944,0.29270159881330543,25.655071018641216,0.1872328630748259,-123.44210561927063
3.4348042447482845,10.10450535980391,0.9741754140928897,0.6977911386023405,0.7604462680473474,26.78260314380546,2.6752855759353293,1.3262315304446652,1.2338521887242755,0.7324590052595207,0.41776618302147794,14.282221787235729,0.1890493231959962,-91.37096925363987
3.4090644285829814,10.779947253048082,0.9537855502517416,0.6105244362075624,0.7656858145793753,16.444826648382374,3.13883506743138,1.3571414795410055,1.1459210106981694,0.7160807171282628,0.09911847379506908,18.098789124937575,0.1674768394600902,-15.199530084714922
3.432505814495722,10.882370747238845,0.8176873806625655,0.6474005081857603,0.7274204845068232,20.702356990506065,2.717596128300921,1.3673645748257446,1.1607641245959206,0.7178130501839027,0.28989045529191254,22.19402563744934,0.19823579467962604,-79.90237473219648
3.4014207287028495,10.324954085511377,0.773007244638905,0.5738129846130746,0.718640901036017,19.20181864106491,2.960477829025142,1.1330245378472095,1.223985033336483,0.7732279663737811,0.1032855921143849,18.39156576228384,0.20483222071471396,-77.40854333274066
3.4051435939601444,10.075394413410464,0.9973461045924947,0.5569667079749601,0.7019142748290771,25.678265658198505,3.0433940646131967,1.2043444437446513,1.2313849068040386,0.7881130189560147,0.3097030395509973,21.65658846640019,0.1694422306822123,-37.645384279594325
3.4089677072592304,10.021608097153955,0.8257946508876823,0.5512225332145215,0.7317945294272827,26.628739745021797,2.8340276927902655,1.1669043864142077,1.3834945742576195,0.7670974132826791,0.06621563172648112,20.394279287130278,0.21859130594101284,-40.69690115900001
3.4174390222872963,10.248571201366195,0.7115548520081073,0.5556825970121685,0.7226949249947362,22.687128410446533,3.1719810508716835,1.1409713806201343,1.213110286857363,0.7156498177936601,0.02371741429556082,25.211085059820288,0.21903114004819824,-115.6076798875859
3.435324832176302,10.217575010009975,0.7666219363312201,0.5667786981647498,0.7053795223933071,23.530197287458662,3.096817199081081,1.2642702669720354,1.1799661400569703,0.7463912782928922,0.2097248935173651,16.41461376759293,0.15237533223076027,-104.75083577191913
3.402529525924104,10.735529392333218,0.7511245277745101,0.5945953217744679,0.7011605619863435,19.363837259881986,3.1231642994533644,1.1076826694946282,1.343188852899207,0.7546716885334253,0.3508017563763423,19.306773247265127,0.19437585663797347,-70.06085413248115
3.422319884848516,10.210184373941715,0.8103050602687994,0.5858499152140572,0.7705912875861209,24.743963210575018,2.7954353620640577,1.226632230724526,1.1813597536453078,0.7036726545956612,0.2829128959137353,17.147699515320603,0.15567005189869357,-14.109503032555082
3.435111623306951,10.711424156200763,0.9738496670437895,0.6202735879766199,0.7494481587288548,26.3809657359203,3.0343457800936724,1.3524324974251318,1.2732867112211819,0.7455322022250933,0.30856830146179887,22.19536876510106,0.17067453193914547,-78.42874007670848
3.433210971732871,10.387990832854403,0.6608085313012532,0.6394775509622472,0.7063995341545769,26.763505119608894,2.7130242570460377,1.2645373150284673,1.2214714840827332,0.7630753098105891,0.3393672803050497,18.820554348628946,0.15493843136233126,-3.443496929172852
3.414341115231819,10.739821357841246,1.0140158018752068,0.5582069963465922,0.7293300417222057,16.9919284261347,3.109338181307336,1.250833276939513,1.2020621516845165,0.771068717438855,0.3130368028065117,16.759747072505768,0.17654461364655688,-97.3612915792258
3.4104902960483567,10.858478342773488,0.9750786323068987,0.6359098656685925,0.749248687182704,22.209330732750672,2.928479575380703,1.1076741313590046,1.2885921713365713,0.7743752310337138,0.14368903453529855,18.203914886954763,0.21068566506271225,-28.517261699769378
3.4025267165474027,10.42703549825215,1.0031869393717427,0.6075204738924298,0.761723398228367,23.91915750361829,2.9469563825935783,1.2606091353975304,1.2064975729360576,0.7606295430384356,0.3607743829204153,19.751789930883433,0.16511269358834352,-100.33915305100513
3.4306421826508635,10.021552311726092,0.9070277535129373,0.6759904293254124,0.7781973616172569,26.485827885046696,3.158887879466233,1.3164512362763394,1.3570677157061697,0.7725502547184927,0.05700530729877261,17.616850151781968,0.1735141089873898,-40.69557654219301
3.4344470048196296,10.130252540058134,0.8906562739429597,0.5439760384156272,0.760558996626034,17.900698116533594,3.008721575319951,1.32137698757567,1.1560293656952376,0.7521381414297856,0.030168091482898125,25.218385764573302,0.20032771080438871,-71.19384907677826
3.411966202799245,10.05004558559884,0.962645925363478,0.6508717005243804,0.7190834157351831,22.246288523600615,2.75353267043626,1.2073178863613407,1.3139875974780835,0.759858570047302,0.3924640892626833,14.152715345633888,0.17472014669336466,-22.13654423492339
3.437496024381271,10.594172168544782,0.8179833636039242,0.5870240479453815,0.7693242277012701,27.98976335918382,3.2445184519342645,1.1947341690376792,1.3932484487586514,0.7462768394013023,0.07827530559457076,17.729995752725966,0.20697200407865785,-36.45033104804378
3.43610075794823,10.287847852297778,0.6639638203334964,0.6321115769411313,0.7621765273108614,17.834288038282267,2.8708520497912544,1.2526973643124515,1.1176933027183544,0.7113736859334312,0.046645262510174965,18.575001608608076,0.20087079953307393,-29.98969709616263
3.4309543152306556,10.090712816531413,0.6985306510705598,0.6031876977691288,0.708438878034624,22.52524888353075,2.87630115124784,1.3870583831318917,1.175336321496151,0.7138132779889836,0.07990920519814572,20.8290546370217,0.17130440451314063,-73.80979690742714
3.4347751741392605,10.400747411132363,0.7485009416175599,0.6356923755952945,0.7753109132527867,15.877668982832644,2.9306430542964845,1.2669684370847145,1.3314834057544855,0.7088551650397508,0.06881821752746152,22.876256116702987,0.16303382944061123,-107.76659368602022
3.4113605898662946,10.424576534952559,0.8070774824202771,0.6022588481666828,0.752924393048127,25.10648011586406,2.8042194255807984,1.3090760285048895,1.1635145012630956,0.7896785431131358,0.41325632975152343,25.02152285121262,0.1635711423396909,-45.67745817496818
3.4354647554772813,10.480492909661765,0.8011724682377932,0.5642450153019323,0.736887206000874,26.585125354676073,3.0087888453580485,1.1004020984616143,1.255996907332753,0.7723764137641143,0.3687023442943881,14.183473153988512,0.1889721740436958,-67.17877290354251
3.4335938997373088,10.473811672143942,0.8605480239512321,0.6759086243055891,0.7393677717512824,27.327897396402008,2.7962584654153093,1.3845812797596495,1.2504988153376129,0.7272310587824965,0.23155420275685484,20.060108831456322,0.20125702012471575,-13.22276221564914
3.4378454130387786,10.782373157970575,0.8100178577029176,0.5794329348258609,0.7789347383560962,17.067131875472125,2.9357650855521222,1.180282742746091,1.1357465701277922,0.783368592861439,0.4074415180499624,23.595639184506823,0.16790825005563154,-0.11693357489919265
3.426263788647696,10.073703519580347,0.8442819811904229,0.6532992064083175,0.7136150575768415,27.825277183504397,2.8090697365695334,1.2111294114026434,1.1620737300676123,0.7124770660240083,0.1391522413057414,17.53746624181004,0.21491273898832058,-56.702488320951886
3.4391462333823455,10.66735936241304,0.9797334776586615,0.6511216323370721,0.7723283039988369,26.90092223786197,3.1496687913275414,1.2736160085753105,1.3314586294599307,0.7280812910796007,0.4468460043309481,16.728811198998315,0.20662189208711199,-119.03887489960556
3.4019240952914807,10.348390842319231,0.7573577245828429,0.6703654181029299,0.7215504031085193,21.50152521980452,3.0477448831956786,1.2908072334112384,1.2292191121597489,0.7054121209367782,0.18776971489432753,21.568322522409495,0.16649340053653644,-100.64591085241221
3.427680564164153,10.55399370045754,0.8626992710576296,0.5716914754862226,0.7225038747054425,17.594416684660644,2.74269433342243,1.276723048413779,1.3796841350672693,0.7507789434463871,0.023689886162567744,16.159896002020094,0.18697599729893447,-42.57195697473679
3.400821602261813,10.406285752654027,0.9075153351222605,0.6419635852530011,0.7335852349317302,26.08938848982116,3.2700148321748825,1.1566313344530104,1.2920664418249577,0.765520415616469,0.23411157068027738,22.554033469429726,0.21011659892616616,-3.5700121753310583
3.4213460864935,10.240837506242338,0.8560926455059639,0.6568158267058904,0.7687202047561189,28.338062633907633,2.990834415342958,1.108329525374677,1.1760967466840146,0.7012135789085876,0.25142676805526604,19.56224839234575,0.16846558169360262,-8.368074905184628
3.420631133919841,10.552654239248389,0.7838685928943355,0.6923970745279924,0.7574601312269937,26.6041460635129,3.0525195105388656,1.2014316867231831,1.3305579863254722,0.750704561409548,0.2266431397369993,24.64975973974707,0.21831973192300946,-7.465349147328112
3.4010007533123385,10.055476002023765,0.8249469685051634,0.6904081489741348,0.7188088511470443,20.431941802423708,3.0279457766020315,1.386398931746246,1.1466643904568148,0.7441967081504461,0.44622200423279357,23.80945776267902,0.1704772564594816,-61.649092929429294
3.4002621974140403,10.437654153452192,0.8984695606207087,0.6585747685412431,0.7007597434289133,22.38162791062713,3.1593496805254295,1.3562018850933424,1.370368969271667,0.7519925789809087,0.007665359387415578,19.846396251275923,0.17498234281871283,-34.309579895066065
3.4127354205308933,10.286864113937874,0.7330675429345817,0.6763469076153301,0.7184749149427754,17.1899285212321,3.2755898121203666,1.1563279617169337,1.2708774207126918,0.7262763501056216,0.42725962001434437,14.256795979550663,0.21114339657885467,-61.22268526667966
3.4358907856904546,10.856386455536606,0.9448098058852935,0.6857184873878025,0.7319640066706848,26.434043340260793,2.851084087269229,1.2158228831445177,1.3304469448363025,0.7311553445049186,0.47297491050809715,18.14896508763423,0.16589208343290487,-70.35493029084562
3.4265470003961873,10.463472310136552,0.6967814074247966,0.5716189135344374,0.7259614376309053,16.870781789604614,2.757978988064637,1.3964693719660406,1.3797271988339261,0.7452499351325139,0.006369849057804408,17.5837434778209,0.19192225483464145,-121.9152099811391
3.409358581561986,10.5332890885257,0.8937046607251293,0.6082199542354332,0.7311071208772247,27.460382762101936,2.6913608318474536,1.28288567216361,1.3892555935576956,0.7620261475610205,0.0555780707476019,17.43450766656283,0.18637025990707196,-82.09001739186746
3.4141172573807728,10.838223556679537,0.722718092197285,0.6858179464316112,0.7192814127869483,24.613660477509665,2.982976749765273,1.3689936775865101,1.2445664752706471,0.7764708160978957,0.2300755908259301,16.42384600565432,0.18121682640824505,-64.30964652564309
3.4330659544024242,10.061786283060515,0.8076929882340724,0.626146196262348,0.7134776947622075,22.9527981737687,2.995711910647013,1.2987500600060293,1.298176887356182,0.7287912505750442,0.22916853981193908,16.010106189609708,0.15710168004564148,-44.86792204251607
3.4206269583577633,10.317723532712543,1.0109549009242749,0.5617374660528838,0.767439393952674,23.136990742116375,2.864033664460084,1.1247095682350068,1.1356290381876917,0.7327228258382343,0.07171190120131432,20.119710372309118,0.15409508532599941,-63.81575979356046
3.4142660858059655,10.834133227597182,0.8908841343513543,0.5731590409374218,0.7510194533633555,27.363201505078045,2.945256523872074,1.3836295141620467,1.3970704085688248,0.7591972794624603,0.0051984608594384495,24.7546034191978,0.2116598586476432,-87.68617071060149
3.43424882667706,10.634585141811165,0.7355628485994673,0.6538457078518252,0.7235944043136897,25.390774655709215,3.26311142269042,1.3527724564690866,1.2538336005653308,0.7178306476046283,0.029404413449311384,16.363365195294975,0.20097170448512838,-13.409310987322868
3.4316389045340907,10.844660325792377,0.7410399326945251,0.5992050868095276,0.7334637579282641,16.573405810297956,3.0815963184370996,1.1428717657502685,1.2517150034857103,0.7218336530287147,0.3430043975532222,14.240441808439275,0.20549290557334102,-114.66321759545986
3.4012761366212128,10.465595036392962,1.0216476060000503,0.6718662891744378,0.7588560403646775,20.314479044558684,3.1146425736275924,1.1821625613762088,1.3903618546187595,0.7252511387015359,0.4289550344004988,19.693644223306524,0.18701694831796156,-71.71356475445884
3.4125318020270528,10.76216634276788,0.7092806631052769,0.5445775712288086,0.7677578223745135,25.52775135645927,3.0469377416726573,1.2457045266693423,1.2765794380841788,0.7125271897499791,0.12105888675733545,21.390832509958422,0.16303702589367997,-16.578780768663307
3.412606093502411,10.370855677920419,0.8951177510471241,0.6090406882949413,0.7421905204042862,21.568515830940918,3.122073363136356,1.3963084619654484,1.3635522913784908,0.7420254460904491,0.12801235728737825,25.71364835231438,0.17060406597619837,-61.04658946151919
3.421744917082488,10.427875072034597,0.9241639228511678,0.6964906680528319,0.7040880408714962,16.756176764290927,3.023634812669303,1.1760102768820822,1.315081481742033,0.7727451281015051,0.2610993383813674,20.517269781131567,0.20914644755565154,-82.93080392126001
3.4392678129943186,10.284822133195892,0.8010097402965769,0.5726092621209021,0.7299366004021247,22.757638279676527,2.932023969213664,1.140724584881154,1.3401327557663814,0.7113530962968008,0.4367481343921459,24.030601734818447,0.16763514045364183,-105.65191091391924
3.434232299177314,10.634072468161044,1.025930993859765,0.6401691074567658,0.7781108999736481,17.684861659647403,2.8628358792050355,1.3706756811527294,1.186636656925764,0.7686873279338952,0.39517075954308856,24.009046887084715,0.2132676164461924,-80.73898780938286
3.4073677542014806,10.095725037337461,0.8661257877872702,0.5594881623083339,0.727311262873421,20.219525306338912,3.100255781795668,1.1568425181120623,1.1669851993382878,0.7661771294254489,0.31635634687663733,23.570012405112024,0.18850786341054254,-8.496716386619184
3.428860852658687,10.174754813175864,0.7048689041673513,0.6567214927111038,0.7368896501258234,17.971172493168126,2.8841113064816213,1.2074636940307009,1.3045766656723858,0.7521846198696889,0.10631056100746868,23.81150963409976,0.20352965940208,-42.03248877445181
3.4056925127330793,10.526473943647188,0.7259646307291838,0.5534423493947794,0.7066459383994965,22.955983231485316,2.6828261793764536,1.3064507288743132,1.3855650639931913,0.7476978052914531,0.389318622679177,14.890786104661302,0.16334300852606148,-41.977192625807064
3.420635227122469,10.041732758755316,0.9217046275075323,0.6244499875528096,0.732235346108302,20.72269019310225,2.7561385571705443,1.2588116956022162,1.2563908460506696,0.7060330705319587,0.14843181689755813,15.93618791438116,0.20644285517069386,-85.83020010697618
3.4050087299616734,10.568383322596802,0.7904871536981602,0.672093596554404,0.7388713913776128,20.126633437604802,3.179336119408885,1.2986244278520713,1.2425358419608523,0.7783351529547531,0.08615010132145365,17.728518399969936,0.20726615654919686,-78.97820770017626
3.415447344210357,10.49761780619519,0.8947528595284239,0.6938979669639145,0.7531085675573685,24.537881286778095,3.119008873768586,1.2641550681307745,1.1824070990575068,0.7893931287181963,0.4213328519302708,17.612069006558972,0.19132419403946907,-87.54047292086142
3.4283369735550617,10.468075824853388,0.8251610675607138,0.5506036939441241,0.700640079443692,25.14730865569519,3.139162121942731,1.1181930186213407,1.2632280921269634,0.7968991963042504,0.19273152495752907,22.184072737179378,0.18369255515989058,-94.01419222679601
3.4018147188367744,10.68124786928123,0.8981748055408769,0.5643870244246324,0.7084921485557399,26.927146536200205,3.0062760089715073,1.3543766823152288,1.2321353741375485,0.7893260326411136,0.20532284886860472,24.655821795132535,0.19799601991110596,-119.77589293901327
3.423063361666661,10.179421587742178,0.7810124461975299,0.6844477583538864,0.779298144824971,26.424960678013456,2.8694961565565866,1.130696390753541,1.2317578574683976,0.7544001331139804,0.4696401439774285,25.000648133233856,0.16881007929312725,-44.12012642223013
3.4390293406630965,10.861702451339939,0.7468502497038146,0.556168812192714,0.7717248563066484,27.48407911072654,3.0875076353497293,1.225274457916953,1.2308802447238605,0.7465225814017477,0.16573041273931252,25.556866194388817,0.15137343405629983,-40.722830980000126
3.4151831125468477,10.004963498831035,0.928116045465841,0.565120612824528,0.7426122714527431,26.076856973422878,3.0493159200413684,1.3318229664424428,1.3097576300482,0.7700193107285804,0.19551578118486632,17.94183213553442,0.21658683746589844,-17.366848591890218
3.4393551617907354,10.611863663202913,0.9406924119793038,0.5448662155354267,0.7460667586387112,15.577397127244835,2.6412548522707735,1.153520529459115,1.2818692175075905,0.7242580420465319,0.48980699787711085,16.00884968982966,0.2199450521069956,-96.16568325424691
3.4214134958802354,10.571242468398289,1.0133338948080546,0.6214929548794323,0.7344391613999697,22.92637724469433,2.9422458037700165,1.2262161538874563,1.152181039744209,0.7058976526885626,0.17877967287297028,22.76198226802125,0.16954885842270834,-72.14733637198486
3.4292925240256444,10.559010624881301,0.8586180669351939,0.5880233406448908,0.741449764106053,21.126413856525016,2.755850063300248,1.3740962595124113,1.2954759336465682,0.7663003007005172,0.2777663509473944,23.597015020292723,0.16878898475171364,-110.85256568616418
3.4098445734539133,10.652321155908112,1.0100251098890898,0.6506463291716262,0.7458472154457394,19.38892353455827,3.0203257419308773,1.1501822361562848,1.2469032533575972,0.7147176094405876,0.3900994265451213,23.162310516644233,0.189795149736053,-84.51885128449067
3.406139335054225,10.44962241656916,0.7259064484449675,0.5535184624152559,0.7188455366170627,22.34193095348189,2.880666483801076,1.2162298548093986,1.2311732095096852,0.7650794572133779,0.26518000462262725,24.040165784740037,0.16310055114339514,-66.90804433542743
3.4225539562740397,10.524645129483062,0.8558118830383692,0.5973688807734003,0.7004413907047962,16.854262367630636,2.7304746634817976,1.234650789525471,1.1596099656113534,0.7678006550677828,0.38232527168386143,14.175507116590461,0.200865314407489,-58.816883728648435
3.433018245887946,10.71607970831083,0.990031979565237,0.5573026792386196,0.7437487442442238,17.89291157796796,2.7533645682006784,1.2694559800327254,1.1643125672249546,0.7151302051814586,0.3586548493287688,22.73447786769751,0.15517613355989496,-113.71149422958942
3.4271769108443584,10.68379186978594,0.7737397681284847,0.6248976366121967,0.7728944050353171,21.272984805880736,3.2419496509564265,1.1762917731425564,1.1043528857276272,0.7867132029387461,0.3069420907984504,15.517960402761664,0.16037606640098923,-113.30609772080949
3.400518724162493,10.716563302421502,1.018452588887156,0.5672900758417918,0.7456349725414374,16.845726711298973,3.137663303615195,1.3421549517873108,1.385960485415862,0.7695984481831161,0.3653057279978475,20.46664819330515,0.18561726939865747,-28.63259483194055
3.438233212975623,10.032629548615866,0.682233275527137,0.6968634339900794,0.7755957718065042,21.654410190173508,2.9783973456986623,1.1637943622018518,1.3705612661892195,0.7196152542391923,0.3360653417244396,15.38371314868254,0.18227714566272765,-120.51354994569813
3.429866935487076,10.432880428853666,0.9802625278885906,0.5895421789240615,0.7705165850789466,17.110594894955717,2.937073325856508,1.1882865223038248,1.1755205670303122,0.7382774804266998,0.18434682610023537,14.078611907178159,0.21314502612559427,-62.93021695736756
3.4043209567108152,10.881305499705451,0.7531446206127606,0.5878404637872408,0.7695499191038011,27.352805865273503,3.046861144196504,1.3368597264723516,1.2789119454180815,0.7239673638350865,0.2685232228850443,15.389111901625414,0.19372052633475456,-103.22934662792507
3.4006778008017435,10.223415191406435,0.8977511434539764,0.6758949614358305,0.7597006149018747,22.48973898609134,2.7410075468356725,1.2276195339108715,1.2916578031333132,0.7781435473213951,0.0904649357224561,20.9145264218372,0.15706876590198965,-48.371091133263135
3.4186007765778377,10.16378505597284,0.8757520478749482,0.6140415917779403,0.7713948988156812,20.236601447617748,3.1985791065668914,1.3766005014629525,1.372891792006197,0.732632989260169,0.2894407411864152,19.814665567225376,0.20658458946244526,-86.91024774399187
3.427867019160058,10.066159817724841,0.9328598281368552,0.6232194208451862,0.7600620893562375,22.22706607438426,3.2483909827677224,1.29898514206065,1.2927255115264462,0.7720177039699021,0.4126686182226504,19.243523921283632,0.18649259499311713,-98.6822997139448
3.429058879605052,10.085517125788702,1.0127184069632131,0.611919198429421,0.7065552170563616,25.75169579649274,2.795752699336107,1.3285387309143364,1.386720090371677,0.7835616890993776,0.4346324636532101,23.77702088981927,0.1812360256605306,-98.02096650278001
3.414630044791748,10.600415093631034,1.0154705734640173,0.6904648063863132,0.7045214464757079,19.024701107976036,2.7271003872558404,1.2916237805309756,1.1076693001945415,0.7981123453114211,0.11173742981523459,16.194026095829305,0.2147040808765041,-25.597851205032725
3.403890044573034,10.527081670264517,0.7256002093949259,0.6146099249161419,0.7671173379705689,17.92061439109705,2.8917764513299336,1.3818140873560552,1.2269388264642582,0.7077252179315847,0.0656411858454524,22.052432010027395,0.1624755789936963,-27.365102795089612
3.418164627210419,10.297369842595009,0.8657608859600031,0.6454690472015291,0.7071928470824134,20.549795192911635,3.2754019627205606,1.1874934188044386,1.382947831519607,0.7677133408140273,0.14137910382632343,16.801905293242097,0.18726158954387634,-66.28780427076764
3.406426166409237,10.302148473704676,0.6608706803686046,0.581828267666593,0.7113789344869261,16.51857697330841,3.1502754914248134,1.330134253569181,1.2709666242555973,0.7462364787179071,0.23786505883646056,23.216290169288214,0.1967087688700478,-35.99187053390662
3.429142905938738,10.58432160349948,0.9742630692448833,0.6789798955750999,0.7760238805259738,28.069439427837157,2.800516673268367,1.3193681899322531,1.345066572548101,0.7561633437131369,0.4205435489255318,19.087216535790695,0.17830847152515766,-58.77947251964055
3.4264257149343615,10.283355457730465,0.801092869260566,0.6669235912114007,0.7183027442815982,16.89981723613868,3.0218604228516575,1.138235138317569,1.3524168580993572,0.7154235329525853,0.01579329608416879,16.278290504876562,0.18002311643902405,-18.608836324212504
3.4377990204031224,10.46267809774438,0.9816292795896324,0.6502041398854441,0.7267817255200258,25.287929439813688,2.690036526305708,1.2925507904393267,1.1485166061908374,0.7114287496363656,0.364903710007247,14.665238632395061,0.1506103701078846,-97.68054825739353
3.4233490401086435,10.418088021598168,0.9885001366781689,0.599699212879815,0.7096684879485385,20.022720486406463,3.0247039141855048,1.3519865546901717,1.2673980844550463,0.7647217400822994,0.3287514985539417,25.727128837445772,0.1778896732400127,-61.319130094142245
3.4105211210651665,10.73405680741154,0.9408079095835992,0.5850071709706255,0.7642963326932121,21.00643638757698,2.8060451952052468,1.2504323324030808,1.1083710992040843,0.7266194103585999,0.05825342346380948,19.534848748478456,0.15127357866016836,-73.54913909818563
3.421995451443165,10.531620710132142,0.7820043861218775,0.665138152392025,0.7706353377711097,22.556199902728316,3.0903724013061433,1.278060383825357,1.11182150573539,0.7881793956168934,0.41367490108852933,24.139437849397936,0.2001763631843157,-59.54030510011776
3.4157028195337142,10.84645544438536,0.8432517393500869,0.621610341983458,0.7091304124415684,26.839954266738392,3.150577229742831,1.1041681536644565,1.126456797181219,0.7661994026346749,0.49005617256185013,22.43539869050342,0.19968508916063438,-25.629191513492614
3.4319332496583823,10.049776882846682,0.852419605812789,0.6609581766965228,0.744529496639538,24.456327983436857,2.8896165160687857,1.126461717066273,1.1157337210414047,0.7175951627739042,0.3448531042970127,17.21659602366473,0.16945856092803163,-78.95043058397518
3.42575589563873,10.561022126330208,0.9473212873231033,0.5707392072975928,0.7430527205350191,17.598789925209143,3.1766682453416744,1.3210029779315386,1.1480912225834963,0.7267494472866786,0.04177239345177278,15.437728632306309,0.17124257820792446,-123.4206706192719
3.43072351398762,10.089212410589127,0.7027905706072561,0.6901651025622594,0.7596583980504474,18.577706625899435,3.1230752136112274,1.1954665495444998,1.341698698867503,0.7091386575219687,0.22760892005476435,24.229493485478702,0.15403540829850826,-16.72034460577261
3.4192494382326126,10.825762762350537,0.7677013789858801,0.6871833443503725,0.7737458575846604,26.450628188426542,3.0084807135410654,1.1246888460949498,1.1601355611868638,0.7758370827672192,0.09988213250919684,18.378059489776117,0.19626505438978267,-68.3860345913788
3.415690418893061,10.467760758762408,1.016886933822676,0.558598971838868,0.7441505585309612,28.097435322294885,3.2623136726369233,1.2218964145142452,1.217436905864561,0.7915068256579377,0.3567361289485055,20.421881832263143,0.19572926953177064,-13.488507357569333
3.4114747930528866,10.396536135073246,0.7450868024014169,0.6670851085651,0.7082422943710676,19.41861119199268,3.2236944744217984,1.3089263162252478,1.3170057393222316,0.7684566257678681,0.4979544367916375,22.14069704984015,0.15648467148977455,-122.68792031559157
3.4161552352581466,10.06747353244448,0.8106381914550185,0.6419753529462753,0.7593740331918396,18.13685893233382,3.2123882535160444,1.2111769114726019,1.127498976408093,0.79031010188365,0.4709114973397312,20.642041137511853,0.15139961498412632,-34.14827552869865
3.437359195240265,10.38448457622377,0.9257497125514491,0.5847423344934224,0.7002384737437333,24.066370525331614,3.252084159667723,1.2405796719032893,1.2624522747437077,0.7447513120351407,0.36455007315039256,22.930907321935727,0.1578324097956023,-103.61079086420202
3.414180399486439,10.505544517257805,0.873933421247835,0.5877637107383284,0.7105079220773657,17.367797770292057,2.9127853376353814,1.1300607607486866,1.3636935807257327,0.793530801073731,0.27338706561608156,18.98894877543745,0.15501000646302998,-24.029697115315003
3.421622945176531,10.381495821304128,0.8132459924548214,0.5461985174260255,0.7283636001635577,25.174336181478196,2.9124439987255366,1.2699136126796027,1.3676694429329552,0.7541804549490346,0.018205838644546047,24.91918288012498,0.2157571386014002,-105.74611375242773
3.4310532217021774,10.463544987213576,0.8267064031876277,0.5646646005120505,0.7079130951970088,15.58250251014994,3.236685736448173,1.1692695191391722,1.2647538461499734,0.7050116094990351,0.3415103094894584,16.048104434512837,0.19262948133948732,-36.39442265103857
3.4285911412655974,10.023640800839283,0.8978355917773161,0.6402856840383195,0.7505060010045028,17.078997214897445,2.673152239016693,1.1691658863801535,1.2877174371069486,0.7223209723018912,0.48414979935795455,21.85413494770568,0.15206595976518894,-91.69642165546978
3.429693549823408,10.453736807204487,1.0068747325740754,0.5841529539407787,0.739124446043705,22.789930352854928,2.9533240511798438,1.3702661569522334,1.1562739694792379,0.7998298136987473,0.28562799189183463,25.535353607590537,0.1853896430402498,-45.68271530375377
3.424821794052632,10.651874861183488,0.7390496924046347,0.6400753523922297,0.7539743396038684,26.820756106736358,3.149571362969083,1.2912446747403596,1.1952512377783768,0.7165099725694016,0.25115605833899896,24.80080483038142,0.18497077773942394,-72.47581954357695
3.4261363247203893,10.372136609014753,1.0207306152742808,0.6632063011470611,0.7047683360560728,17.919560544148517,2.896921120754793,1.3483958891578085,1.1980881458623824,0.7475048142803987,0.2231573241860688,16.145456079316975,0.20288741644973568,-90.38166613345899
3.4318384621949463,10.204088428608811,0.9469276604716215,0.6073746369667743,0.7378922875427268,26.752294094387555,2.78506328350397,1.1217202900392593,1.1269190285281194,0.7727127214664172,0.12979936514290952,21.88587437743847,0.18485738576229027,-54.737134022721605
3.428029744206265,10.032779640755145,0.8366023228025923,0.5797135048657913,0.7088847118640671,16.583697464228457,3.264091699675645,1.1355279912044274,1.1448686752821655,0.7574466034026132,0.35040438856353046,22.285390945376854,0.16129439829883763,-54.35738514887444
3.403557753473044,10.081305268665705,0.9429020407898852,0.6113853802869137,0.7796705790024725,16.765734427906388,2.728702074752523,1.1018572126948953,1.1226461059024704,0.759693814231776,0.3763624798318975,22.30158644642811,0.179196745728596,-4.186185921644764
3.408670058681464,10.767578812608464,0.9351293570105346,0.5757161991503518,0.739640255400899,16.150262949974824,2.9987830670656233,1.1639934464353157,1.1597049600857057,0.7467907231694334,0.48165240774145923,16.69683209835837,0.16678649581711918,-44.59975226853473
3.4106428919222935,10.110548980179923,0.6821078928079748,0.6764364570453606,0.7705458677243637,22.830206512216588,2.933050650228111,1.1338760800394498,1.3470645423410845,0.7822864080889141,0.21523928659333005,21.315666401970713,0.16449255423034334,-119.81906326152198
3.4288802901461732,10.486639533907221,0.8528861873454073,0.6194738232161804,0.7568827301257013,17.064966428014703,3.0783135296260657,1.2608422522203884,1.3737653733379436,0.789403057965431,0.04419207363981312,21.15532961552266,0.16110975385756846,-106.7674473939648
3.4347114888962604,10.391051003486245,0.7392021337402498,0.5648972153390932,0.7037762302989462,27.043613300559382,2.9596894221857672,1.3838504367950488,1.2284075288869296,0.7689059003502529,0.3740387504847608,21.445549043709242,0.17620434236865315,-85.88527839138031
3.421337204041277,10.552231258077331,0.8979458040863039,0.5587249297762008,0.7491348995896115,27.044677787482218,3.2137556194394836,1.136464777176908,1.2121602814123023,0.7803369983775255,0.24466253858368114,19.62965940072502,0.17640264237336234,-5.163268559794105
3.402517477576174,10.329122986147016,0.7914856107303201,0.6546984333286339,0.7383751980780493,25.086364999960335,2.897544849047483,1.3221083749027183,1.3376896024658385,0.7549552510979741,0.33970423040166997,23.67632848390597,0.20692864465949828,-77.37428375113772
3.416818081952748,10.432494947673861,0.7615239009247537,0.6933355755500366,0.7751462387276001,15.369246943028637,3.2103487870433227,1.2991830692635697,1.3156567853205265,0.7826828978135535,0.18039970752963103,20.838875179348577,0.17145852023028554,-24.642782528789226
3.4228342910912772,10.336699556057185,0.7587276795338083,0.5670219910246697,0.7033435174745163,27.216941783385305,3.029238515186145,1.2671352009948795,1.2076851543904101,0.75711959655152,0.49643965646902577,24.681449200832184,0.1657747013077464,-122.57394209888426
3.406473935849819,10.47232901101295,0.9912260886120405,0.6114108978676429,0.7697124940546143,25.0182638518886,3.1709271736317954,1.369632110697316,1.324904610862167,0.7771816661464912,0.2631368534883018,25.212749376401526,0.15144896918429496,-10.19106724037053
3.4248767978662733,10.06734152993254,0.9475986035301864,0.6968758660406736,0.7247490132009538,19.344903913103014,3.110226518976457,1.336078950789646,1.269547670991647,0.7474497292371239,0.04938823951965968,23.115356149825267,0.16741306170687115,-11.152865514564056
3.4208155148240476,10.106787285816084,0.9780373492852916,0.6355236547350172,0.7383150884411096,23.793767842702003,3.237699521171004,1.10624570600203,1.3427656220257758,0.7713179730239693,0.3419035863109249,21.12345858398504,0.21316022135072554,-46.486664461888466
3.4283418563039842,10.83395856083197,0.92194065777552,0.5737777460906992,0.7404220378423977,20.44010602309991,3.2676426245092856,1.1808481612557442,1.1347724117452225,0.7450887714005259,0.03936293344574851,20.40678096762824,0.1507071736764804,-75.45519307296811
3.417825010751291,10.225832611076427,0.6830320494081521,0.670683779234943,0.7639906886601803,21.64282765654505,3.1421675841683556,1.2493100524832352,1.1401372838231854,0.7502442086272418,0.24686773999712766,25.961120208582926,0.2102308899558183,-113.4722179612197
3.434817859974566,10.263390471498392,0.9414625754951886,0.5534618359389689,0.7703572477094657,25.49364827965242,3.0798140011110933,1.2540718875135068,1.1971355587432007,0.7261735296555734,0.22428091187424787,21.02262784884999,0.1737308765169863,-46.046986448184384
3.4261861607618056,10.300686358719766,0.9713433642235835,0.6549301411182741,0.7658932313079829,28.02810699065207,2.9163461776570636,1.1218894209027583,1.1521235805862164,0.7681380831041567,0.3069590653644803,25.796255404904493,0.21925481230375643,-78.7599914166349
3.409793684691476,10.347099167304917,0.6965118562598575,0.5464839768019268,0.7439438984597135,19.418859602544483,3.1629213939325163,1.1042446161339965,1.316362175531452,0.7695686316057645,0.4717768511902556,24.49775834252866,0.16306032926445682,-34.63500543504978
3.4266373188950814,10.291173882758283,0.947152312861703,0.5448482275601277,0.7289000289558044,15.475348827181866,2.748445088453052,1.198942489592165,1.3326506038107804,0.725071296715494,0.15738439857106307,16.914270525429114,0.2185720481331359,-50.07603189873279
3.425831806243114,10.032572262503283,0.6761999640139591,0.6070058903435741,0.7411159140498061,19.472012771054317,2.947794981393479,1.3321536177392468,1.3746209316402636,0.7570409746582712,0.15024470950135893,20.375888066683462,0.18979374299804133,-78.82645266111712
3.403677484380948,10.239755584801042,0.9727839589127512,0.6439583461060625,0.7173116822120726,15.899557261860911,2.957391608314243,1.3805431265947896,1.3181964061485756,0.7282019146419964,0.4455853063783636,25.908696099868656,0.2038170511278853,-85.10795131850409
3.4055952831123864,10.625706203732,0.9026606311372538,0.5864263239822057,0.7344670843316522,23.402502244345854,2.645240411626538,1.3545467128561612,1.2894105729385705,0.7570337066919817,0.14862830301811436,25.118535188101287,0.1802872267648602,-8.512307968337211
3.42681637318717,10.667487359794812,0.8957552384767347,0.6328901692578437,0.7380903821810785,16.98309923887883,3.0627002397698875,1.1009278971628447,1.3891733520609706,0.7072628629840716,0.03760242311222449,18.46185635589653,0.17678278738874595,-94.64160359656768
3.4177454351886962,10.6875122834975,0.8401277096959547,0.5469551884371551,0.7278173178208969,25.502038085831398,2.917441148025859,1.2322931679054736,1.3649166214900326,0.7062261395934508,0.4916980341202847,22.580797734560676,0.21774974162123134,-120.09824704932437
3.4280162985690117,10.879711165521636,0.9357702867185551,0.6383825200194787,0.7092524775332052,24.10994360679846,2.649893722768578,1.3746734538103949,1.2236286464065482,0.7615805900640424,0.062249075910915955,15.011996713627935,0.1558018569956816,-49.766512291670054
3.4383066989387974,10.795739943204419,0.9999901245206582,0.6139694001568787,0.7274708685931993,20.75751736058353,2.8864460300827455,1.1217742155964827,1.2327406183528462,0.7987401865010548,0.44511662923976064,21.353874035867477,0.21202267595708668,-23.550248133792834
3.418755937183723,10.796851975981744,0.8907203833742291,0.5919161787752628,0.7273020892116296,22.949815665548325,2.79928643415242,1.2356968564237787,1.1219147387945894,0.7690193631583215,0.18610564400510216,17.987309973196833,0.18580496546791764,-83.15820091063944
3.4062299830311766,10.383158091783807,0.958397151419305,0.5722602628791337,0.7708173815074448,16.55868934620326,3.2687369718467583,1.2646187603037435,1.385958835349099,0.7552017516949857,0.008958037949011122,24.871786645880583,0.18220053846120074,-117.940442351268
3.427592679192855,10.33404671602677,0.8388747181351444,0.6695529823603659,0.7376776433494853,22.28002229532528,3.2147829100051597,1.372570261327015,1.1408128241460613,0.7614965266669552,0.31768751662248634,22.412595815601158,0.1671968497859279,-11.407135766940229
3.434356297943272,10.530236296917264,0.8326138387595552,0.5964903489876584,0.7159028861039921,26.728961284732257,3.1014867503274823,1.3217733378220462,1.3302067243781333,0.7337545430097315,0.4104668421472614,19.538433111910326,0.21870785964475242,-23.99748414494877
3.4010179705902757,10.56057971657426,0.9759230769736836,0.6746136536707144,0.7721615928738919,16.054523568525855,3.046374441691717,1.298039679063479,1.3860112322927458,0.7393779865765123,0.15719424527958345,22.649960753176636,0.20771521958407343,-61.5789333069488
3.4378719093946835,10.105925157232083,0.8407653725913975,0.6775636019432718,0.7163896855681091,20.508729394259763,2.7638592374929076,1.103592795660456,1.3074085704159155,0.7302422401253759,0.34376496670794343,20.253687144246616,0.15630939589926363,-75.23912986318001
3.4282504030064276,10.77421824572609,0.8108812987618267,0.5864004383677438,0.7719169388250275,23.927560257276582,3.180254119893771,1.3405346222825367,1.3886487977902977,0.7147915546168908,0.01781554631883547,18.630173835205483,0.1888057519414961,-55.71432964851235
3.410311426894729,10.015838243656257,1.0195030027150098,0.6620910704519789,0.7649290289443418,18.29678944841983,2.7166174928278544,1.3171213643483484,1.3888833083612693,0.7072709564966696,0.010690458928046383,21.43141012247332,0.2029635392808595,-98.35923088683319
3.4304651424058683,10.566481626412902,0.8415317891591887,0.6198050358451886,0.7341621330273975,27.283934392513615,2.842821676079463,1.3105785250985218,1.2630707365742326,0.707405507399288,0.4124776020542985,20.11212611791337,0.17979290426662034,-118.24600762621922
3.416936519558674,10.289080021788243,0.7505593269276217,0.5921870789707265,0.7693822342341601,17.401212059737922,3.0507250411763107,1.1518817394652165,1.15246115584965,0.7787806045049859,0.3662816397674882,23.20934849596749,0.179915994716004,-40.53506662813348
3.423419317436691,10.726631949339202,0.854150504416899,0.5628333361572118,0.776514142200216,18.074123537311515,2.743864919588953,1.1320941394872919,1.2020314753801202,0.7257281833011393,0.336245931020907,20.518892916159878,0.15665625838409628,-90.45594521292679
3.4002248105927433,10.068697920955481,0.8658387810777555,0.6301650837008744,0.7201990502122922,21.790039855034934,3.126905971290916,1.2861743092962685,1.3786533360522943,0.7264636005290214,0.45335245650339123,23.36318076363114,0.19946543874267847,-1.5318321786670737
3.4026067142800898,10.480933559986815,1.01741209051291,0.6670532437245597,0.7732390252919301,25.86734194566683,2.768678875470636,1.1093866163242216,1.2958904889170688,0.7219988148974946,0.2960425409990676,21.07555696882997,0.2049561154111117,-81.96067876358846
3.4101199076240563,10.808915644624403,0.8604934832970641,0.569142248700761,0.7084129379599331,22.75998661879605,2.9952644136118622,1.1366521192738837,1.2681287487176247,0.7121293130953371,0.024008327365718427,21.749429800440744,0.20896582542232056,-116.67296730511956
3.4233070507173013,10.639682910760252,0.8251965848485351,0.5418674413425193,0.7502899290497297,27.703905205847157,3.04553478850862,1.3241986287905223,1.1992029543746272,0.7391272815719911,0.1360700478061015,14.055133849909302,0.19500430096073454,-8.464749956054547
3.4006242373095086,10.442355372646054,0.9568908483038543,0.6633906870843466,0.705566317057193,26.657224446749595,2.7228939287765512,1.3853514668464166,1.1408421723030262,0.7221739470236153,0.07321753758365998,18.063421055813933,0.21168428772180545,-55.50250642795834
3.4059434158711395,10.133759203366964,0.726182374586333,0.6451506173654894,0.7580674108048273,16.195668463283365,2.70200240529068,1.3436008882277626,1.3262562840689192,0.7166484104726404,0.1652176343012404,18.95084331559373,0.20311557438220595,-2.5349950735633087
3.402232429909056,10.442047481376688,0.8017940137949517,0.6027414450994623,0.7623629263622608,18.727201055987873,2.746946662266527,1.2400537692291997,1.2138100845090474,0.7878587889230521,0.4009949234689612,22.249784642960506,0.18219731957577823,-70.46013054697121
3.403675014840239,10.607290065412874,0.848896199999016,0.5478090929323585,0.756774801423608,23.393186027931144,3.177343274878029,1.1271579086106904,1.3267483155277593,0.7134050030027402,0.18493391379428534,22.204651223327147,0.18254797994064956,-19.07288280289633
3.411261233289176,10.062658233121317,0.962360816593788,0.6998811100177026,0.7180623135172817,25.38578453720138,3.1859744388654128,1.311907325048689,1.2566485040835456,0.7134200307740797,0.2905669210722629,16.289555016419396,0.18920729187792132,-78.9065231666413
3.4390752735354067,10.782209223166921,0.8789100386175606,0.6582295440594478,0.7756465884086337,20.873429692222828,2.851344051025036,1.2045932020698678,1.3914620448528177,0.7924783136571727,0.09932501041050981,15.984418368583373,0.181605011657799,-52.05135164506984
3.413260615868563,10.218571099330518,0.7530333305478244,0.6848369609267151,0.7640382277899064,18.171699212054857,2.760408926240857,1.1928355327021938,1.2912612621530166,0.7017381247719975,0.10968142675755287,23.697006234439755,0.15175222412018344,-65.4540981430838
3.4206362821337226,10.190760308587272,0.826162503370794,0.6440043818105803,0.7342370441862556,26.726468847204373,2.8424708753502292,1.1959106819814536,1.241715564577582,0.7872639229655354,0.2846229579557876,20.60174183561347,0.17407636144145627,-37.96254447409022
3.4304047111872236,10.218873367083576,0.6593990285867115,0.5641530121397497,0.7276142341894456,25.510459047179697,3.08327804229739,1.3692498474369383,1.2536605870179516,0.751563568605973,0.16439382195052069,14.997533679679353,0.20588398683165776,-89.92467337620494
3.437671448630704,10.087613352706533,0.781359264403314,0.6818697728583458,0.7172974945042335,22.3868942195548,2.953186520544606,1.1698994925723722,1.2406311303741775,0.7655613133211724,0.012711688021677875,16.809118918393303,0.1617888415774512,-91.86809586556127
3.4035349003745017,10.112502545356598,0.8777818761862878,0.6097764642008034,0.7248727450630276,15.884812905715695,2.6978486679397173,1.3411371506000909,1.282580475796569,0.777615600256593,0.18580634452190367,20.152291628210243,0.20916600411355718,-115.55419669008191
3.4143891014862042,10.459084223849391,0.7998219475922759,0.691015834575148,0.7326414310678275,22.223326342694513,2.828635224738379,1.1209973831826319,1.271853870430772,0.7632469397005331,0.08250043151560663,14.137877184071167,0.1825632236714626,-40.1794774511272
3.431707234273332,10.150772381602966,0.8590213266505736,0.6024199397465636,0.7697780104896116,17.52198367873337,3.0813419942976608,1.1645355872959673,1.1889725823636639,0.7393883945343862,0.10306771024311304,19.405805257049508,0.21642745502907498,-19.207028986122012
3.4254362626134047,10.314306981153235,0.9429931233602888,0.5600292016358019,0.7327341633940664,23.092227981825893,3.2053346731452184,1.1131784727687215,1.2867620008008385,0.7284584082131704,0.417055829868038,14.384347622499421,0.18295951587472029,-13.502214772959675
3.414545199211496,10.339633269155485,0.9909687140033236,0.6487384746794823,0.7712722971542207,21.903905511145485,2.7308215208087963,1.2390046853164551,1.280340418630402,0.761103959160291,0.34533497176459116,24.215726258271427,0.2036974700397053,-80.99846701170097
3.4315350777704845,10.625669456018528,0.7952974934018192,0.6232721555340957,0.7113445275472191,18.89719381022096,3.1185135860870243,1.2665847983945349,1.2885377371399849,0.7675827970553205,0.006156778147013128,16.628167827629294,0.16891658405578677,-49.68653480218906
3.4309339814803357,10.615944394656198,0.898362763223397,0.6227264349839939,0.7384132097584397,19.942554412828454,3.2197426988372566,1.38000822716997,1.3749718737907888,0.7573336137127957,0.10121368374578375,23.657238672150818,0.18396705824145376,-85.0960240506129
3.4212550643601904,10.042264469140232,1.026543607695035,0.6163252879011333,0.7277963521908448,17.060795846317784,2.9552409922175675,1.3884688215766139,1.140370687122959,0.7437813360028375,0.2669987165025341,21.596855992725853,0.17336770491057737,-70.08481728309333
3.424745586010518,10.548036298407107,0.9261004431541051,0.557866936603204,0.7213922790482449,23.637222597810297,2.8538036608261916,1.1808606848371208,1.2253024376196624,0.7834152194745321,0.3613521367430401,18.738651135208002,0.18433893675742674,-41.33306668196694
3.4120941957929234,10.744516451706614,0.7878839228604839,0.6704711032746553,0.7417547913329139,18.57283866875972,3.1739405573364916,1.172271040609212,1.3341071382525007,0.7368854446721922,0.32962121394064464,25.306974353113276,0.21988708118004469,-75.05346526598439
3.41912934676455,10.685750033880648,0.6631875932532864,0.5475599693338575,0.754720023636353,22.30922034288171,2.847893110044937,1.3541340022741242,1.3050135342903684,0.7598651138005115,0.4774205160072546,18.448490874944596,0.20732315294617032,-90.52054351469272
3.429213855090025,10.283076708404451,0.9293124542623701,0.54104361711087,0.7153814376590619,24.19226989454412,2.888263197734858,1.3696738617264033,1.2443329867142021,0.7824678251019389,0.4655626551417866,15.692291664604358,0.18290489112620906,-59.701531713460014
3.4178625340087203,10.530808554129969,0.9926130154152645,0.6981215633818204,0.7292140099847869,19.51906248431041,3.095902927668752,1.1493812260127254,1.272875678988346,0.7068161812695964,0.3550291035995784,17.333780735809366,0.2040443711612881,-118.46107912583821
3.41509998023685,10.788167223542034,0.9658926831421799,0.6752204514381014,0.7607898252124089,17.85084539112429,2.9396422288175166,1.2951192276684806,1.247684940404263,0.7216521557403998,0.2611015317361426,20.490091381508478,0.16118272879320855,-77.19617356844081
3.4052229631463096,10.272769295556072,0.7522292716314304,0.6083165738618158,0.7154470773260072,24.090611306904187,2.916969208564248,1.2453486203669124,1.2276054629601996,0.7351047930093477,0.20645210739593683,21.043787117396434,0.1938281265092151,-59.17220676766959
3.4242444356414525,10.096057678257578,0.7514064464424042,0.6683162262055239,0.7241129013535783,21.915292930954735,3.1409905108978466,1.3464259148256223,1.2294594328144302,0.7010279310829303,0.39759582189333914,17.50524007555421,0.20971058013843333,-107.83157630706505
3.41264534848424,10.361938992439228,0.6582058188843358,0.6619157553362454,0.7006241259101516,26.370629603065254,3.0418721782096023,1.119597503634745,1.3478898795582308,0.7527786173584909,0.14105802671373266,24.825828284591537,0.21953466203620411,-60.4012716669594
3.4392773547315727,10.70008231012186,0.6845536679426426,0.6166626414103112,0.7557640546359073,27.649653475336116,3.0842206441763964,1.3610540433136922,1.303966769249084,0.711074876855146,0.352907943901483,18.315000478956748,0.2072499087304448,-16.64549021102522
3.414206223437122,10.543142387379259,0.7419376473080634,0.5736502421227686,0.7320062152215792,21.087444710206753,2.6754159128266464,1.130308618153728,1.3753605025551625,0.738661149902123,0.2885290597358346,24.382846116304712,0.17994988460752281,-0.50101465100974
3.4350436428945788,10.105255493745574,0.7122591198541204,0.6796351699477681,0.7039232780099759,18.002510914774405,3.115487314860951,1.1967272809873106,1.1433936881344953,0.7464114964360806,0.35439735755662694,15.972537831704514,0.1871009581854933,-40.56770122684462
3.418323316168971,10.006146239212786,0.6602984103636338,0.5604652427248065,0.7502841109314391,25.65169561932528,2.9068061677521175,1.233744787007026,1.3444148854234081,0.7979715497296664,0.28376784097106755,20.202143786471474,0.16020896966218345,-16.961165913945337
3.41572348223654,10.815408644238314,0.875353560098821,0.5562938918558366,0.7523932265984491,25.542677020360287,2.9190682619195876,1.1118300073651717,1.3308468964558418,0.7005441481415416,0.18986304417698946,22.719476467856122,0.19275899024631082,-10.81459645878418
3.411196526696473,10.84643831503765,0.672495829876099,0.6658646687012744,0.7156477800780869,21.796093235355126,2.921230536567205,1.16953265283693,1.3262075247297118,0.7613906101670735,0.03580720543099316,23.40383787922536,0.15033902046193243,-43.27690396036731
3.405975455861841,10.318049314785364,0.8630890433773232,0.6183444808813234,0.7408006551706297,24.929645392198022,2.920956021447433,1.2446758868906769,1.1556689313803665,0.7848579112515626,0.4358594458378008,18.520903141576184,0.20837736469225485,-13.121451734737008
3.4060824259776923,10.011297008132619,0.7565207386205568,0.6357426097932841,0.7026463935152283,19.380815611982484,3.11328168726453,1.2307275197157828,1.2607824842093578,0.7621504987735007,0.3191491594175167,19.44234473366201,0.20225109875289438,-102.0700575906283
3.4031341765642,10.530862553396984,0.9645300240343282,0.6603841834989307,0.7502396784021798,15.725221577408538,2.8709854272443,1.298128202614562,1.156116015781024,0.7958503395596216,0.18984800777473398,25.427938067324412,0.19636546316497866,-110.56359061895111
3.4158778283929885,10.302000686760266,0.6574357335461777,0.5471212500381915,0.7411491606976058,24.438874462446684,2.7867870803678603,1.3422711450866018,1.3241219129671529,0.7721378203885068,0.13896613231122393,14.9827683478615,0.19113436750786,-118.683612119665
3.417497707360549,10.622233415240673,0.9953697866582933,0.6435667890333268,0.7160320026680871,23.248020073666034,2.9054278695716773,1.285299232465035,1.3777990888417724,0.7072494023419318,0.49124215169638974,23.46451005463264,0.19700855204722573,-60.79465368427627
3.405796535905707,10.567739617968554,0.7636473708076309,0.6093719439883587,0.7749561769385361,19.229147326288082,2.707465978344597,1.1970022187967908,1.3925118677179282,0.7606705896979689,0.27978567227696177,22.797655861374075,0.20770455615472602,-58.122733334475015
3.4115450745794575,10.197362933478356,0.9667300644997452,0.6856134202888158,0.7516574883159489,23.595585834220483,3.123701735034324,1.191484136316181,1.1424275653062943,0.7705705125691361,0.1704191750849765,22.358658876565244,0.15681076358525203,-87.38986558130331
3.4124513441505355,10.451656285449454,0.9424726147720851,0.6601435131921599,0.7483993172295335,20.051884071745306,3.0694633397601354,1.214209917482477,1.2096514330687032,0.7305624203285728,0.17021657936020856,21.002662514507037,0.18029253051181648,-52.153577323517055
3.400024088629306,10.724711155620415,0.9481743056097438,0.6891466189106847,0.7637617959856245,26.58106069183403,2.6526262904417557,1.298222341944388,1.2816271019027623,0.7627635452275877,0.1607875346403633,16.081337745635953,0.20298086116226877,-57.385526321078586
3.4338671335197506,10.372287158581674,0.9854606504815956,0.6235503576519053,0.7022655700883735,23.517605442837137,2.8512532062533755,1.3335857807944762,1.1299649147279753,0.7051048915310918,0.3820773985558349,17.91481170381308,0.1953464695440674,-33.108798615236324
3.4151762666821615,10.528904627411636,0.9224106818481035,0.6848941579196861,0.7359441205076367,15.637798331161658,2.681804219923322,1.3365424066951983,1.1861846579691933,0.797599956994778,0.43325035350359564,17.501331165371273,0.16559686520468242,-93.24003784983768
3.434897934679807,10.469799860000204,0.6516916788729042,0.6758254476753228,0.7632838594999414,26.407000878387915,3.2168054941900364,1.3731080485133604,1.2152386462771045,0.7988111415885267,0.2521455883587071,15.279735021696393,0.17001353021111162,-2.724861878995128
3.431244547155134,10.51405368669408,0.7703658234817691,0.6639189378019257,0.7053286321116629,20.658699604419677,2.7974372410995176,1.1815571815220367,1.239306966894935,0.7309472451639247,0.2370710865023383,21.849162380053727,0.21806283787723446,-103.71615224341647
3.423971437864953,10.710256373240883,0.6510452294110259,0.573239744361303,0.739787552899038,27.746442337788494,2.8494750545810104,1.2497682465324176,1.138572325567349,0.7790444946944598,0.49867474050219585,23.5919721138071,0.16384879430148025,-113.74331297864929
3.4279424362485402,10.24595437010397,0.6613126406485749,0.5465283128977231,0.7678331232645537,20.34770144423706,2.721285305873932,1.2775538864271392,1.3864162643321523,0.7948830236058525,0.05507904501352112,22.77590856639612,0.21392914338912739,-95.17895383708368
3.4191924744461297,10.761796512882672,0.7436924081641271,0.6766476594731103,0.763232156023443,21.08502201355889,2.8133155211953715,1.209179260661633,1.1726579062446962,0.7003806001435081,0.4276274545758212,17.028338463248073,0.1888803784614877,-111.3392331540031
3.4122542232918875,10.383361659767742,0.6681174466129323,0.5412917761951201,0.7534600775983057,24.571005695272333,2.7143376928798717,1.1604748076940947,1.3841574546703153,0.7817828359338461,0.1825570530342578,19.276106171155966,0.1734704789994935,-68.75660371623147
3.4309134182295002,10.158320517568116,1.0126057658723138,0.6799934021068664,0.7787943973095824,18.87401752392621,2.9275670047948488,1.2391228903727753,1.1815456462692357,0.7390442349239206,0.49518123528815444,25.144033220867897,0.2177123995202055,-109.98365713728485
3.401854178306106,10.208901008747626,0.7635831761722928,0.6833130216282783,0.7261726542531715,25.036962365512125,2.924146453037229,1.3124954009691367,1.162370308838077,0.7663506797022608,0.10289745774044942,21.76396110537494,0.2153408165440443,-58.87054544641606
3.4351161480954535,10.203482507124503,0.8053549878396644,0.5400493472528919,0.7064092139636707,27.560946716583715,3.006913807455456,1.350496677495063,1.2937644060290978,0.7695393816743394,0.08476162871843348,14.59786530789326,0.20432498444027092,-99.49323589950275
3.4085004027451102,10.26789472434049,0.7001159010141756,0.5412520937809322,0.7306682183682213,16.00203250175325,3.2331220246537153,1.2988693717030002,1.2683229397916613,0.7715758177901697,0.06093400326823913,16.37234300446424,0.15126310021418002,-31.769989165870612
3.4279083203422513,10.342530283482228,0.8278173062649186,0.5650345460203061,0.7413905554042481,24.01353518782185,2.7787249369411784,1.276085815014581,1.2159387743296761,0.7366627391866949,0.48425250176440954,16.96767044210645,0.16064076418464662,-73.9524130975577
3.4356391817095537,10.457410102130392,0.6983335441566051,0.6781449368814016,0.7683971171019657,20.898361030202036,2.9915013364075205,1.366549702207387,1.2529056415224948,0.7719979848367176,0.47072983197740376,25.576663658521014,0.1630467950756217,-48.913062330414164
3.43762930563975,10.491136250397753,0.733109822737685,0.6350959229071464,0.7287819087535238,26.48178793465591,2.6798333245631434,1.3005706397962058,1.234498725944634,0.7610345109096751,0.466318551107018,17.761495033031586,0.19670136523260767,-104.31413511470384
3.4074256135973267,10.870049073117293,0.8911985234614469,0.5949531798839072,0.776271889309992,17.467427357659282,2.6405745003139343,1.1776919766615863,1.1619197368189542,0.7817331589508254,0.4657811017156619,21.74449339262916,0.1531812326391789,-48.968305455249634
3.4352247568491165,10.571400055790898,0.9628285413043689,0.5789954233674217,0.7447622554727322,19.397414300434246,3.186793735426573,1.3454840030015753,1.3544736408664872,0.7724175260701618,0.3016926359890922,16.822420566527153,0.21752213230620054,-90.97803886043789
3.404715088764692,10.062508094710088,0.9672764094299733,0.6658724292159164,0.7228329015767321,21.408832632441147,3.106521007441407,1.1539708631624672,1.3930631285034303,0.788148284231143,0.1761001341862319,20.960846068420814,0.18005497026940945,-120.43682938852734
3.437763318829596,10.317093109704697,0.6651871411121348,0.6814926759412065,0.7077017765169927,22.746815661406075,3.0011963654798715,1.3729324077428147,1.293941752882292,0.7246679236917999,0.47854571470132584,24.87440561192621,0.1787884059997198,-70.61266431981014
3.400936407661699,10.815495498283589,0.9920834702084473,0.5516881232749961,0.7044549215925713,17.385311775918012,2.6644188698331694,1.3099244387574327,1.3497829140608322,0.7616547479047708,0.49189385631549964,19.156058379201877,0.19798492960041164,-60.97429263944232
3.4125392587123993,10.140015921874046,0.7783755940844462,0.5657477669482518,0.7667488242417733,15.636949400165696,2.660292690821032,1.3725259158128358,1.1843136519002915,0.7855638023190527,0.3527570579453634,22.681325293969312,0.15373795206591154,-43.398388175875
3.4127268385757317,10.671359191747392,0.9576199702450539,0.5417906375517791,0.7747081187754778,27.014167268419108,2.668116545485475,1.2568032505942057,1.308184298429528,0.7810318855088907,0.37315907083538064,21.128774662820547,0.17512826837479364,-54.29181245210185
3.437982002399187,10.640721496935425,0.9029432726682034,0.6275903730902029,0.7617535245267321,16.17035699860815,2.6988513313133122,1.2130748621281242,1.2019693290642748,0.7135212457297399,0.3387261476558512,16.482981528442288,0.18050299165433178,-48.77130076253145
3.431411819346883,10.588535300107024,0.9059383235885792,0.5827440647402774,0.7211619183266371,24.77219477965304,3.152889124784564,1.2965718365057,1.3923319614056726,0.7423684875894094,0.3447018332952234,15.865609089935099,0.19789052465621457,-94.30057740007537
3.4386469736256244,10.53248011840083,0.785267715867199,0.6960400755301671,0.7136592127907422,27.242593054971433,2.8987004011737803,1.1648822779519628,1.3572403393087908,0.7036889974981655,0.20622091562892284,16.44160919892098,0.20716256004177813,-86.44464422914803
3.4136099507915274,10.475891793056524,0.9282548879879317,0.6601884887115442,0.7290554925014813,25.403127464351485,2.7171490655610313,1.3591429841793552,1.3977832949457039,0.7295335974683216,0.3207605108901054,25.761742634902298,0.21368030817370182,-14.967618274257745
3.4315297936226905,10.096407417122217,0.7967057135833949,0.6697681863961378,0.7049717654753391,18.013215115720378,2.7375985491236468,1.3369506720899629,1.243230685308717,0.7729717032903436,0.2977942053220792,25.303881914350214,0.1899828749936453,-54.5165547151058
3.434433994372963,10.843023672091771,0.8122217140292156,0.5630772485653146,0.7701198122972137,24.60438172805573,3.2213978932117615,1.1666997752852208,1.1223771286909119,0.7291362303062111,0.20041660869321687,25.792634090588788,0.1565443557237387,-79.60872183678114
3.430791156838774,10.414215485889716,0.6571360345833116,0.5622815741888952,0.716463241867884,28.37745978419843,2.913826348608829,1.2800502097570288,1.3435097064074872,0.7015444267190736,0.06524563880090058,19.357893806976257,0.15918425627604837,-34.098991204818674
3.4360031665212842,10.655928657988788,0.9304306091316569,0.5793078508704144,0.7099491888417572,24.482233715578406,2.749618131991882,1.3590617147023494,1.2441656798410958,0.7389642747474423,0.4145653442498656,22.53210126968021,0.19876305006452472,-98.18338091511235
3.406065147763852,10.63840984212242,0.7973730425799909,0.5715879064053405,0.7618468120211035,25.31136882362985,2.999397843568333,1.390919207488432,1.397367756900582,0.7315894817639002,0.17733754784085062,23.396475646521417,0.17648209825051817,-53.394550101204615
3.409167919933807,10.112247246746774,0.9818604925295683,0.595718693450539,0.7471268443134574,18.520716300840974,2.859913432869064,1.3097657733189012,1.3568331119000863,0.7537145041766357,0.2653409106670472,20.69627605332225,0.1604163031418185,-92.6845872351283
3.4087153502263234,10.285423693060421,0.8435218970203772,0.5932745778778735,0.7195047145669153,16.464430986940197,3.1229612325548093,1.1740535535848218,1.1099338605752602,0.7972191189021073,0.25958318667004404,17.12285479337955,0.18509166674695546,-19.32152693527874
3.4081186326387134,10.553488757520679,1.0248480482870865,0.5761693095040278,0.7625466235885303,15.783753473970208,3.104515925137984,1.3821824381031076,1.1519686046059958,0.7683939174951444,0.45178773711278025,22.26274102046792,0.17370408694051107,-55.39388443186276
3.4372226447124548,10.222113865330192,0.6647313100730139,0.6801810653354606,0.7147606285844944,21.23516841063365,3.0057322811021487,1.3978492142596086,1.2202037879126715,0.7469600772275931,0.10512118231015498,19.185561620513752,0.2045186138187837,-86.466535747058
3.4114230555549194,10.777843401905576,0.6731725814571705,0.673553954255805,0.7781501371811735,27.923633181832223,3.1689995271127573,1.3257542515518277,1.1006323574237813,0.7954557348445849,0.07764291700157977,22.287574484211355,0.20255288345452205,-1.9031968334416831
3.4058005856775537,10.838581613556945,0.9498212813669631,0.6300355531940289,0.7410194315746231,17.213982055893474,3.185879849475625,1.362600726604135,1.1378181217662455,0.7247526337281384,0.24694051707199727,23.92676446845595,0.18320365107980224,-37.46847868304695
3.416755354587554,10.509499798541446,0.7302676574861166,0.6610953261383934,0.717832761520098,20.615750388576913,3.060068065106892,1.3060509378477865,1.3936895110209315,0.7072098484456781,0.07013789266373796,25.23465856058909,0.18875339507281452,-94.39585935778425
3.4365473816793655,10.36400386687898,0.7503485103166307,0.649272477923649,0.7677859208043797,27.620906204400747,2.7865716927896775,1.3364828428119826,1.2304926916462553,0.7541546690911627,0.08133742965323504,18.1072522785579,0.16372092665131352,-28.28271034017952
3.4259153941232365,10.565181462731694,1.0070499223147396,0.6966049233625352,0.7084025788300546,15.673272538620475,2.9665752395218217,1.2034498963608913,1.1507520186796873,0.7466620527643401,0.45517631021534716,22.25712385486628,0.21645377406022384,-62.66906716049659
3.403512375554124,10.388539079152439,0.7686223662469329,0.5670756085641981,0.7593455830035488,20.164135543308944,3.1593878479862703,1.2815401735010055,1.211006804871455,0.707854727362717,0.44118457645615045,23.987963424769355,0.19426573260515587,-10.067603250452208
3.40760576256396,10.23301149370583,0.7210956817813785,0.5960281199205868,0.7744450402478675,27.506704746333146,2.7112642174285506,1.2500133200461998,1.2081296586719064,0.7135379482154804,0.2640901551714602,18.359311128674555,0.17985747098184576,-52.82667043123216
3.411061883072613,10.588912642185948,0.9365059552639802,0.58864544709081,0.7344294308239173,16.714009250533675,3.12965006794572,1.3942176044039956,1.1295768724133093,0.7940557225154528,0.014486287917313993,20.901450486339478,0.1654900841175823,-103.31535819283462
3.415422372100438,10.875570019347505,0.8935753020187078,0.6922609867284467,0.7518787416187068,16.881383370931733,2.894858404065785,1.3779652697236011,1.3247015845731207,0.7339815972105871,0.41491529409852407,24.725939109930252,0.18704757801330985,-104.30446486627653
3.4298994583334514,10.8593029600765,1.023216671674792,0.59344088881968,0.7772625977758368,25.504626371982027,2.7759696657715214,1.209249360059211,1.2050075807662415,0.7782692846921645,0.1299706544316083,15.767677988074613,0.17624632584136188,-121.13188089979553
3.4211020407178716,10.798673006585329,1.0098095642037634,0.5435914840672093,0.7089346802379569,15.652645028663716,3.1031729623089133,1.1208251348949128,1.3733039589715919,0.7922617438226913,0.3108643653577921,15.264831385140054,0.16358033702622748,-57.85309026687929
3.4215283016380207,10.58678857052896,0.8569861748783083,0.584037931224754,0.7780189338094721,20.04517270815464,2.7945925369183238,1.1516201712891991,1.2054160416138318,0.7070555480098033,0.3663691048812749,17.507750690182764,0.21537071890087617,-30.686128235926006
3.4091763267647863,10.059151558370486,0.7080689070172336,0.6430904008370495,0.7175607780053321,28.319891236130296,2.6416386473256375,1.2071037624961545,1.3954326811757056,0.7927531664997085,0.04870248139472181,14.519894053853179,0.1617623498360175,-10.163310013950309
3.400205574450102,10.02976566425501,0.6660143841329588,0.5403179465864127,0.743379238096387,25.707162933151153,2.669544411819106,1.3083987580581968,1.1443452352479664,0.7266902929745785,0.4312219106581544,16.746220226083675,0.18131328498498486,-12.483088290430345
3.428313676126862,10.892674777131457,0.9773231910219111,0.6839660347419939,0.7551837303857947,19.14383084540021,2.712432363785662,1.3557061457795268,1.2208229976964606,0.7714088653717853,0.40512549248971486,23.930932378173026,0.20531681554353026,-119.53584821149741
3.4279233893044974,10.450615592745349,0.7122337784803939,0.6234626552438256,0.7408284734432613,22.433926854780253,2.6612548766925577,1.185311618309763,1.221801774951779,0.7877769968987932,0.07145914619181598,17.71262326715407,0.16634357037320327,-84.60520853915389
3.4361541069990627,10.494341410277029,0.8383586841309711,0.5572804725139469,0.7658086298951492,16.35303533137603,3.240875973891597,1.2050719595034765,1.1179610075281008,0.7094517861184607,0.13342013422033655,16.37838403530961,0.2154156559079441,-83.95849400578892
3.4226936428626296,10.523056394446497,0.7421505314362508,0.5984025311862191,0.7500585873757901,18.494116346634147,2.8433894647568763,1.1837318001661203,1.1349828023214241,0.7510188681687434,0.2947561125699727,14.015591785913037,0.18505786138242988,-74.17545015100299
3.4327848330770285,10.732006832595424,0.8735759736953466,0.6652574296145888,0.7097149038999582,17.5856667778312,2.6427470963606474,1.117034618876932,1.1941825454659638,0.7643175233882192,0.3412782468103434,25.480398847271783,0.1512129323916469,-18.90317188965639
3.4189591321686272,10.150558453704644,0.9377685428083492,0.6856232587382489,0.7008742922920705,23.196546345545773,3.08409966373173,1.3287699578228982,1.1509651367992677,0.7329043207028952,0.11019451903951945,18.481997407552637,0.15151576762891591,-107.93414475169675
3.43380186775116,10.69669224830146,0.9151944178767573,0.5946414316811431,0.7203641345014479,22.47645614512585,3.220669754298847,1.3508349759250577,1.2823146618476047,0.7936784140076423,0.05833950175872223,22.385821608618667,0.20525329933400105,-17.24653114896158
3.4396774130403696,10.48282380973928,0.7024376100770231,0.5619640055748011,0.7707165789449909,15.307265128325767,2.725244240194223,1.3010268647112435,1.3427026243704594,0.7497319037591668,0.09254322212005688,20.592800640927074,0.19219008830520182,-31.667244835653037
3.4026342790934088,10.840072186341976,1.0152023651594315,0.6367986759413999,0.7772039040368953,20.73689103997225,2.957149296286779,1.280394564737811,1.3062664610868313,0.715983129921716,0.44977104510075766,16.58722089341725,0.21162753767907302,-43.64972571577215
3.4394286405301173,10.17731161101336,0.7299590996528967,0.5985574849553297,0.7718971254727572,27.680039349888766,2.9643440774273326,1.2068097045007173,1.3699158187375513,0.7341357051025483,0.22814129788189585,20.094826462017387,0.16088488355279001,-20.41677852216702
3.4285985363375198,10.042489321976523,0.6801897787794304,0.5811935793327381,0.7097552955138516,24.329858599770425,2.6769309213916164,1.2144828877008793,1.2026873450189197,0.7764579751590603,0.27765241182289674,20.60329373943901,0.17021294901758183,-112.29772361022029
3.4131991859974846,10.03022389546827,0.6781552141327958,0.6525161059376866,0.7105699194177293,27.336208062330783,3.1756835832011094,1.3447659810118486,1.3202048496895076,0.7212279741437945,0.18481921574110446,22.677046023586662,0.19353577474265699,-10.468929705525866
3.411216624377432,10.688841041790365,0.8782877271477155,0.5868296362730141,0.7395903976545161,18.4438784848916,3.084289649058874,1.3562588841243421,1.2273851899030688,0.7886475272759802,0.07778072874092833,16.59226081575534,0.1798386461112824,-23.721877869411344
3.400082210841146,10.87299602829442,0.6549445193096975,0.6675548761678938,0.7181039083934673,22.89488379132038,3.2063012980146697,1.2746975717952553,1.2518567582587556,0.7690460215788093,0.3922691165285465,19.572080599162284,0.1618708825090361,-79.41099709014993
3.4020252329330027,10.69276128041215,0.7767643827571435,0.5692823973142718,0.7183924027716256,18.26013767157713,2.8244985832823235,1.137036135124271,1.2795512744620423,0.7618840752302506,0.04195074761377863,18.337430181730305,0.2173262394336687,-71.67611479999363
3.4207534191588134,10.462318761707925,1.0205745865273754,0.6123364675065477,0.7110611071914623,23.734637320635102,2.929433829943019,1.116422005421229,1.2551413889106904,0.7485753317260575,0.49172035479517473,25.696374938395316,0.20340265215454764,-97.28676915914298
3.4223887292229085,10.408123912615038,0.7173758961673407,0.630462895799966,0.7778305093120208,21.599573297992087,2.6782391793623157,1.1049869307376827,1.2442860381493224,0.7520703616774795,0.4314966597509185,15.930434338013526,0.1571796543972429,-16.166197614475237
3.4279514445121224,10.621613060077847,0.650343526371658,0.5745581447937038,0.7398160113949215,25.149219117143787,2.7881330695805966,1.1705941567729818,1.2594904244712735,0.7259334936671673,0.21886376681325623,25.709397114098437,0.1667843702152173,-17.12493433053774
3.4269033675334004,10.17489590081999,1.0004912422816339,0.6143076553592022,0.7085556963487039,19.95570322941943,2.873785612092237,1.1073423419258994,1.1390622149763439,0.7892618129738155,0.41156998377047593,15.510175395352372,0.19600241517301403,-100.27428792942771
3.411713492777162,10.691091978635097,1.0162380109733928,0.6228042651017067,0.7688528811778378,18.12112410024726,3.2091517006117813,1.3712871592937699,1.2874065586846735,0.726548229235931,0.43314119570649856,14.882090339184465,0.21300235461372113,-100.67108233564294
3.4153231246815854,10.13079348681142,0.6922380851487286,0.6262316510074712,0.7273777084809159,19.05097536580075,2.7168331780454076,1.3116495956610286,1.3081231626227499,0.762741322610339,0.21729034827315877,21.42890072393601,0.15600757100745083,-12.312480761285926
3.419012458179711,10.007795787534615,0.6883582681263667,0.5748652537559614,0.701233380428683,26.456955069617525,2.713973692307952,1.122905499489455,1.2845415544904206,0.7303070918841946,0.3949681818306697,15.805512498427529,0.2103702304903297,-16.387858731578348
3.4044500050408253,10.777415092257895,0.858740162752661,0.6822002593649996,0.7677196875497769,18.732399063198187,2.708045733338274,1.2580822097070756,1.217675898842063,0.772276262876779,0.002155279717748544,24.44343768381009,0.17695738458579197,-115.49377455457052
3.424617067657954,10.503247969985214,0.7156109481595714,0.5757445119974411,0.730243120694622,18.560320977972967,3.015551275537743,1.3836776946558202,1.1292292633291412,0.7374843784997229,0.0208576129195924,24.4992564170524,0.1870114127234681,-74.74501241215603
3.400849859028962,10.556116377111332,0.950700210655284,0.5953879752745977,0.7071643929896141,25.21450099591614,2.7739145155313665,1.391817260309139,1.2565111025916276,0.7852189395368573,0.30891261521898256,23.22072617125648,0.19051909730714084,-108.85690997874079
3.4182632987329415,10.025133917859053,0.9699889726145706,0.5712662245709766,0.7351309627088307,17.82376957933891,3.099556245878776,1.21896419008982,1.1663343507726323,0.7175508326624593,0.25270831978874997,20.2449657803702,0.1803879324871761,-56.03933911782356
3.426854218358317,10.26308191283721,0.6697715813430244,0.5689985171051164,0.718634671547418,20.78592593956393,2.836957657323371,1.2208601980274658,1.2105990630921917,0.7496388953400176,0.1675448971877125,23.698218767671747,0.1698488555683251,-33.30350116525253
3.427301105439262,10.24441307791321,0.6563351543001482,0.6857776317694022,0.721979265923903,20.530972870352038,2.6773138436727955,1.3859734529791081,1.1664352363026966,0.7163124314233471,0.3670587091087248,24.2616828534466,0.2121369851941253,-60.79945599127342
3.420778279183665,10.606949336529286,0.7120953743627028,0.6731794279326021,0.7553481560144806,23.91313083784771,3.0715128027355787,1.2957277159964447,1.2800081847506728,0.7393659810483236,0.29454169496186294,17.037383863770195,0.194293957582793,-19.64258569770186
3.4083460803408157,10.284691427983187,0.6667389743961268,0.5401136788358784,0.7708152457270654,28.049611039416675,2.842797676006034,1.2249597540799255,1.3358007191813857,0.7197077580316215,0.10480198492320897,20.83877632343941,0.20539765681978409,-70.14304344833809
3.4302323342331387,10.103424774817965,0.8766984100136699,0.6443677212359129,0.7775718146077933,23.190635928490046,2.947313626497176,1.153746280530348,1.3882154679408205,0.7468680915912558,0.464185530088959,25.091560599125103,0.17673269581824247,-120.84832141357495
3.416553913686818,10.77970628801445,0.8481187016142577,0.6208259154474398,0.7729061220433184,15.680819445125739,3.2592732596050533,1.2526030687241616,1.294173789000664,0.7670677054102581,0.4549601120481677,22.867665261302548,0.20643334527890303,-88.74001344272588
3.428136169897466,10.5030516831729,0.6830980895696167,0.546665068417903,0.7456016396160408,22.84205486021837,2.7124960622559358,1.2739771792756525,1.2706756157931163,0.7509045646209966,0.39413877929925717,16.841627603855695,0.15864386288160995,-1.6470624652200172
3.4129745208564346,10.391444951017958,0.9926012835254312,0.6416751995055378,0.7094652959445203,18.238940519624997,3.023915500007894,1.3420988307731219,1.3212684259491771,0.77281571699316,0.05614105234161742,19.856466235572626,0.18749168853187048,-103.13544444111159
3.434373658276641,10.562759605153582,0.8157949993775695,0.6849788407171885,0.7016287729149242,19.0367738588126,2.920883176883315,1.206697200836027,1.1539950580684406,0.7077864932396729,0.0610926163973695,21.866680079665848,0.17819989673266018,-70.05806508938706
3.4153876044587332,10.022235920019128,0.7602336909591564,0.658744487958934,0.7195138824207878,25.44084132675281,2.9678685634217965,1.3055930635626019,1.2565497742938394,0.7995331324020474,0.18267654920902987,23.8973962145888,0.16696611047035687,-103.40018238134917
3.402949406108517,10.170228292343937,0.7764606335566877,0.6445277621500656,0.7096344314789393,28.189926283523132,3.098701127380064,1.193695254652191,1.2471107398557506,0.7831266356793022,0.4205833681262679,21.26946576289252,0.18496234304879872,-86.26664425828419
3.433002916338142,10.558874469482204,0.96291177464178,0.5406213771679506,0.7427218458426201,28.38441998623948,3.2462523706875857,1.2382256334807376,1.1733715493294041,0.7381763152758751,0.19096991004554892,16.190996579624485,0.16194690380425206,-44.67024724203593
3.407783775188863,10.655843187696094,0.9904033257238294,0.5547472721687202,0.7449886440829229,22.239224818692975,2.8572465096979602,1.1481811217696634,1.2244127860361231,0.7347554217503238,0.2997857073445422,23.73016266645768,0.1775665267803696,-89.66542360974915
3.439241634509424,10.324447268508813,0.8459695103603297,0.5570888680440266,0.716377668154156,26.882914051125784,2.9260949711585464,1.353782983103148,1.3412620974006415,0.7125097171670045,0.22366511225859942,23.342995829057077,0.19357543628097176,-112.23571339399503
3.4249943111048515,10.729104791757692,0.9847918735957681,0.6345269367463269,0.7402987568157906,23.726967377598832,2.86340325249981,1.3588880972807396,1.1417565456667045,0.7495169026108282,0.18498387002631403,25.930471291040586,0.17039881243843674,-83.67839703263382
3.4361991663492737,10.053049300307288,0.6590902583217549,0.6516729218996521,0.7009401888840626,16.60846665175729,3.102688733257525,1.1610186223213108,1.382689536845421,0.7416647009249631,0.21235067479773026,24.311312481574678,0.1671001387648884,-7.112086308746271
3.4181109135816348,10.17834758029852,0.7084783255706799,0.615324618825191,0.7388081528143371,24.03391946237547,3.061856672720783,1.2426656163143819,1.2031252846732727,0.7288737587928481,0.4982922450030442,24.00695647924449,0.21984359688904823,-49.392580224301255
3.401748076204406,10.658929868969885,0.8899604219474666,0.6498105701207556,0.7183353013393817,25.609177719324716,3.0345016729240437,1.1738421497273472,1.38519541316008,0.7079055203317409,0.0346745739412919,22.996918599219857,0.1545756794399832,-108.50348718098584
3.4362484916974636,10.77750327968888,0.8718404932562119,0.6248505721555007,0.7371320086068337,18.14566317941814,2.708286328244405,1.127537735082739,1.3398101645222806,0.7756574213405216,0.01635076808809137,20.799497940101517,0.2113241631495509,-56.84047688049468
3.4273470505910946,10.271477330322535,0.7103261734113112,0.5774839314577374,0.7744029514078044,23.090218813162732,2.710550947464766,1.3497892453159321,1.3204616238352729,0.7222470092259018,0.11685387634685115,23.525269607829387,0.21057582144957063,-36.15284363947828
3.405667246614074,10.591838020857223,0.6974581993174329,0.6213215528833739,0.7177979323952479,27.995779046122955,3.2499918341889473,1.370731618296564,1.187184326793666,0.7766976999891864,0.13992256044158302,17.950087205041438,0.20875410081549345,-8.118048097778683
3.43901599971668,10.312359946222585,1.0268475981344767,0.6008070742210598,0.7372976453751086,26.166430993816377,2.676352560414872,1.1076419182637847,1.2744595525419928,0.7288897055764488,0.45936427610167657,25.079188006764685,0.1880923819837501,-108.13241317915306
3.4190634911576616,10.646040121007195,0.8041221452447498,0.6920757321941468,0.7721073061079037,17.667782438091074,2.8777640263813264,1.2291616643600398,1.2739906772266687,0.714960641919946,0.3627486956632652,16.3399888237463,0.18418074514816987,-79.7705768486836
3.406151005862708,10.04629731399009,0.6858361865966358,0.5978340940651574,0.7764404782653295,18.968402168505662,2.9168743475980494,1.318128247214516,1.2846634127831074,0.7846915013427644,0.4484856257896787,18.402520195654745,0.16313353213388004,-48.94573345437122
3.4025920069420654,10.637966602093316,0.8166494392051593,0.610142850832611,0.7422670390414056,22.25017664351325,2.831432906677088,1.1278509346628327,1.3574264157574913,0.7876548149372519,0.09774720822165393,18.279923015246688,0.16797971763159988,-20.924372386344857
3.437714957461492,10.611597181443347,0.705065532715659,0.541623127729725,0.7462129350182294,18.192862562187454,3.180158937925335,1.1680330972478314,1.3879221972983558,0.7588687816970672,0.11277425700283579,25.695069740235954,0.1820928662550464,-24.69195853394463
3.42310444928857,10.377129409092067,0.7838325989785087,0.6085628901348006,0.752761399409711,18.419876908389135,3.0815358388297023,1.12529430947612,1.1272902867806822,0.7560708474087303,0.35650829947203616,20.4502160846451,0.18002107665830738,-104.52043104391953
3.405067193487094,10.726104531848243,1.0145555234634318,0.6546091887424916,0.7560422324572685,27.847703203054166,3.0819730308040683,1.3410676307920917,1.106595266632898,0.7104231756243218,0.024672744677924355,22.06965557459499,0.15536717103501865,-29.869038846216327
3.4098098810506596,10.641455430720008,0.8029828395945847,0.5643788187856703,0.7432268529183326,19.08768232756909,2.8949896027789044,1.3377428307019974,1.2780023827768892,0.7359837256681632,0.42474845637251835,17.80170586355915,0.21633251089725475,-80.47775135944468
3.433493654382095,10.569699686267333,0.9501386604607589,0.6188553430754758,0.7226654870100222,20.669873952119378,3.02997535485988,1.2062930945413814,1.2160215434376636,0.7699388650360607,0.1802884739402517,22.2214877550881,0.1616292399617613,-44.43404109291444
3.4346002443940225,10.367931399493497,1.0057505561538282,0.5781775220404008,0.7286182041077651,17.12537676280617,3.0881131983485153,1.2754189262856204,1.2453608700375751,0.7202637201599265,0.46266427780721675,14.900801578415269,0.19611469874246998,-43.7800591664908
3.403938852030037,10.503382809795369,0.7197938098070308,0.633370808718256,0.7416242309838946,27.020344247529124,3.043736661523078,1.149211004450889,1.2787137588604178,0.7278482044953329,0.3359946656221753,19.004169763271097,0.16934918685485495,-0.7974639172498712
3.425649422546927,10.336397035499276,0.8631689392883539,0.6268020054482377,0.7209765286546372,19.698507202506804,2.7659516324852222,1.1893141493395616,1.280176112510362,0.7180223760000679,0.026267572728911028,14.801811180945315,0.19330018841836527,-57.467169630605156
3.420085719360731,10.34240259752868,0.8367886469972643,0.6689664252580783,0.7432398662417946,23.42308102976812,3.094788307112149,1.2526676941674226,1.2722632043985234,0.7274219498282292,0.3461643453881565,17.41940784678666,0.1686794062475846,-3.0398991362613543
3.418644623880578,10.07951911189207,0.8499364345971743,0.6049017165070829,0.7262954301721709,28.33513786753489,2.9694103805633527,1.2474989625249882,1.2715021823623036,0.7410548927685596,0.43646534741503823,23.236262623178852,0.19926247115068035,-56.266864167424316
3.4288380057061603,10.27218841645881,0.9659185771184438,0.6841529246236063,0.7150468684831393,26.76087462427651,2.980353624028161,1.3133840050804992,1.158866006020973,0.7791770467277482,0.21735750491511024,23.87322007581847,0.1524289655200706,-28.157936032925903
3.415288285483945,10.332259544025279,0.7766163974451972,0.6741152861503927,0.7615901439674024,25.929217795082273,2.819696829374754,1.1577585493369902,1.1943210105700044,0.7980545667435205,0.030841414225702024,24.673034354780178,0.17610634287796714,-37.25916083089855
3.4140640319286293,10.519309224111819,0.6834492996134599,0.5851970275746691,0.7205550342487497,25.972370012406067,3.1924976196054953,1.1288297915696117,1.2279424189265633,0.7028974267868374,0.25046537278692543,24.71758857451107,0.21249758521142906,-108.28902929085736
3.406771328807095,10.531645176612496,0.7823622845654818,0.6836619584054828,0.719850396013863,24.816211561884295,2.8448857664084484,1.3923644092686123,1.227825052359333,0.7714153010125653,0.41217129776939865,16.17309113235195,0.18567633363496805,-73.71561667875591
3.423376090142825,10.525960208623184,0.9259639105380753,0.6259939024004298,0.7758301379520168,24.289506842668633,3.259858014928076,1.2306935689601122,1.2308596988429756,0.7580841902682832,0.2890291308296802,17.638200069005435,0.16537513064810536,-36.91573949719496
3.4282388891262094,10.43698497582371,0.9496129471858734,0.6895741003689734,0.7272217843341381,27.69647354465083,2.8910294152170444,1.275668970353728,1.1144788434813249,0.7813952016732444,0.2505245203335483,20.50943370567338,0.16517209730774185,-32.684858538258126
3.4383729088246944,10.647193753302927,0.8607556480001153,0.6802178901971341,0.7162808122194826,26.909202963306548,2.674454213892394,1.2445239063329914,1.2384092278672028,0.7800272478676977,0.016656204250917295,25.321627898166483,0.21301936662678583,-118.55891207341254
3.4088177207125168,10.00077744060859,0.8317040211002026,0.5675887472459404,0.7084539769939423,16.022287579811753,2.9222676402889265,1.1378944012125434,1.2646533197558603,0.7870006753947816,0.37034639335223707,19.726686277470723,0.16039855585513949,-18.111082858586386
3.4378039537004947,10.66049073057368,0.9365292564713433,0.6160744985441942,0.7612053549420994,25.785228600166178,3.069664616441063,1.1549667541621724,1.3530987063521331,0.7142067289637405,0.37063359445932514,14.264725691778015,0.1581138121236538,-94.83102399122603
3.4366852651042383,10.171632495015059,0.9555805982945238,0.6386986628495221,0.7300160442799797,26.401190747576507,3.0764015865184775,1.2625533227078718,1.3117155283007482,0.7176231563402198,0.38831179432647067,19.142329186917674,0.1945840949894508,-79.9817616162446
3.4162325398383886,10.341252416588675,0.8381201720883545,0.6371817021097079,0.7221227715400085,22.69910228302814,3.1304989517917803,1.2319729950764424,1.2635046786268582,0.7272606893831535,0.46077017896015987,16.174934700284997,0.18038232432951906,-14.210300809069722
3.402171769266152,10.618934558849107,0.917667233540466,0.6172023079293059,0.7630126863066566,23.124765511569457,3.0751030671091204,1.3305512824718213,1.3239675979186458,0.7423806488692214,0.04678943379229241,15.475397716647487,0.20697402249563954,-1.946526700541014
3.410374934884615,10.318777205553252,0.7389864519907839,0.6017209615025354,0.7298170273992909,20.378291619945376,2.8530858533405374,1.3152121286083471,1.22458635355678,0.7986112254409508,0.31969375046361864,23.365696022314275,0.19823864820621656,-108.3359342920413
3.433233906376845,10.044612778391713,0.840907628684168,0.6128784153167578,0.7327933647921256,17.908142198493568,3.071885728903055,1.3354255646071085,1.3494563424819594,0.7390728691213305,0.1809812552658413,20.2375486164307,0.16306738085856876,-105.67482852833564
3.4233229638043334,10.58409491547281,1.0147077664972135,0.5465043803982432,0.7787391670683272,19.101491693335973,3.0461630343138144,1.2604711473198462,1.1990688959846922,0.7087085753237242,0.13664156845135328,21.778038780085314,0.2062904229171777,-3.6490472233496405
3.4384499735512266,10.232197856968078,0.8016692355872772,0.6193041898293032,0.7235405092832715,25.291579321498247,2.8570301113752703,1.2480054161178444,1.1535385996517982,0.7602481031580655,0.4313674563353018,19.293727497005914,0.2197260042092674,-30.81833718845695
3.4142263998665046,10.61044395734915,0.8061884747116046,0.6000789922969739,0.77388622758775,17.378208772797073,2.6800092076273656,1.2554515416125256,1.1171686693393066,0.7802633526554577,0.42723528752497575,16.003030850897073,0.18005054630172304,-69.91658924065868
3.439754161405832,10.24519467982429,0.797125735935724,0.6743314288737197,0.7137581331774412,23.99749096058146,2.7641514196791572,1.1097015987155814,1.1465399595673478,0.7854588694635651,0.2133999861253176,24.83981805693905,0.190330150545658,-87.47075244719835
3.400033482634494,10.226748308709642,0.895571949764418,0.6277240173011497,0.7338542092996784,23.948840499525897,3.2712704953019145,1.1204616028978944,1.3677159813285211,0.7251902920352362,0.3960582332572571,24.04390464174267,0.19327244451642492,-35.31778437920077
3.434870454597497,10.503994155416459,0.7239646420330984,0.612119182344082,0.7522152404487841,18.6739006301677,2.9745746057747366,1.3780305451529664,1.1110933240199439,0.768811209913133,0.3232474524560942,20.125587528816137,0.17870192441649552,-18.822148868081214
3.4142726064465405,10.816246756083917,0.7913467442890849,0.5602932296654652,0.7505646860016606,15.832181134094903,3.010194794984607,1.3012445824869585,1.1108330479764577,0.7247162892887549,0.45925867932869024,24.476080735411376,0.1569260262179866,-92.64732763533712
3.4152535738145793,10.852271252859836,1.01716361307787,0.5633533215859438,0.7285735693356218,18.26356373443421,2.9590072217746792,1.2382799751032243,1.397395154437976,0.753062902425113,0.2913593676038732,22.133609792143044,0.21736617030741656,-90.20568990033001
3.4020475821445437,10.003726484381543,0.8095142850652186,0.6052515756528076,0.7552702535528791,26.382203912464867,2.6724919861346597,1.1524833354990347,1.1229529913584084,0.7028451554602865,0.4814238701974629,18.933465666877293,0.20971717070919915,-112.81314684487977
3.4167710381608574,10.040293597837946,0.8467792509797276,0.6768135677634601,0.7308817016355383,24.744905361961504,3.246909939319563,1.1452530923580915,1.2014457639304128,0.7212464061078909,0.09350309833221572,21.37377914595941,0.1853624210833714,-45.033264679256334
3.415500000931109,10.176927853612014,0.8040773788052846,0.6759209243522792,0.7158328783715074,20.996470161241593,3.2154611871759617,1.3880705400653923,1.366308091503695,0.7118995820006309,0.41752371846103553,24.373591620350865,0.20603707922669529,-93.32967212595213
3.4073094927162493,10.600147705423376,0.6662591517708027,0.6727445962736913,0.7071918008938954,25.123813230587942,3.0350201396491565,1.2174032408970181,1.2688721503424611,0.7573721702790875,0.09331404201536814,21.054825642587815,0.17964056765766184,-65.17207391632746
3.4115819335507425,10.390834691015453,1.028964085135493,0.6961813528652878,0.7200543414352016,24.244934787657463,3.1380025255668276,1.2006305862697966,1.1011708098035038,0.7592004497154846,0.1333907669851968,23.943754668322995,0.16438183298511497,-87.61761821576255
3.411878240605436,10.025912257928177,0.8996551763177274,0.6808233632719284,0.7556716094972137,18.513029243617655,3.0938644668972546,1.1802250856190766,1.132770359846792,0.7553853705539769,0.40590437183241135,23.782467572619026,0.19413416215692791,-19.948594616476456
3.424733502315862,10.473011052182992,0.9450391062073455,0.6988361662043568,0.7232371390560287,17.0149236208801,2.6883390146854143,1.1146969781036393,1.29758289505874,0.7334022782107035,0.05347805325281518,18.49213192522728,0.17462633518634624,-74.44074769734058
3.4075481118807147,10.82454917206397,0.9690107235900414,0.6963387766922127,0.7448646737460485,21.890528554387902,3.0990340080613312,1.190226910092125,1.1632395103747788,0.7880649911847575,0.06019079153314185,17.263221063914216,0.20666618377185525,-0.11090747871782014
3.432143305257705,10.290732816997904,0.9589914988370009,0.5999438248211189,0.7628844919408476,18.087386034153944,3.1297519554612854,1.3315200832210148,1.1269085946374051,0.751218923890363,0.026667467469212548,22.79990752597014,0.21452053058500792,-89.11539129458305
3.4125916932964575,10.755760731059482,0.9329273204641024,0.5765601951422382,0.7552764780085971,25.37788358000666,2.9875050473791185,1.3215370250605234,1.3539690917207328,0.7457477584900695,0.2962126757457544,25.883235065208474,0.19843413640008947,-101.09771381567364
3.4263925416921603,10.298187907850844,0.7343006370161,0.691191011796112,0.75565002745409,20.409429230646012,2.876184748161966,1.255808924325934,1.350242767004903,0.7049891327293359,0.32547175000258843,17.05193930941168,0.15357274961074222,-112.01069704853276
3.4049217669244642,10.327911246301248,0.7890666729952971,0.6050308946083615,0.7357028531573655,15.350531483727984,2.67030554319441,1.3989324209368834,1.243738647722929,0.7167222178836338,0.49029414181455283,22.129820235579814,0.21482527114042535,-10.114116164878226
3.4220174718091796,10.009306171611222,0.8720173738422399,0.6780058468317154,0.7432990444916424,21.24548520578617,2.764724587232911,1.3213605502195165,1.1885263450817045,0.7297453982347578,0.07279072139859113,14.686800349481441,0.17161354411214053,-95.52891869858693
3.4106214127300207,10.340870212286974,0.7428496572276961,0.5537920479128174,0.7212842978174926,20.936752494281176,2.676807476364504,1.178400666802979,1.1928546740921786,0.7087605073412843,0.0296655535377251,20.27781378995583,0.1772689067842315,-67.28589337284018
3.4249535798380313,10.109213735583962,1.0174278377219168,0.5774396490313987,0.7288669702570066,27.72184858378874,3.0663721222214857,1.114146764149013,1.3323002461195013,0.7921332675277363,0.3397886452250305,21.316477911838124,0.18465924211359858,-99.16140929408273
3.4385976319108944,10.074026157503514,0.7224284782281544,0.5678068023274748,0.7539862582314961,24.856288201762432,2.7604955822124753,1.2610596294823295,1.2877081096644243,0.7171270475145531,0.49117918885471507,14.513793260353678,0.21947522689778098,-30.61373372879696
3.40985808909281,10.78740931894582,0.7899490291833823,0.6311238524183184,0.7710924609569362,27.035037175209126,2.695685250336428,1.2949907148902013,1.3443260348038977,0.7901002514133804,0.4875400934511972,17.81771661662261,0.193973899190349,-102.53198112161266
3.4376394520971556,10.413664946772087,0.7904294249339006,0.6001921373219531,0.7506397245088111,23.550609840156312,2.7200906517070234,1.213814078135978,1.3255749626487927,0.7775816073010143,0.22548317864079054,21.25623711606667,0.2051952704268768,-14.299729932163189
3.401583853440629,10.008099427426332,0.7875137302361674,0.6574127797054269,0.7309425141389647,20.422289336550982,3.10186308935219,1.1093913463573681,1.14705539171413,0.7113292742598079,0.442585644944039,21.903343064539722,0.21217020133029002,-80.12510197991382
3.4143284983598825,10.421381197722477,0.9226911162314917,0.6859607049602348,0.7522403958535733,22.499062779638074,2.7549054129087085,1.2003985929666103,1.3960560942066795,0.7277495543732968,0.2909420377273083,24.26446606865975,0.1630253613982427,-44.24238410825703
3.401258349674731,10.337474722281376,0.8617393336135163,0.5440418912099703,0.7372633561482728,17.253848880092967,3.254454964481481,1.244801034759669,1.122339148799461,0.760791578251726,0.009159601889912898,14.578271306274157,0.16733419051208323,-122.7476646428803
3.4163701865176623,10.721055142640301,0.9271221645338299,0.6763777675476738,0.729698092355624,27.485498840296465,2.673994494182785,1.152213309581773,1.1007419554803066,0.7136193533092998,0.17834815849792404,24.387815253570963,0.15478824799827406,-26.857581475131695
3.4199443950123927,10.733723481854216,0.7392972640571742,0.6045076842010727,0.7673928167541817,19.260583454021646,2.6979687497902787,1.189064300650937,1.1169562141419231,0.7933052388695725,0.047661286506434315,22.874528355726582,0.18195364754729518,-77.144135395861
3.428063153105065,10.145117125835345,0.8897537658314139,0.6098276746328518,0.707440901836926,20.67736061449289,2.7302588909378755,1.224232749443742,1.1712200491830738,0.7067121140061311,0.20231855628372106,20.111409196893945,0.19436712603720946,-59.86426128724408
3.4380040445768945,10.00711048844476,0.8057304302653223,0.6949311212755998,0.7161096235862019,19.913723036196558,2.7517533966435685,1.28878910642466,1.1287376531147812,0.7168858081811185,0.04391047193691751,22.15951513876594,0.21078078979786813,-41.29658946301791
3.420878576178665,10.81673921430106,0.9578173125861589,0.5894903788963862,0.721055608896816,20.94120352635628,3.080533539898864,1.2325079901242422,1.107837957591024,0.7455135134812232,0.255939587590205,15.693209117387948,0.16958335915266481,-61.27238903334106
3.438926160513136,10.737819773220597,0.7896293889725146,0.6570406209052067,0.7339534184568551,19.049069832006406,3.251082056195995,1.316748395025078,1.2979027904480895,0.728364792601201,0.44830328543728165,15.221156656487992,0.2195180195707147,-104.98832755226294
3.4218916547019664,10.324477394136853,0.9380682287394548,0.6831455908878963,0.7428446563366629,23.073504690688992,3.1094305054822855,1.2303014401316004,1.2931702709231487,0.786208220383519,0.052512569054119246,25.653541520605486,0.21378346009196808,-22.820035631288505
3.431945029364903,10.154549282936856,0.7103605028699354,0.6129391438394692,0.7782927903102652,20.322943933277163,3.2036719821217936,1.1435941281766142,1.3058978234266152,0.7507448783851909,0.44840856386850797,25.539250419075923,0.1682338139876307,-91.1849859998226
3.4288646835644556,10.599087450865508,0.9265638268011431,0.5728062443980179,0.7422884086026321,23.052941235405562,2.887270648730364,1.322260626844369,1.3550906387956754,0.7594904291101748,0.03552253925518541,24.849030671455736,0.20119745767330063,-36.848508101230124
3.419358384827436,10.41019812407554,1.0189779242623798,0.5766242709163347,0.7505143461355338,25.069143484848603,2.9173891684532482,1.2952775347622536,1.383323952874761,0.7557624837089844,0.2118055002996528,18.191280731859365,0.18771207988647381,-14.540058963274987
3.4216460895100833,10.210555522621362,0.7532855927419181,0.6260233428658013,0.7601711935119557,26.791133024684946,3.1046074117994786,1.1723104534464805,1.3172157394754513,0.7522248596166369,0.08360069671667274,18.940638584806692,0.20485876293592933,-54.610404224139074
3.4015996845662864,10.695954130471558,0.8758038502526362,0.5974733906199818,0.7733412671694351,22.090699949064806,2.6550902928789153,1.183228586609335,1.3899806785343025,0.7216891534504477,0.3457489616835826,15.42425973241663,0.21458914592548,-105.38887274212595
3.4384780002100364,10.506740463669884,0.8275745165187367,0.5519033407986003,0.7106126340527502,25.16438722993673,2.6625306969798066,1.3194129892300275,1.2928261385227422,0.795100921916723,0.19221631967669742,19.272619007912443,0.1903802587996535,-66.94339204487153
3.4185036875501646,10.053745282345528,1.0206567881635893,0.6326092864394124,0.7206833561946019,23.192387921832555,3.2589776359121623,1.146589532569987,1.1620164221299247,0.7061414290625618,0.3126031064734724,23.76063931484923,0.21613364346182387,-68.43737815684563
3.434385829703738,10.648640965433508,0.9685142662454411,0.5870623274481102,0.7789364927998871,28.305371303158942,3.252373020243661,1.1914342401841873,1.2065659176924848,0.7794502347762147,0.4732918678788827,20.97051106005982,0.20459699109815366,-39.675749509737045
3.4399336532098506,10.697766227043827,0.9758871229037297,0.6363241368677598,0.7596030960898366,27.89671545834718,2.850592759927564,1.2419109320316024,1.2994180645938345,0.7970029846788304,0.2035091943401158,22.417719047169243,0.17786813708472693,-91.08401345279765
3.439232487911877,10.697552979643755,0.6661843663029615,0.6688647897923998,0.7027400041353489,15.809539412319943,2.874955166699188,1.1688080940024352,1.2627295724519432,0.7104358970684067,0.3473487476870101,24.51327730229442,0.1745256154241152,-122.4025660030716
3.400399719023135,10.402598532378823,0.7031811251192348,0.5483878449319339,0.7483522585419126,16.101319040384947,2.9824898245172835,1.3202714485075657,1.2064569120832898,0.7830239581348144,0.24556040120831407,23.161621671482774,0.15615245524191015,-12.399884100063915
3.416737298132219,10.677282211703213,0.8745947074140642,0.6172915780874146,0.712823050050257,27.49253437804603,3.060807010898535,1.3310993096769455,1.2212428952394085,0.7794384641191688,0.12989715172017566,18.199132462432072,0.15704084773506755,-86.05586843151397
3.427567286755569,10.513203723566129,0.9086844925948288,0.6989944789536523,0.7331610774048432,26.35632719545861,3.022962287950605,1.2985864798032034,1.1339519946122927,0.7535819226964513,0.22542881630607078,17.145125535673937,0.2109749980365272,-52.2662632565398
3.4188586184445318,10.24507553918661,0.8496868938540831,0.5813009440454532,0.7351458734893828,25.310480686514342,2.7162741394275054,1.3430229469625306,1.1207871666266218,0.7478664995796962,0.3741409622047689,15.268467828119444,0.21278234496396142,-119.43907531047124
3.4108509029179057,10.239013692846989,0.792675123621972,0.604732854455126,0.7678088404400605,21.02552806644924,2.845935756628302,1.1262123701525375,1.2309757142710698,0.7725233631730312,0.3927926045258771,15.915088900553211,0.18762650318383292,-75.20733471392597
3.4396271695942966,10.386846391304003,0.9530801427470956,0.6705418804693651,0.7101443782669578,27.259409991126482,2.645671628180715,1.3521854525154364,1.2120682201669222,0.7719701356659608,0.1170836010568752,14.019657247990633,0.1584953518898524,-65.32205212448352
3.4180271380072944,10.02905207315432,0.9107648698842223,0.6452954300277652,0.7581455968405282,22.597914455230395,2.844839501233895,1.1801773066047963,1.386449994177372,0.7561235840938619,0.21490102491068355,17.61609203854025,0.16595050504767603,-114.85736083760541
3.434037640619543,10.568745085407503,0.9484977181408085,0.5989806767234809,0.7787130785138444,24.460062403919917,3.147060220349805,1.2811190350094717,1.1786066629168008,0.7670459321414931,0.18890424328821126,24.58646178782445,0.17838921847164219,-11.837208665319352
3.426851763617928,10.410392539280892,0.8679003359887277,0.5668382720292872,0.7219383089341957,24.37859119733411,2.883290056166525,1.2097466645029573,1.3404249683405383,0.7200514152049159,0.4007607489470322,17.88650398772384,0.1734503549408564,-123.30807971112584
3.4037704592237463,10.86461781377353,0.868752204976291,0.6922047695600448,0.7763674828697676,22.639163641343863,2.898239752514326,1.336822802006833,1.2807776421786528,0.7073970951567673,0.13330112604224215,20.01672634777417,0.18162177853936334,-81.70841528257688
3.4203250871148474,10.440016586690772,0.89398456182133,0.6037482601915819,0.7101593969341871,19.835404774202004,3.0000667157586833,1.1019791810735111,1.3302794546360757,0.7158617464837641,0.11216708490146478,21.59573725095951,0.1504229869279867,-75.86483547001207
3.418809252215085,10.67161882812939,0.863843634221427,0.6448708618893584,0.7236319647805147,27.535798881702654,2.963469482598156,1.3212416984456823,1.140465431076207,0.7993559075724039,0.27304849254224534,16.429700204852285,0.21314999674229768,-85.21806476054775
3.4067547146847437,10.737655421697225,0.9780894775399317,0.5740050161185715,0.7216726366497133,26.561419117351008,2.9481094122172564,1.1491593392756192,1.2182874523797373,0.7430122760801284,0.4802789010847285,14.723054288620704,0.16596916335165923,-8.869588158494807
3.423181960525794,10.182783469475263,0.9633257591305875,0.5793455985720678,0.7483739597163379,17.207898821401585,3.193185466377597,1.214512768335121,1.3378951369998129,0.7402343653080665,0.4006488960968993,20.07964588504951,0.15559575993937383,-122.24797550296155
3.4324591346713698,10.05330833350975,0.7806695715603014,0.6698638089286766,0.7337975816617082,28.368639744943472,3.155501592118725,1.1607790257070254,1.294685084635758,0.7569678505254368,0.3082458511864965,21.799004765851983,0.18734350487763268,-53.99387403264531
3.430247253237798,10.06698924818442,0.8563860673790564,0.5570652710132322,0.7087130696097361,21.531366462842875,3.1983557792069544,1.1846049230105653,1.166882866762593,0.7790983871074387,0.35053401174179516,24.60996491241975,0.15548276924949284,-8.175536845858858
3.418982802820888,10.55151186766973,0.9868552721032781,0.5713334750429302,0.7324756492792712,23.06586596433566,3.1790935300693404,1.1106218995014951,1.192780529761069,0.7415133710787584,0.15089094980151235,20.579337016047646,0.17125926169268627,-117.71309941997858
3.417797214654424,10.856060714275735,0.6920328237126163,0.660127585143486,0.7073244614173116,26.69970326654009,3.007514666098614,1.2274186373537668,1.3627843929829997,0.7626663689035653,0.453211027933697,14.315129496545069,0.21544874729628744,-63.642048598937095
3.4088945173070893,10.024727415065495,0.7336721024537034,0.6781167705097606,0.7299633760230044,26.488226992348274,2.9810429666190714,1.1489053971932124,1.1544425551936484,0.7621357310601629,0.4903558359088412,24.927518303170352,0.19235841947133397,-38.42650850147852
3.4312754138168193,10.573655864714567,0.8514100881474858,0.6400515138375366,0.7631234844956157,24.592150221641624,2.6916723217826655,1.3264426107084304,1.1326116647941347,0.7264832409884404,0.08294937387172108,19.762234231512373,0.17684112543418568,-59.87612963770614
3.43397027426975,10.55722230248451,0.8769001863624835,0.6532598813123152,0.7377938734961853,27.612388307926693,2.7986336209383302,1.3415842470058577,1.126666388124007,0.7889776061321421,0.014759821300629725,19.92638022676002,0.1893424075722259,-117.16494373455483
3.4096462557112805,10.31789616526006,0.9141926158155557,0.5446351038858325,0.7583128277614183,23.272806161695236,3.239384826720134,1.288334983285715,1.3902550036951833,0.7412648622167204,0.17470700881826803,19.838132293254528,0.1975859863614058,-100.98599102126846
3.4104141569752877,10.204419755150603,0.8895970877869465,0.6188922603893293,0.7260352981785168,23.205081682474884,2.8283764186621734,1.2903648433762382,1.2970310639899332,0.767165221319203,0.1271257625730657,23.4078196785065,0.20509326145295098,-105.94985789687107
3.407294324164286,10.746530017858715,0.8675965775147081,0.6398610341445242,0.7558830386974401,15.296010170827861,2.9488654405834307,1.2195717020932955,1.1800945816444204,0.7998028978230614,0.39151671581926195,15.811139615994556,0.20869863923543208,-117.03519294665675
3.4374102455819595,10.37291032538166,0.9458817131132324,0.6673532056184497,0.7081785032081953,22.361284923275285,2.971419050401713,1.3583847581384174,1.3638040731400676,0.7000373834422565,0.007911256060437287,15.611531371017008,0.16956417008387448,-92.32923010785186
3.4357611406920996,10.81846680421977,0.7922587861207058,0.6284738709515632,0.7167437700871351,28.22752531302335,3.196983526117908,1.2080725412788564,1.2311421633695392,0.7251324686211834,0.18389772953819913,23.351327780640005,0.1533583997491384,-19.83019654005888
3.4114850360274747,10.02298126207234,1.0199278444012263,0.6726313751866819,0.7603983300999545,17.83349116508206,2.7434952972609303,1.2568612518579527,1.2316874157499254,0.707681901095505,0.41334779807537714,22.8335281785048,0.17139804051579666,-91.04932939807584
3.4279833450977595,10.225306455120434,0.9308107739289273,0.6611985881868492,0.7645590233045292,26.030647167012113,2.900071414559165,1.1641775098752545,1.3633598909176552,0.7404212361701917,0.2801956498926573,16.33594189995906,0.1906681128968834,-2.123746519509055
3.4251667930293226,10.614324531614134,0.9801075641532293,0.5965146470213979,0.7752783952663062,26.36860630689845,3.0145540046027004,1.1949019669182361,1.2032397289865204,0.7612374641493833,0.0785919366791525,16.76420900248553,0.2078099386424493,-123.99969380655715
3.4142085441086034,10.791120817854871,0.6910019256778502,0.6659633404568167,0.7413524272241305,22.602856130024367,3.2294152579485402,1.3592676294770867,1.3565189473152395,0.7521083723875426,0.3230207669440385,24.02368046571135,0.19720927472815825,-1.9974146996773072
3.4281635005295126,10.013299781607786,1.0084440847003706,0.6266102553222587,0.7503046655868091,26.511345498229325,2.8671660316218337,1.2632394888643361,1.1133482706784903,0.734492246020782,0.12645802357765412,23.711180126535023,0.17075509486343787,-17.869572694115533
3.437058127974897,10.538552182582897,0.6916288579266249,0.6085905155352224,0.7691380712371371,17.993756780261428,2.73410056995704,1.2094334066685324,1.331883950038258,0.7363489530289211,0.027667019817776063,22.853733533124142,0.17992778505428267,-116.45001186885013
3.4302976969628287,10.686244403862654,0.7220760156256922,0.6003773223411046,0.7046372658285083,22.11262839746488,2.7174007914077025,1.1395087964807906,1.3055511981668344,0.7952904690964,0.13399611736911599,25.920759540312666,0.15557181540475673,-85.74930118174105
3.4278844500516414,10.578803902656638,1.0181724699133616,0.6667750285466885,0.7534690537282931,22.837526300942983,3.163576057309341,1.2642821367824972,1.231712665222649,0.7171390331273384,0.013763039599419618,23.501993991669803,0.15209451893324835,-18.911215443888878
3.404647446206796,10.239283223037676,0.9447904974792282,0.6965310774264638,0.7168722669108005,18.434558137286672,2.6680692593378263,1.1525921499062708,1.390563097255793,0.7192155174290417,0.26119540025151167,25.107412637905014,0.17844331605837613,-37.9301198551905
3.4229408555369294,10.090337077400878,0.6998853417266502,0.5703132910688931,0.7119511423812194,26.394820966559934,3.2403608118580394,1.1133919603511184,1.3533167453483133,0.7953403066128382,0.47692860119655545,19.625805898787686,0.2048668746419274,-116.17501181940499
3.418397923187577,10.087451408234346,0.9691934111404232,0.6493420484769852,0.7405418798032246,22.401612407792626,2.7084789000309497,1.1219826737372014,1.2580775645904116,0.7973265446611626,0.08528640158600218,23.05353604875244,0.15493449290419986,-101.92351608566187
3.417380910193378,10.735756467329441,0.9533505195279162,0.5486362668215518,0.768146845336098,21.5756459407248,2.6401239476019396,1.2380545400390013,1.3940451790924944,0.7465389291672454,0.3596487028455262,18.974505576360535,0.1741234742348105,-1.3360259099342784
3.426705442039538,10.344994677755597,0.7593116826988197,0.5658564583171084,0.7771017557435831,18.18305593332132,3.204902976045058,1.3640648254509584,1.1782879486854927,0.7618535777823502,0.37278805262801346,17.66094131027739,0.18685792827243186,-14.267052630681732
3.432014609557059,10.511119624737468,0.7265589518539392,0.6246604972146481,0.7295336944106178,17.56690935465562,3.2213000202817166,1.167747650652086,1.3895738984938055,0.7955153304257971,0.437251951710164,22.012532081866535,0.19914173120377424,-103.92714269896157
3.423812236996419,10.703911841280773,0.7681363381252508,0.6493635315219518,0.7633290897950289,16.0905110732369,2.7267474504074167,1.1213657303274422,1.3181831086176243,0.7264108305637024,0.2042808655689658,18.71965373033559,0.1721877474631739,-122.88157153891875
3.4375434962620193,10.389518859683733,0.9036110426706181,0.597871030209232,0.7607614535067792,22.017433708382992,3.1868198611757146,1.3228190543596348,1.1371014196966667,0.7131903984375446,0.261352101845306,23.239375537390245,0.17041215329335185,-38.064029565341684
3.4234361759409015,10.250708405101589,0.780917995769293,0.6961027777871902,0.7699912300805017,16.21666921835837,3.191072833453675,1.1737764753134774,1.2408956472064463,0.7809256371383878,0.13148542217043946,19.569086342847626,0.20881747499293069,-53.23169337690386
3.4266353556068085,10.255053837518863,1.008885118017727,0.5539232551101998,0.7112197563881326,20.029589818579883,2.790296083886714,1.3425828792638632,1.3132816487837187,0.7556275496251279,0.07902246153726175,18.5982051879567,0.2008803933734059,-8.94184002316726
3.414339086882638,10.492802753946531,0.7258838263176937,0.6817185059261647,0.7417345283700802,27.231258302028923,2.9534896136933693,1.3294877280590893,1.2997997516150874,0.732998501771945,0.20348781323658344,23.734041707835765,0.16404749622279263,-74.70985207091826
3.4258468945245797,10.19049975225795,1.0124118486400595,0.604095517145209,0.7274148492845057,20.24243020417051,3.245808975422945,1.16509582480885,1.2693458340283736,0.7583074076288944,0.08495640258317637,20.116429681086245,0.21750938276031045,-56.08363345060383
3.429962412537612,10.354147442555895,0.7818652785739559,0.6717992238794148,0.7296544566631431,22.447283025631215,2.8924271156127332,1.2573711502360931,1.2986348863562582,0.770814652213034,0.41584488265619035,25.94905082002347,0.18839068974535064,-42.60013024941179
3.4033038376372455,10.359032526059934,0.7562630580403616,0.6473301726734193,0.7335303444283313,20.040925501884114,3.1927013764185093,1.1004650083491174,1.309558173037742,0.7109811815411444,0.25987121921001793,25.63197984287681,0.1575097032630705,-113.85163349747477
3.4019554014901217,10.404155413753521,0.9712585127261066,0.6614417191135943,0.7509078834847351,24.207836802357157,3.2339663257546523,1.3366187630531903,1.1609640914439872,0.7481420029544688,0.3036701707334064,22.694363284495594,0.1624599015794055,-53.76401255701251
3.406309934522617,10.318512166509516,0.9348063205277211,0.5888188511109819,0.7116149579898073,21.191635367443823,3.0001696534179625,1.100063730057197,1.1013063628394502,0.7813292598470459,0.05969746160056278,17.938899401055657,0.19795993708036008,-35.34014310029369
3.410124284391419,10.436802311794576,0.6789516665001578,0.5409367235528624,0.772915644188342,21.778761141439425,2.8211603826844214,1.1790837697946395,1.3141477695101988,0.752290419396467,0.38279696546507125,22.43445610063894,0.19249663329958283,-123.18470295066743
3.401753347907241,10.50937554525407,0.8164269571367724,0.6337853229134726,0.733542584646097,25.20770869388562,3.231523403653242,1.3979645590702525,1.2517744344447785,0.7168490469824299,0.07798792642759657,24.797897926056216,0.18867429681607373,-3.356906767853161
3.417581031185587,10.777906296324565,0.7896702611442531,0.5450978093190191,0.7295675688748035,28.285062623237152,2.9845436484338705,1.2516996042293511,1.2203421352134889,0.7756273919193901,0.3661988606667716,17.618715897708054,0.18918914749707738,-16.474796903080133
3.4396114742530033,10.333296498449279,0.7581486247854738,0.6542022194809151,0.7765924955750013,25.935801801688008,2.7484964948873447,1.2088735744853554,1.344507563804484,0.7432007031899661,0.09922609074539077,25.0043894534786,0.2037529569676673,-61.90179416221609
3.4049982188556496,10.583204190121215,1.0251442975039793,0.694076402839251,0.7054944681657861,17.602986608178444,2.883960838445516,1.2250733285630115,1.1288496575824483,0.7945558426117857,0.2823003294594837,14.235426286694066,0.19470534491066196,-40.76665463465196
3.4383896853380533,10.337545499340788,0.811826469421518,0.5413648152886257,0.7223937518316923,25.840964713861823,3.1220329596879988,1.3072774133412903,1.1182147074353324,0.7116758675646286,0.3372194131506878,25.995045412943316,0.21481735359530355,-31.81581856164601
3.431028767524187,10.246173029833308,0.8542339949494819,0.6263969016302907,0.7374533574224089,23.95610479825187,3.1792876479313277,1.1024083465864545,1.368358809318293,0.7973406827715623,0.19356086108580084,17.140150588225993,0.15448017088752788,-42.546793989042925
3.419656414228959,10.124060540857009,0.98411010572327,0.6106745282915303,0.7714327887697068,19.720296608489342,3.26113936002928,1.1274790265689285,1.360644072210551,0.7887043035866806,0.12166660316097334,17.24230414382958,0.19625452688812522,-3.531342050622058
3.4092910894563384,10.154013465128456,0.9058226532230143,0.6218989318700033,0.7414649857543066,19.549020154535036,2.912869745042844,1.3389385753626182,1.141861646999253,0.715732702753179,0.189915083479909,14.675557954715273,0.2071783697060741,-92.25121376850231
3.418020062007079,10.20338213783556,0.9143731378831494,0.6788040245017986,0.7490122336867847,21.73556619548383,3.0396052656897288,1.3525664405633753,1.1112170558948133,0.7653782011948028,0.131640424426662,25.10485729838517,0.2025953364451381,-48.59734138737994
3.435074386617999,10.63924202927113,0.9090091796164652,0.5801193351395005,0.7590906296732771,15.586156506410134,3.105841985269295,1.122964767467861,1.1061426116033892,0.715257177001468,0.10032329038155227,14.057285656708586,0.1934422852247452,-52.50443759296273
3.405249746162005,10.469284598431758,1.0287679162543268,0.6410207449457831,0.7587980339941838,18.444912742029473,2.7264817017588494,1.1773542143634659,1.3414494098364764,0.7877191929715317,0.10064040571890163,16.28162397004891,0.2055488986559027,-15.515907062273428
3.428946721465181,10.696330911386486,0.7706812852611403,0.6880954581380999,0.7406752487478325,20.109341280832503,2.837716921137669,1.3730896621988298,1.3898490831705317,0.7089734012024264,0.17026378150759663,17.843867420448515,0.18692439120247184,-120.01301958627343
3.418655123162447,10.31068056008502,0.8391191288212071,0.6934494349610861,0.7225959683511238,19.379153855942178,3.080603489350005,1.314679510058076,1.265952482649533,0.7340232156359302,0.24290988532493746,25.141558585752378,0.18464726564777084,-88.42699224445634
3.4034390869318507,10.495324887349947,1.0122295475948728,0.5564418854549171,0.7134626241512078,24.00343157268212,2.8462014145483,1.226675027343758,1.3931113156763677,0.7002872866929356,0.17898504885952293,21.60398701042224,0.21000526906944672,-83.00628374857743
3.436901590129942,10.419087225090943,0.8097303445933344,0.5676747917586739,0.744368289304128,20.130688972126844,3.152007539425555,1.3914907284813158,1.2546189203019924,0.7307469916643141,0.2281892815948504,18.54244532272994,0.18312883839449046,-36.7258200346581
3.4146800261691754,10.727844927442666,0.8832858294964403,0.6540994252425254,0.7287082845561377,21.32467674969939,3.137396091417173,1.3829465492149262,1.3464320219784986,0.7592556508286238,0.3877178786329545,24.55815702218844,0.19664578490043838,-80.29852786767103
3.438670541846941,10.218457658480595,0.8225177169643073,0.6368523045324233,0.7511210293212748,16.91048528063301,3.1378749653358025,1.190448220868607,1.1047529637736617,0.71113838760373,0.3699714549444124,19.39605331437987,0.19576520322782848,-55.94581484078445
3.414217386599216,10.357545164511263,0.9792268333908951,0.5490201209007394,0.7193517282902374,24.094908400000257,2.7217971519944584,1.225864927557548,1.2231170015494417,0.7633102559759896,0.08310020932401135,23.64586602999393,0.16324845062586268,-54.97827611615794
3.4354836761758576,10.580175434522168,0.7009574286866548,0.5765819724509609,0.7283917728600023,26.637445956115325,2.65388420626752,1.241079177535467,1.3299537663343692,0.7709226638746384,0.48034418783457977,18.802410455567433,0.2108653566899124,-112.10706610918727
3.4233570592251183,10.600221961557768,0.9007964187765649,0.6417806363627642,0.776466698946067,22.870667954265762,2.9927973693039407,1.115015907338076,1.1095087084784263,0.7788167769583108,0.1126685119271979,16.098885130125662,0.16537099893115015,-42.71160736542768
3.4186629756378273,10.565966850457194,0.7213567841551897,0.5632723444119814,0.7745450290913407,23.842148208068622,3.0659444639049593,1.3165315735619685,1.109533559038318,0.7360469687701209,0.4138028162531137,21.073514268245138,0.17965767115417988,-46.99121328936572
3.403952573754772,10.27561053177203,0.9423265142582309,0.6752572406887617,0.7138287475259996,20.69495445455477,2.9783175617551034,1.2369414101557374,1.3978514725590294,0.7818935258340691,0.1160382805335037,17.760782030231397,0.19912800846390177,-115.21096058630349
3.432000232299267,10.220427195912176,0.7587080547773878,0.66121181421562,0.7100149348675777,18.318851318011383,2.703767424882088,1.1513563936144078,1.2207715661831637,0.7184198644958179,0.30622347071221767,18.245371632656834,0.19712274108277061,-5.5989551553442
3.408579714719339,10.353717155346413,0.9236505681594587,0.6596057485832003,0.7111870781783199,17.848070971751124,3.2296238880187387,1.1834374160613335,1.1697336342111353,0.7399201240611935,0.14679354534358813,17.650939576842998,0.15666543662128174,-95.58239054186612
3.4007855878094535,10.67089250030753,0.7184906246652079,0.6660352861543924,0.7131416145929901,28.23501516973641,2.935603500968968,1.188096088195425,1.2554585866881285,0.7188706613302652,0.029862788855331873,23.25495579912174,0.19538518803023855,-23.888729029900134
3.416586179021823,10.851118855661616,0.7073712010743123,0.5712422976518458,0.7072499877185274,20.43287109224988,2.650926988842664,1.1281492676344385,1.1135942877543863,0.7068871662098111,0.29997048580833935,14.726343339157111,0.20301815709718493,-101.9706229456128
3.4068928053382743,10.470290470902297,0.8989178488056033,0.5807592879287559,0.7724035311560782,22.218232326857507,2.794386724460782,1.377579340491245,1.3500760619905372,0.7206708549270686,0.3703737790917358,17.90076967634136,0.16201394696647012,-97.61132250753464
3.410244569267557,10.381157382519536,0.6713095795939568,0.607992320855138,0.701453232505239,16.164643064320334,2.896586088218687,1.2251778581171016,1.258455540280331,0.7082818959612607,0.1903529857566253,20.54316091549331,0.1972767342356267,-20.335430329962918
3.4092802769381207,10.726707556624294,0.8511060495885812,0.5847281295942277,0.7117550244394821,25.877050365425227,2.7589409270481036,1.315812150551194,1.1128985145974633,0.7674051514165712,0.24039858275936263,21.308364477866576,0.16051419759139343,-8.39266455017497
3.41278036479578,10.354168568466696,1.018896765007272,0.661581311401105,0.7094163406260532,19.676283045983716,3.0990942977573677,1.327473756551504,1.3469866240904291,0.7301661679633156,0.42259400736849256,25.149537835267516,0.17052577049291717,-122.35837250719784
3.402845691044678,10.634289246814257,0.7675477524259808,0.5975697041373481,0.7630527697679811,22.06878211186779,2.8553398533553334,1.307678589274814,1.233776348999133,0.7921117486763364,0.2336082294986714,14.110165253402746,0.20752989844154343,-20.360295883724604
3.419724898910643,10.668950535074584,0.751231608571208,0.5775823790288857,0.7191888436991464,16.23441989627036,2.800040784896573,1.3498105762863628,1.3707251146459614,0.7965713383440106,0.15496701206657637,21.129371812107017,0.15346889053130952,-25.312715462547402
3.430268867818291,10.161985760127722,0.9587527621754555,0.6582158348939263,0.7066824006839934,16.235545947031977,2.786222038694563,1.1825581848311995,1.122798876205469,0.7367028831505611,0.10904902001562738,22.60868527373643,0.16203007882334317,-4.406712462432097
3.4348668316399054,10.618151004199365,0.7280752772732262,0.550695884095913,0.7404855714101498,19.648857871187936,2.882569213403213,1.2750891281360048,1.2185130699064741,0.7247451382906791,0.43256446996570763,22.343598226504444,0.2150628363167354,-41.499596192518396
3.404963666898502,10.119852652652817,0.8610193544832176,0.6557373953311503,0.7020392537089618,19.175447706641144,2.9673204495068344,1.159219686303165,1.28584649377291,0.7563904546105631,0.3964554163185392,18.754448991915343,0.20792534984950956,-62.7855243056551
3.400472712227442,10.754659275543698,0.8545801321275295,0.6008938375462537,0.7551185728423803,27.07891137095382,2.9669337248004988,1.1851662541926677,1.236351239567515,0.7615394605412519,0.27628831705445683,22.714502963849718,0.2058661676017462,-111.2246861406061
3.41993284897774,10.652892161941159,0.9249250073475319,0.6687291893738363,0.7044998751491541,18.6237151076244,2.7343683885735968,1.2213267825323204,1.2041028461429686,0.7230414594735431,0.2319130623678112,17.87893852112617,0.211463908845337,-3.7926484035472043
3.4353329638478476,10.744799162736616,0.9727208067090427,0.6936583682707479,0.7483803136201881,16.39193123363145,3.0711449561326662,1.3058624161069388,1.1851189190875837,0.7654773247110268,0.3815212174466032,20.19034121293356,0.17375286478523405,-75.54397398866124
3.4038834855648448,10.575017736287588,0.8557887493049061,0.6380021754770442,0.7136057837820922,28.169324943315807,2.9487101312711843,1.340994971921975,1.2623078864095747,0.7471982879945736,0.3066512867925597,21.136773934385683,0.20095497472124743,-9.673463246846424
3.423961194200632,10.19636665912359,0.9813896355693883,0.6374292084109163,0.7711447221949543,27.566732991359643,2.819266954583157,1.23128540592936,1.2737346560289566,0.7572546086086153,0.4547295067207451,14.163029410991024,0.1926684349770434,-102.54439197904425
3.418941174663675,10.484293780001634,0.952082114317835,0.5417049437421356,0.7085664157587312,19.522092788001864,2.8966440963386417,1.3396445491260325,1.1955982953082969,0.7372048291353904,0.20442241109378087,15.294190991235393,0.1559218325541702,-30.974716591855582
3.4282469378461764,10.16994495171332,0.927706491350955,0.556592938557418,0.7184066372965289,17.72442797035728,2.860347318600909,1.3923127476320807,1.1692076523001727,0.7441816296705727,0.23807655752128307,14.341914715468098,0.1862002592724758,-98.27557288299268
3.4220968883074483,10.033754301848479,0.6575532806328944,0.5966620415060929,0.7766717277978146,17.47330626017085,3.2092396932699216,1.129740557398579,1.377698898614478,0.7049366014099168,0.01841860586809362,18.103880598603983,0.21827775782889458,-28.772309570060216
3.4335684879836417,10.235218841606251,0.8043740982271189,0.6904407196186501,0.7069980531552675,19.326075897828453,2.799733451263775,1.131365662472175,1.1753671476669831,0.7130538406686467,0.3498894712611842,21.032800023373973,0.2190833431517548,-66.45906906500285
3.433587168507787,10.567663106680873,0.8074786215985472,0.5589011289087289,0.7452276639950707,18.685303612948086,2.992054750571639,1.3104581160385873,1.2834391623555872,0.7835867910567459,0.30731065515490225,17.702709270780854,0.19672553124102568,-43.36713665004012
3.402890004676386,10.817244746237408,0.7194183335476579,0.6937522763008623,0.718024661914196,22.967437939482082,2.7116342218353715,1.158443666606927,1.2368916274449204,0.7257707671250025,0.30164103349775145,24.67011042331812,0.21115655916422993,-70.86706073925262
3.419044409522315,10.378037331313275,0.8656314068242648,0.698254921719379,0.7533937400563079,23.17254745443985,3.1570461781829433,1.3527434617553142,1.3256699921640511,0.737777392610184,0.06850667301307743,18.501235094725367,0.1707878491286578,-107.27252736838378
3.400062473249308,10.445904971753206,0.9001503350691331,0.6660740811268422,0.7020410103243229,16.567187641741587,3.146052700427959,1.3967324930295648,1.3405492456445052,0.7224053474561798,0.0011231843341036924,21.160401352517066,0.1895967808239809,-21.667722056673924
3.4118453971135922,10.036231916944939,1.0298602917601731,0.657595970200387,0.7564809070921784,27.724056571419162,3.102154473443446,1.234500906222544,1.2192812544996054,0.7121539531757103,0.051639034814477694,17.18408791429143,0.16182903874880789,-65.60990786410778
3.437393739602412,10.72866010108885,1.0087070009788193,0.6863648527256225,0.7768996127875172,22.252139129246565,3.202236068764641,1.162824468600222,1.1016254057533499,0.7174115557302972,0.3297667346876587,18.23024424815834,0.21039430048046864,-102.33725901032672
3.4124366273942037,10.354570315630756,0.7466791107009833,0.6023479778248458,0.7115199447215106,19.89625800210293,3.2554905829347227,1.2018537335255892,1.1458332011640089,0.7737979337681884,0.10783766888046847,20.68348634060186,0.15937466164324363,-49.45803153356624
3.4169333552706274,10.12107589281045,0.7951777852760874,0.5440867528827014,0.7664101507351929,16.934583271247234,2.8845378630381417,1.3231344527001947,1.2440617080786438,0.7150311831122547,0.1265888468610577,22.73272388117512,0.1607453394976246,-106.32566995709028
3.4381003552290523,10.058707759734501,0.8346226330090858,0.6339651924901111,0.7033019723456061,16.044854392221154,2.7083851739224762,1.1359244872962895,1.149193475779136,0.7396114430004285,0.3563295829285916,25.610749963901238,0.20383134707540318,-98.95047433067079
3.4366920663959957,10.491818530270413,0.8646543934242986,0.6882809896252305,0.7492887361714162,22.77063319127599,2.7402997413539407,1.3372286014276853,1.3815365135572093,0.7768291562382825,0.2813587345866402,17.085820333036516,0.2039644927375359,-102.98542793164708
3.413420335399121,10.235939625709255,0.9974482563521031,0.691634173507869,0.7063368736687676,23.42404314071278,3.1914043132900614,1.396121696518521,1.3794363733637234,0.7765502211754617,0.45512199113330576,23.011216818707886,0.18115053195765582,-94.78714435063226
3.4295151298995723,10.797701699369526,0.9728537986109209,0.5405000242597375,0.7647323298969358,25.76580600360058,3.112366132488304,1.1351593398243045,1.3342368047950293,0.7827306288756266,0.3888023391647363,23.34371715391362,0.2131142252539221,-3.1598085431458287
3.4229234612619477,10.454819015670916,0.8373640759665646,0.6334292611567738,0.7702363073372233,15.734261583172291,3.1430097437708486,1.137258074000878,1.3206762363615296,0.7425989509529785,0.3140436263056748,17.641877292653756,0.20695147149591017,-56.66999023959153
3.4271041873167305,10.873088263962298,0.6605325915774773,0.5997533743405102,0.7150842352049991,23.32722334171597,2.7944363659878904,1.1150685221588403,1.287440737752252,0.7045836443982384,0.3416090493024335,21.112177460547116,0.1620550805542212,-30.20778044989457
3.4218306505250413,10.875057606879807,0.7184015094181616,0.6608788924407573,0.7193621605611369,19.22359929449964,2.997123055547738,1.214677405541643,1.3814941871628115,0.7858033621911812,0.38144632901870307,19.150633028174873,0.19681687168468293,-20.973818445136615
3.414352530693846,10.791840504211923,0.7639475954656757,0.59313905445812,0.7692203804241016,16.857420303817204,3.2228550128177718,1.3708261224871765,1.2049184260006678,0.7668473115450367,0.3133345031916377,15.312094086713541,0.15134007341377265,-117.74746779797923
3.406153790976705,10.433919796080827,0.8768791066459027,0.5745666568935835,0.7662898001102788,16.26229354929363,3.253656783278235,1.3031809892406412,1.3753234557350587,0.7949507259140826,0.2046700896239673,18.69479600259887,0.1877325631738603,-65.04778411556703
3.405271239616776,10.589946553929252,0.740882382627552,0.6762090434527573,0.7674166699141122,25.36684326851275,3.251450220259507,1.2037635809966312,1.1705132969147138,0.7153431690435388,0.07550686131752196,25.123811680268687,0.18356203819820927,-8.10085439847282
3.4385130639846575,10.267774056232827,0.7577734518522244,0.5874304052737691,0.7677328211003395,25.822721466035304,3.0737348115386984,1.2696760755560728,1.1121396031015933,0.7960014148287669,0.09126718281085935,24.400620447909084,0.18471243497639078,-12.787655219472882
3.401976396398371,10.007031337918015,0.7997293604078983,0.6349074895093416,0.7783356109123168,24.486479070868015,2.8808605323806695,1.1289029996602917,1.3201345944198466,0.7294073814252754,0.32790509017680486,21.995921333093506,0.15202308255444194,-114.62752054834584
3.428268597918729,10.526698090190509,0.9525627061298987,0.5415014128030792,0.7139851401724231,17.63250205889423,2.6461912871077358,1.194838539841444,1.1161624906869212,0.7111194108559898,0.3445703345941669,15.619372200475226,0.18428428612735023,-122.00080129648784
3.438354408735919,10.447898095328728,0.7355090927434705,0.6025658541285402,0.7152703938012639,27.111310213549586,2.79603842008838,1.3995019331460083,1.2110926918546308,0.7735370285894947,0.19789356657012236,24.12221974407933,0.16817207640599977,-27.504924277234437
3.4298137807205085,10.483315631067194,0.9101906505664321,0.6774923063468512,0.7123213694982078,17.978758392802675,3.000858937197671,1.2066019801038892,1.3330656901291689,0.7975141788586241,0.34265921886089024,18.52427225030818,0.191576325427744,-43.00494013380873
3.401627227452459,10.57843690565596,0.906650432696528,0.546687115164591,0.7199645847888834,16.832244380994027,2.947577253361506,1.1896459480695711,1.2960485149062682,0.7595850860757069,0.330480345116557,24.367973421401793,0.1892753965532565,-89.82723882114537
3.4317118326840856,10.826409527410283,0.9320791314852523,0.6986620430701651,0.7387347890825837,16.281750794878718,3.2785189359312708,1.2323572510719827,1.1112230882216894,0.7680961988268179,0.4381999026826467,17.345259818128408,0.21043907053863592,-73.70388834437996
3.4359283969504926,10.150858576788151,0.8840365490877559,0.6305281097547749,0.737855581065862,28.049233897438896,3.0032760191455323,1.3485720498697837,1.23653479173075,0.7211809806001427,0.1008334635736033,15.536925592723701,0.16132291571875176,-51.63969067678789
3.418423394666416,10.12903671030665,0.7235284958247609,0.639082364234188,0.7528319197358059,17.738247968845442,2.887701408095369,1.1170400935272726,1.222976457665948,0.7387860595088328,0.42407899790198766,19.286497767194984,0.1527231103720153,-33.99831740699422
3.417105252593048,10.080023454763223,0.9994406923050835,0.5606674381876194,0.7390029446979586,27.015597398508618,2.8190271152559645,1.2455079582565012,1.3317636834099953,0.734418790876588,0.010500145618946369,24.431338191967512,0.2160131182990473,-111.06762408486694
3.406713530965729,10.601173318416329,0.6964647213024793,0.6672984221502992,0.7575752680987954,26.108060227398624,3.0876147464534416,1.2919430557675442,1.3294445162886346,0.766228547077022,0.23543394245771818,23.042644959710696,0.21127107829821018,-9.448147938119675
3.4087489625939766,10.223577059853513,1.027331949079161,0.5544993754949442,0.7776051901520858,27.157440693051385,2.9192655785504327,1.3333227903201779,1.3848301286569706,0.7553591085224727,0.2684515894720234,15.976055519612883,0.15242961534290914,-91.25426677757821
3.405192538549899,10.377824799902452,0.8770643266254836,0.639526263421046,0.7629265101358671,23.143803566791476,2.9625872137647153,1.112633874792458,1.326413682625387,0.7058770516774959,0.04469845739718622,14.48194074793158,0.19071259826614842,-39.65856927802476
3.4210591755911866,10.566826864955802,0.6837546399825625,0.649161430779579,0.7561384900333539,15.839028191075167,2.9160365695822366,1.381042680314453,1.2920932683293869,0.7636652603425782,0.09790789810903407,20.918758747514683,0.16230966096198615,-81.54225893887212
3.4007186882506377,10.823996104266573,0.7703137265624531,0.595888983732104,0.7135702294653274,16.739609115324516,3.1916972081855137,1.148571862751312,1.3923612187409413,0.7233395606319185,0.27411086095623904,23.46303891429401,0.16345973884331416,-76.08742257681857
3.436338852808925,10.124745732754686,0.9994922354242399,0.6936010334653239,0.7633154298304141,27.994271482821283,2.6646693508923023,1.2760699573699887,1.2849615153133516,0.7167621260347541,0.11223387499783573,18.2312916612336,0.19753944918413563,-39.956577185678086
3.4059507929652306,10.216676291709664,0.8203457526752845,0.6667894827428138,0.7558524198791302,17.709287392498336,2.8871854441646585,1.2276411461108319,1.2269214539711266,0.7053826548230354,0.3978797564996772,23.798165175610087,0.165884515608131,-2.1088953767527414
3.4264424607069164,10.720020717815213,0.7050338342304329,0.6190893881110042,0.7237464008486093,16.869302613618608,3.069745224113664,1.2743648840976607,1.395382454400321,0.7762536574356257,0.12928530914118697,17.513452286081126,0.21608738440310982,-104.68017181962922
3.413574573381909,10.803989483370827,1.008866077152733,0.644824947446551,0.7013650755035022,17.77972639962608,2.9328336582162966,1.1882056579839468,1.3334100770444004,0.7738048141132423,0.016519377207809237,17.13012901678982,0.15277192011369672,-52.52012239912543
3.4104570483098824,10.831251697474404,0.952627059587549,0.6939424654521855,0.7299715232171241,24.26096801422925,2.8604611620477804,1.2314518885792523,1.3700643459606017,0.7302646219293083,0.3938012717329584,14.362162461577357,0.2019383162742837,-70.98790862617628
3.406141507026629,10.865465783717202,1.009847266329911,0.632566811907377,0.7186592932990191,25.137047278894272,2.9851983608605313,1.2061537483819826,1.226206758177622,0.7385931781276459,0.4613470709500141,16.53229245292988,0.17395306856859194,-30.01602281725853
3.4070723131703473,10.465402448930135,0.682742267395417,0.6771051972628795,0.7723914573435204,23.971505354952498,3.1113775784782765,1.2622490275244254,1.128555672521928,0.7269042570761083,0.3241112391150366,14.837216712882906,0.1995888143228333,-45.363204878746444
3.439671453877628,10.38766544547868,0.8975874634905177,0.5498531979900417,0.7677003091931481,25.17287496914208,3.1011534243110264,1.3921714457881313,1.216213022904289,0.7497718097930679,0.01193549183985937,14.775043421993425,0.20955506865683532,-45.89095702482096
3.438777800486272,10.340180283678873,0.7263374932557018,0.5798570409997458,0.7719991822534417,18.036195661815807,2.86623531260841,1.205716662884805,1.3912625343101934,0.7791801224579461,0.36923621910309234,18.862283482517288,0.18178782970476814,-104.35999992700322
3.412730227915675,10.544806992910877,0.7806931892684325,0.6100520705223089,0.7545873762690882,27.13368080435973,3.139565831430644,1.2990513183413694,1.28156266942282,0.7876765277886013,0.3817800057858587,16.184190118562064,0.15028647712624588,-61.44505851344654
3.4096001139649434,10.752918066796871,0.693137809486585,0.6022299938485035,0.7251754065523944,26.045059473233714,2.964693606374858,1.1869639045775042,1.1728892891583913,0.7523445400492751,0.0966391869463766,15.416308516217644,0.20579224620679876,-46.922850435407554
3.419205866470069,10.616092719749076,0.9959082637595347,0.605689076722395,0.7060468299549941,23.83655498604719,2.927464435204763,1.299624047902135,1.3349141803310365,0.7082424399430439,0.43208616293391056,16.501324765226954,0.15704990980513683,-43.23673066564345
3.402686776146616,10.010032182085967,0.6578463704952265,0.5459434572372984,0.7063064656463766,16.08209464335925,2.8209600938437447,1.2633474694826472,1.2152925301154782,0.7022891794044982,0.35124414898184575,20.090981608772378,0.17113007030124547,-123.47817010953567
3.416300934886895,10.19973936009562,0.7800083925395399,0.5980196661966607,0.7347636620581889,17.29973129190836,2.958038396584028,1.221304439054075,1.188601138528956,0.7238082069481795,0.45537331895125494,15.827772280580511,0.15329839445299326,-59.595563070158605
3.4292662493326187,10.897446839966408,0.9015086244191532,0.6016876743504707,0.7655348062578281,24.594652744734624,3.2711125987101823,1.2640779877344364,1.1231314613445074,0.7173283860186449,0.004873523784054871,23.662889614954494,0.2020082313618896,-13.75385435982544
3.4349706866364045,10.335608756058381,0.9897630459283568,0.5487617648597428,0.7486972141915036,16.35727130384544,2.7405628517701226,1.1077312318322325,1.2620904753293027,0.7573605912575463,0.10338745977905402,25.621459313470435,0.156474784809403,-25.384334103272764
3.428368972477379,10.814073733061488,0.7857826608932652,0.5638735947545107,0.7472536175536733,21.67026343039167,2.667246990464307,1.2779450027059198,1.333830048359979,0.7372580776766035,0.27266884274119607,24.748175065703858,0.15926170730068165,-83.94560655288606
3.439512264199437,10.61744104602294,0.882839285041593,0.6823237434549345,0.7040552794910517,18.54946900057286,3.02941323235118,1.395423093949769,1.2939657854068762,0.7060530781049202,0.43551193549562667,20.149984014284406,0.15182712866500214,-85.53479599263167
3.4191179429728256,10.51559670184176,0.7246249394480051,0.5837305473218749,0.7547670899831179,26.703318051742023,2.66022658259115,1.3466169288622543,1.1746415791206033,0.7927276099056684,0.25549762280824756,19.876871402091957,0.1775305290512195,-23.2271751290062
3.409452050039963,10.653777028227138,0.8199848018815963,0.6677749858305589,0.7406812310675042,26.34827874142981,2.682782548878198,1.1506958854607037,1.2863681816744936,0.783409462441134,0.14127707937433892,23.763084746726026,0.17765333601364403,-78.1769883460828
3.409112758855816,10.038998416213564,0.8519746235526457,0.6592628297669283,0.7780024102972948,22.818082300687383,2.8080471878116606,1.2714032148087984,1.3635839051218988,0.7548873234730799,0.1591813194569309,23.847717594930238,0.16359159834160547,-54.64783531131745
3.4361169056138134,10.511352672407225,0.8612426044159709,0.6757884574201629,0.7229255454070314,19.243661290822246,2.9604029598159634,1.239235507710136,1.2421435349525307,0.7151618685631382,0.43912017729481084,21.580111764213353,0.20225912140274876,-58.70578219402604
3.4195083431733355,10.8352015500341,0.9389786850063275,0.5609100706068463,0.7706539856755438,17.118662745327335,2.7588945371864924,1.3291839500454672,1.370512206846529,0.7926712595325197,0.08904126323712798,23.551498768269546,0.19009620506978706,-119.13398996708442
3.429103821209289,10.323713437845939,0.8988537378608372,0.6180150180246351,0.7454685775103161,26.969533323614925,3.2436241528937098,1.3276072314540461,1.3936510251158882,0.7184356328969832,0.48979922985199165,18.511068906808973,0.18040963410409339,-62.91461205554412
3.4389902388008617,10.269304954491302,0.8970347826087146,0.6178009517910279,0.7320342313348736,25.976549949103564,3.120307986449858,1.2870510622260913,1.3099477137640507,0.7363715385945021,0.18932205925018308,25.779223207532088,0.19994326011280222,-53.59510035857868
3.4203034120394054,10.054575801538896,0.8453979914975163,0.5899237654859821,0.7367246468326976,20.742974151400553,3.2121782274720174,1.2583919092366713,1.1378912440839744,0.7943102785755973,0.25340697320727795,15.009325110837159,0.1982536199471959,-54.768269135093206
3.412648002873726,10.552295265279392,0.7678509618722278,0.6244234942888479,0.7550955587393721,27.678318362389277,3.1643432470035013,1.1768768270308547,1.1125653802798645,0.7709413648908984,0.22590059600733298,17.87083977566496,0.1549425640394497,-49.867144889733424
3.428996947243598,10.025460195221395,0.6806132862246078,0.6667265162766985,0.7115803262004236,18.857804332366428,3.115569728991759,1.2587742643139148,1.143255874266832,0.7955036805844105,0.25743383982966783,21.555481982843233,0.19788348133577907,-108.35897871315844
3.413253011976415,10.029946237162541,0.900755529558057,0.6688988056048413,0.7686849290378966,24.60636965500742,2.887458387945877,1.308497509775595,1.325774924551811,0.7789576190658886,0.30616313747606644,14.881741647081483,0.15555905466889547,-37.04942965324811
3.4189022794559025,10.308176894921226,0.9881396642641976,0.6372049367879637,0.7763773456350027,21.577030019440755,3.2709467985401575,1.296383310115824,1.2500704263385314,0.7412752746173817,0.4875923478521957,19.97248569923014,0.1591052778656518,-41.11678045566582
3.4398333633110862,10.271289094052591,0.8138031285133278,0.6723437948513278,0.7435759062883539,26.228903493093764,2.686108424912546,1.201217899663552,1.386474938083792,0.747239710166588,0.10661558925382006,24.189129218599163,0.18520752962057874,-52.33862305598677
3.4233857930755858,10.027032397654802,0.868829925902371,0.5625410027333172,0.7091757617634886,26.992906900899325,3.1405532977864943,1.107917136531504,1.3817503669245867,0.7059644838231145,0.029135022298814643,18.538564229402027,0.18400868039395876,-83.00035312185369
3.4079765626087446,10.489578568372941,0.8953709700133601,0.5851285052260837,0.7318302930461874,20.31057777370706,3.148566324784371,1.2297776308057204,1.1621999151383322,0.7543452904404239,0.3295450551869325,24.16195356914205,0.20510649270620346,-108.09509433109477
3.4157055294768686,10.634702801714129,0.7717319447409912,0.5888957734629183,0.7412349266185709,15.967909869310557,3.1208527969030464,1.24999184242415,1.1701208637605134,0.70039379740321,0.0803332716245871,16.09435277890247,0.18416137142831493,-74.69720615744711
3.414139358402767,10.50816404834423,0.8565530305617682,0.6486348970405703,0.7114152523442325,26.52129738846902,2.9566044993524607,1.2585920021708836,1.2466183773994108,0.7143678428609491,0.28858579009034474,15.40582736695015,0.20927501936469975,-46.12170233055163
3.418800148013851,10.077672601839682,0.6979823632142375,0.5641640700807037,0.7527037469163794,21.15437253714886,3.22021083248311,1.3036614285729307,1.339173982894496,0.7882570359504307,0.28021823895541637,19.432958471257336,0.1611044658083077,-104.55034822571346
3.4308139727093807,10.452108356447207,0.8408028320346886,0.6376537380634568,0.7557928919864982,24.814986941404253,2.9871660560227906,1.2917257841270633,1.111920445374168,0.7791142691753907,0.3162871658236798,16.972526502415256,0.15379236912423586,-100.29520046070022
3.411593499161519,10.766819979345515,0.9976982316357814,0.5742236564527972,0.7073974125061356,28.2371116476956,2.8065605434226044,1.2474261603344408,1.2950163744114853,0.7122727196889582,0.4159524327572484,20.199015585683636,0.17030418243911954,-15.688657008181366
3.4277153473751913,10.56338043748742,0.7318669989657375,0.6936328614453102,0.7391634842087892,22.317216060546325,2.8544447696299304,1.3536125179605663,1.2407668019291258,0.713498897482048,0.15658812790017482,14.834327242294822,0.17064111226579054,-63.065952282326094
3.4308010826615702,10.43019557573402,0.9192878604297906,0.6189479587057063,0.7249027993199207,22.743844740359144,2.678549557401015,1.3920452586876646,1.3519432480511278,0.7239848294714046,0.13535567690850145,17.680937742471,0.1547253653109603,-70.45276642341639
3.4132775460338487,10.457713076426403,0.9473838602969233,0.6950045520466445,0.7222364458045674,22.509640122113737,2.74723313799918,1.3651248152471251,1.1808391069000752,0.7081566565358531,0.33021894336034263,22.46866520748207,0.18784372607540362,-10.717320381164257
3.4381704731192464,10.494721280354403,0.6659776322197943,0.6526159819429024,0.77762331996789,27.56797774191886,2.9498816169074873,1.2862012848495898,1.114181337002617,0.7451870481392237,0.19970157094834942,21.417527520801805,0.15165610394372936,-84.9726614968611
3.422467884844939,10.021944590421574,0.7611368466142194,0.6172761353051908,0.727370189861573,20.986336069009102,3.0076085114924536,1.3628194420251465,1.3534700347845043,0.7227808536900756,0.31269341862192424,17.276602891164003,0.205624975544853,-40.35741417879265
3.431450202382519,10.299050472192967,0.7272253778478721,0.637792034577888,0.739310398562236,24.339527830795053,2.664628225703366,1.2106310903367994,1.1375981530771215,0.7176305242306048,0.1993283306617256,25.36110794316599,0.16021498770991716,-71.68944907570017
3.4008176706421116,10.054303156188425,0.9703959022876056,0.5856759893774702,0.7796941907942844,17.399750852042796,2.7253693646216353,1.166113621267126,1.212626864672925,0.7290849659234623,0.026713506263433592,18.094163388727743,0.18494046340192932,-36.89061506923383
3.4209787094665023,10.008488148794356,0.76831830077663,0.5935075953809335,0.773024739806198,22.25807152752859,2.651609155694665,1.1880600507751367,1.3541942390921975,0.7205601161867042,0.3277504310490608,16.902318215103598,0.21906966382668924,-11.178277391662206
3.4181873070823485,10.888699216989213,0.6937388030944739,0.6967383190115631,0.7024998081280376,27.011880231909338,3.2240375819512983,1.1921772541686746,1.2001691026627646,0.7727955039505375,0.14171877310802017,16.71966937069149,0.21875374496423294,-88.48444022155752
3.4309591971124944,10.807705462073258,1.0136463604218753,0.5857382343499133,0.747414480489789,24.80712553152546,2.675713940163524,1.1993614368829373,1.2571727754340225,0.7927778638539875,0.33142098521156477,24.731968238925056,0.16572728195297817,-115.44131614734683
3.437104026334191,10.741498365231909,0.8355437647688296,0.6324891988285181,0.7630346535466479,25.84024635130548,2.724801100432675,1.3080092748603056,1.307051545929058,0.7174827702323789,0.2964863495811206,23.30513107368325,0.1985053940797129,-54.229825295853004
3.4014883488253913,10.693730103480519,0.6642814612073568,0.5402320408440966,0.7771304580775128,23.32244309915236,2.981829335766112,1.2530783240364056,1.1806489689007325,0.7787455236472225,0.3832700699029042,19.084545748185246,0.202384741709122,-49.03761685904364
3.4254981166232596,10.262157042362631,0.8465031123054076,0.6211121101161428,0.7250306108046426,18.0545326863209,2.768028567606385,1.3735081348780023,1.1585177242598388,0.7103812164671888,0.21977697024109497,25.767995862920575,0.16710171761977594,-9.453791252864264
3.4264584567011047,10.262289353333088,0.7925472155759229,0.554760343288178,0.7134643227541745,18.933652164332464,3.03426790080557,1.2348423902057493,1.1466945089527993,0.7493226950495327,0.2753419695595182,14.875088141087698,0.21983271607631583,-120.32990810117978
3.4387032390830945,10.542849187735227,0.8467194250901756,0.643792237611547,0.7361799614922209,25.00716887414248,3.2017152433769027,1.3320203202006793,1.2727177461426686,0.7775509937040364,0.4554590115760126,23.430982856095167,0.21929538959486078,-80.33506379777798
3.409816096834421,10.60748713338579,0.9060866816459692,0.5774926771137,0.7739157903118857,28.321035936960037,3.149484961846483,1.3633162430031445,1.2134610872082152,0.7397082961746988,0.08564975447398793,14.99331566233803,0.19075674017438718,-34.57219019403959
3.422461385836811,10.172196669844437,0.8526662334096176,0.5801409127822573,0.7610123817137044,21.351388800944893,2.788295962966184,1.2103506623946272,1.3306854559005905,0.7901126778121146,0.16080469950764356,22.9357411658032,0.18664106376216474,-65.14457579673794
3.4161341277737094,10.349740897910022,0.704251440850085,0.6287288006708551,0.7544603911407207,27.047509507655544,3.2694514752380375,1.1304382728652183,1.1184350882371477,0.7312581723120434,0.27428830756787703,22.086109174424745,0.19394321799564906,-121.05770893992577
3.4072386371531755,10.810016059890232,0.9535451077307524,0.5559329307799962,0.7110688670950239,24.617668680097253,3.065618338860402,1.3398415081916026,1.2991551336021967,0.7075816591523132,0.4453244594133817,19.694567927362122,0.17616302861636032,-64.02286807862177
3.433408731294039,10.303537773366628,0.8470711832785145,0.6359731485952147,0.7290206148003422,28.297298012734267,3.2412791670615584,1.121301267107609,1.2204867316809747,0.7832337334052726,0.46658001006676103,17.653675098841486,0.20892691125431034,-108.06160550607598
3.403136714799662,10.449220998754122,0.7145342674236329,0.5933477950233343,0.7123471665427104,17.681168649944336,3.274290816878889,1.2091221421492042,1.133037472979305,0.7201509432433798,0.15209663959944347,16.59903060237631,0.18766747549157908,-60.62948775228197
3.421341280730442,10.528558748316366,0.9763348039712683,0.5659157227887541,0.7149484847824296,24.134435732635204,3.269542163298048,1.226256291100745,1.2686360946787076,0.7068985020943256,0.43954363478179925,22.899838767983468,0.207438206381254,-19.61225430200841
3.4140906836802745,10.297539494029335,0.8195094578381732,0.597845388432984,0.7685696510593508,25.08692853757081,3.246582408187478,1.183533006913151,1.2338232530944917,0.7683779656631464,0.11380449061774588,23.473127065517097,0.2032211572842694,-6.437308348963853
3.403341294127053,10.664446397228472,0.9538720542062129,0.6063132962969027,0.7214507938445569,23.022747058186123,2.85033386596519,1.2095875688815199,1.2942415374692093,0.7342711400609768,0.34094422176335965,15.244496774461844,0.213075683108439,-109.74342599895694
3.4181483325120503,10.83371347720249,0.8756386343861429,0.6810847966331571,0.7553557421845187,18.330872086110613,2.9071951032607037,1.3807785539663258,1.1985131853916826,0.7332820923482608,0.2725500438418043,21.485054699476905,0.17193751838023555,-30.416240516304057
3.4253442243612717,10.854554336723883,0.7207404247003601,0.6700743615929963,0.7383812681280166,21.344089119649258,3.1532687617848283,1.1445421130114,1.1232071076741845,0.7911731115051628,0.03241785024212196,18.436626946761457,0.20918426973249563,-62.58216674153405
3.4106259698038417,10.011432769120578,0.793746774551445,0.5955985548082534,0.7310361648024617,28.240813223590486,3.231760047616202,1.1696918372836238,1.2572408480251558,0.703155076086753,0.47652636022406947,25.94129663503784,0.20712895375002627,-93.38171231906908
3.4389637440534893,10.09228703404965,0.8300179894126014,0.5764544124515827,0.7563040196736981,18.215008141828495,3.0372080398138777,1.287481782933668,1.2136268194819442,0.7904527413909652,0.2285794070754556,23.53066125251437,0.20517568870314914,-6.24826879170692
3.4135151960147785,10.330964477860267,0.7655144783951708,0.574045940753927,0.7727740211015314,24.153346713991894,2.7939481207091474,1.3890639802581737,1.173473070923045,0.713066297364842,0.2893592644446907,18.27461686413745,0.20315148367873126,-98.63879592890174
3.4116618321106276,10.73826605661147,0.8716946065110914,0.6975268746969165,0.729217976889855,23.733368633533388,3.042932713757242,1.296871566660557,1.236802223724454,0.741560480844425,0.07378340515292278,25.383527457326934,0.18794775006370767,-25.01968975121308
3.424404163228501,10.120960250675235,0.7899740594342733,0.5562692282046288,0.7143374685136108,21.743010193418773,2.7876851713169164,1.1913232613433788,1.3104400228540087,0.758813330356704,0.22906147043996375,18.554638795619937,0.19617873310405368,-3.9697558141022853
3.437770474662697,10.84701681875871,0.6719579824340597,0.6125091345404796,0.7560580707849008,20.783326459100827,3.2394708969879256,1.1984247751201795,1.3339274554107876,0.736873053805605,0.45229207047080555,17.645276257659607,0.17667164620656223,-108.73839561242654
3.400901566140189,10.89923042528329,0.9733327729188774,0.5408908677949433,0.7248110765870047,20.22917252244482,3.265787267826604,1.2375069383676214,1.2715808676492397,0.7572207455411639,0.3059346488821652,19.830970113271082,0.21378852452062327,-12.454731719409253
3.409830582385811,10.243999580463218,0.8848561122828831,0.6113579819777221,0.7187528727522188,18.128828015763055,3.0826925720661316,1.3673403405698359,1.165907487790531,0.7488997226898205,0.42148415265044553,23.92891495486007,0.19466139718497355,-109.94409619438757
3.4281938797569524,10.05265482536666,0.8045620320239899,0.5671369890599574,0.7727510118288341,16.840887517566777,3.1070988558117163,1.2956480375849924,1.2221727096975188,0.775074958940204,0.10441435973379815,19.089874864885804,0.1582245863543687,-87.0853800141569
3.427546862295721,10.215087099651104,0.7663202863681742,0.6922838359671305,0.7418864858337163,15.712327583443479,3.0692630233106666,1.3328458427267487,1.1526930877392816,0.7609120736563895,0.04788994237150757,23.835507492592996,0.18955337462697425,-19.480865086909233
3.4098673001242474,10.293015000973567,0.6776228729377011,0.5794832548971129,0.7524855009436238,24.140776079400794,3.0705421311177536,1.209144814952393,1.3809729964568989,0.708377746971559,0.26884781848298184,15.333237952109213,0.17054759266208205,-103.49933340917634
3.4246232092505524,10.045702574063077,0.7463594858674425,0.6719645702630508,0.7028517770563214,17.39541903414212,2.6634982253009696,1.3438335347176746,1.2463459253749585,0.7964096832731343,0.2612196018988705,14.466534253809934,0.1705548796041434,-96.10564703244293
3.435351678268739,10.539654013709491,0.7562258747510793,0.5491487452491636,0.7181632812198738,24.600790069460523,3.0352827074643285,1.2412184011280343,1.3413273012581077,0.7941430076871859,0.03589174099913672,14.40202207333093,0.15952408256497236,-67.44491655073088
3.401234801985739,10.453397417701295,0.9615479648037759,0.5477978797962342,0.7224641062582442,25.79500985668218,3.20999939357508,1.3560683001056129,1.2564767619504504,0.7115338567100673,0.3557204798449743,22.181211038402814,0.1845931738962821,-26.444563513135066
3.410942309736849,10.286119845820123,0.8440513128232671,0.5411558895299057,0.7473590561649176,22.948454287871012,2.6434602741836017,1.1270416819012847,1.2825218929460147,0.7819587120840998,0.3640785367445474,17.36906066240676,0.16683760434772968,-92.16037089361117
3.4238182250858578,10.619368335878082,0.9642961495712679,0.6579420883737974,0.7798046522462725,15.788857859268925,2.6872067884464386,1.2398205790703862,1.2034262386974264,0.7816024886893445,0.14189122206296284,21.519145561909916,0.17203521783966505,-45.344052320213436
3.415485249152729,10.436742986222296,1.0072864214306547,0.5491090898834289,0.746611044929795,23.21358593351624,2.9037877003227917,1.189951834188475,1.2772896601643775,0.7138872192350793,0.0221641519561922,16.659332245225258,0.1603438226957547,-71.85553974784682
3.419587166320354,10.336153369566349,0.9651465690761971,0.6041137331379827,0.7396359346481101,17.226037603382714,3.012572873305699,1.3066462626668855,1.3774042478942174,0.7707538226745849,0.2892322681109799,19.98628486394878,0.15487467697796167,-71.76130524851997
3.40079892426278,10.375528667311197,0.7342208218238777,0.6086909753403387,0.750367871805457,25.475244225374986,2.9493794518826086,1.227697396399905,1.3205014055316897,0.7860326080102689,0.31436534258742127,20.54600891067706,0.17207256376025823,-99.57977962933913
3.4324113183926257,10.849682009140231,0.7740095946806904,0.6918156633250865,0.7209584528864957,16.156536527648488,2.6478592059482797,1.1527914407879183,1.2768885856633325,0.7407788985386107,0.3465935266027421,20.893202650595903,0.15928779056166198,-35.031663603062924
3.4120673247675812,10.386557176158092,0.6636206201569641,0.6379745223627452,0.7079990106983789,17.6545218699232,2.9376897095841388,1.2969907330129717,1.3938582705452651,0.7096531315970385,0.08405802246726587,23.40064291498659,0.1703519464401821,-58.420318669080515
3.414610744484423,10.680143513294631,0.8431351845305094,0.6314372489212198,0.7702911509165142,21.570040383985724,2.923324948688838,1.352945808160727,1.377966928699138,0.7594803278081017,0.3521671780868084,21.078064240966853,0.17274095876218756,-84.33436890665823
3.4028804371704786,10.771171682516911,0.7744968759538132,0.5770497607605508,0.7450425764366627,15.660617852441426,2.891160703908953,1.3746269775172972,1.2466014165002535,0.7820960581472987,0.04843603792324618,14.53572612665384,0.17276172875393003,-106.13335714468963
3.4366506753283863,10.773994373210664,0.814945671618481,0.6528513820509521,0.7129214033492397,27.576252536009903,3.0210109712729936,1.3584062668116847,1.354730119315536,0.7551886044780921,0.19545503130280747,24.297518498177848,0.21430791738855356,-97.91782606505402
3.4358695972687108,10.597866633082452,0.9932063522425589,0.6977759228146027,0.7303970574207256,16.021733068247308,3.011189367978572,1.3021482635942476,1.2821693917922392,0.7545901097795277,0.35586504252842466,22.779836812147018,0.21273836606707186,-86.02689624131287
3.4314690104920573,10.663516057083223,0.7900500952202878,0.5531490033369143,0.7242080546551097,23.135108243190864,3.09567981853065,1.314258325133723,1.3941132622829573,0.7629077439348539,0.37962879580227304,18.746841900898605,0.20127941297878799,-99.73410439187383
3.4012108808415804,10.379849554530495,0.9875835723372424,0.6887652393851919,0.7285572533391381,24.55746750020006,2.972084215805702,1.3972122418012287,1.3149124615898335,0.7386540620328848,0.021656584457330957,24.390640461181462,0.17504397148353998,-20.0177487032678
3.4221302506231823,10.437890254926772,0.989213257296328,0.6704311872631714,0.7703433547498523,24.20253318506922,2.7417371835406263,1.2538138860498997,1.1492455338813063,0.7591288792047978,0.020783090621122362,16.49428290612404,0.19471423580886354,-60.89279763195208
3.403151738725934,10.443197050840523,0.8520523182387769,0.5717799104463934,0.7336059918529956,24.16324676411142,2.8698443434457714,1.3714071658480702,1.126869093289627,0.7502628410833565,0.43546248338051885,17.647744929680364,0.17644246859387935,-15.225602624845806
3.4309997126744958,10.642709625376554,0.9185638924524192,0.6125225864974592,0.7061410420105277,23.959780339191006,2.982729606100986,1.1573117832699285,1.3435272700654937,0.7872577544256282,0.4665152248724508,16.985524775619776,0.16163554535225508,-19.085413948335983
3.429784409656018,10.277417811431876,0.991100914094248,0.6827660053346891,0.7691680949384816,17.42918865524208,2.7918693658749687,1.3206024736723223,1.1126076012300243,0.766623887765792,0.34559399745323216,17.45892973375456,0.17725202120624262,-94.34274607003913
3.407253891150345,10.51831160206794,0.8192571640967607,0.6325969151451398,0.7680070554364009,16.361940692793254,2.6774381394263496,1.3679561447887252,1.2903959644948253,0.7030938438030663,0.47684888310250845,15.016351716174642,0.17638726647002204,-85.68098616544319
3.4337912221773896,10.599808931893183,0.9037528172119356,0.5757634636716159,0.7030331719947808,26.123893228962125,3.259442198660749,1.1890816371982318,1.3387069918566057,0.7589261979167065,0.12181058799645289,17.314990821494305,0.15222467137066376,-23.908723008364944
3.403434214078008,10.311550971464564,0.683906121310837,0.6336521846391434,0.7217484690293834,19.16172784476188,3.1948919929014945,1.245534395318658,1.2586352452204566,0.7331026674151573,0.1953894466438949,19.178647578578985,0.16920816833343483,-120.71175879285887
3.4329888038731826,10.564638953730343,0.7020327834660502,0.5499709551195257,0.7609040694114364,17.985023322635616,2.9317513525607373,1.2294761355175177,1.3506364802839472,0.7864000229028808,0.07228505080803502,25.08524915046401,0.18586143480338937,-95.92077825873432
3.4059611507473573,10.863092169122874,0.9234905657275982,0.5933629431768949,0.7707794516457702,26.30909005454636,2.7414167502119833,1.3882839330695504,1.3570062916859995,0.7749446296275027,0.3328509029636625,24.093986751485183,0.1620725530734704,-56.08698041380228
3.412688712863836,10.539526946416393,0.6531325193284464,0.6713533842535746,0.7042193186108394,17.534950440990393,3.035259726160652,1.2340413433261492,1.3121373690441627,0.7779477665099263,0.2610160106510987,15.567701548134025,0.1728829463164426,-2.982277175701256
3.4080997956493153,10.477427919931246,0.8792403175462642,0.6323632427874356,0.7084165739667763,27.202349635275375,2.982528136569388,1.3258253370332398,1.3361490453424194,0.7413094917430006,0.08395690978297556,19.039087810541297,0.1717483291413213,-113.72125205998728
3.409381687919784,10.213058517727438,0.9226131094780214,0.5465745075128172,0.752471918022308,21.81149357951689,2.944031696478428,1.3783132565067324,1.37066027596138,0.7762165984051315,0.2085946419498147,24.956698581070427,0.15351503150071796,-43.031991992571946
3.417889974396429,10.620726766728655,1.0207832315181555,0.6168990002802763,0.7360409596404529,25.22889152815236,2.741691966128039,1.133448611149323,1.3822805116979515,0.7723220259584302,0.021811909408845746,20.832879538507708,0.17635326067622678,-22.190408914977453
3.4266215206312483,10.612477905999276,0.7094531003482822,0.662681143790473,0.7737653802614303,20.341328408274027,3.099249257462752,1.2208208253345543,1.267976589045371,0.7329504928740541,0.04053442886217564,19.820519162134005,0.20931601919116802,-24.234115785611863
3.402884722000182,10.147015566995014,0.7276255639042041,0.547901841942432,0.7020963164506183,19.380199593895778,2.841474318690356,1.1639718668991763,1.2218701925598545,0.7993477843255921,0.3989711693641961,22.38144764704657,0.1666460039612897,-98.30806217461513
3.428927628322099,10.740724255308148,0.8160448258163662,0.5633760882575269,0.7532711831529879,26.140663938715072,2.9282020287757895,1.307334295764082,1.386246434591107,0.7161683818906134,0.05817816670899595,15.769364138252225,0.18397916533059566,-121.97842972258714
3.4061745539592607,10.538875010469704,0.9516776123214614,0.5527913722244073,0.7582144191579667,24.978616281280175,2.7948170549583264,1.1331451681572149,1.1000002799895807,0.710601456330754,0.397146902757372,23.290772243430204,0.15572263101097086,-37.47680331930073
3.427204492865978,10.16005819095389,0.9021698993054659,0.616676758114066,0.757838699520257,23.11797584522133,2.8408021436936677,1.2438446178507367,1.349415820000158,0.7196473336756114,0.45315721122944064,19.306163260517845,0.16081776600445108,-57.0619419657349
3.429237580548753,10.476640763162601,0.9333187377795938,0.6053079447754607,0.7566741922087603,17.20300768831766,2.736806890558553,1.1796390476143659,1.1460442713879322,0.7342357537068229,0.16653094143557934,18.538206347661188,0.20769260931077024,-43.703667790715826
3.4332445249925465,10.124721821506318,0.8058464924161947,0.6571063983403836,0.7602874378383734,27.928613992973077,2.9025976080952938,1.26443875956948,1.3847906186660643,0.7055785951786151,0.4766715162405439,25.519537883695733,0.16929782765719786,-31.995781869853786
3.4021809350253704,10.867850489069646,0.7821830228839957,0.5598880522545548,0.7014797098265032,22.397045846549062,2.6517321620837575,1.1341546609950885,1.377911528039723,0.7325601329576581,0.333174611800069,16.28521643418542,0.19744385517881266,-7.038877566528882
3.4100799111050377,10.482271088444646,1.002211653512668,0.6887193305507725,0.7363342201847527,21.965792881516336,2.725983584299503,1.395535716745491,1.2961196263213453,0.7046539656992331,0.3624920716873271,23.735829896660753,0.17118860495815913,-26.667757032363838
3.434252884198841,10.870635572948734,0.6671170770099002,0.6698305714841737,0.75088262171014,28.130107936803576,3.232961627228963,1.3264914479917473,1.3383100674411734,0.7991372523762611,0.22874665866522154,20.971691641536555,0.19886716399745583,-80.08065448492192
3.419478497017554,10.127245716239434,0.7805930930947179,0.5766413586869081,0.7674607830771313,18.36499544687417,2.980214384998559,1.194779766920471,1.2710909257394054,0.787487619229619,0.03261632790800554,24.733697884910825,0.2195834518335935,-119.94886449921903
3.401046579001746,10.378210138836348,0.8721567945332501,0.6813612536640689,0.715611453420203,27.050125629510802,2.987766782411245,1.1554591749158698,1.1239878009274356,0.7796571327378761,0.0008223872336491407,22.986635076632524,0.17333308564126004,-46.4275551643062
3.4336718683656455,10.695112516834227,0.8626845297167299,0.5547707697024324,0.7523112789538959,15.940630787414088,3.0344400907908953,1.174260191909653,1.2642526605898519,0.7560507736163374,0.3054587177922803,23.745390757056974,0.15504154777689835,-95.93521725116582
3.4051023543724432,10.084127599616709,0.7580973624672689,0.6048256322570013,0.7141047248332488,28.005966452336107,3.1841504813093002,1.1814929503566194,1.1497635266751371,0.7209908782728391,0.07246036365280449,20.098454830263815,0.1979285475788553,-58.66277916084209
3.411587528138634,10.81832734929732,0.9950661019813363,0.5961940530007461,0.7133226281681062,17.04093782491845,2.6948744691396342,1.1132208967998385,1.1274009494785746,0.7968624892348599,0.4932200242685916,22.858080593417597,0.1941658513204051,-10.826876689177894
3.410686886295885,10.827695500412853,0.6515467788601349,0.6783565503777311,0.7054135231201416,25.66014270306659,2.7534295327568716,1.3783605905204006,1.2589889980116573,0.7667872005277754,0.29947829478359,22.562746169418354,0.20105977980572318,-58.881827234137546
3.4032979857206604,10.891583583369885,0.8863264077233421,0.5811634939117162,0.7020571439137927,16.497339097078022,3.0779544254949367,1.2206842248994758,1.259270145454319,0.7335360249739293,0.38616593414822964,16.447092262482244,0.1507854729553225,-92.34871734666537
3.429128700480653,10.647491995794187,0.7756358902193925,0.6474153270305292,0.7273198085979355,17.315403831472594,2.78752862649806,1.3945818446556304,1.3444931581880186,0.7755956702747177,0.2823676749229174,16.205814332171244,0.1634298106175739,-78.1273944075164
3.4231328859895314,10.68735152657609,0.9136363088681672,0.583250302003556,0.758203703157367,21.69517400459099,2.824582474324208,1.3066995070648317,1.3756707734190827,0.7424388161818158,0.4803771689075882,16.711633836110078,0.17567660094566662,-108.39345603417526
3.403621326025263,10.703728725815,0.7678892054972984,0.6610312458242011,0.7261294502358611,25.70203844944059,2.9044460415650506,1.2363696338483594,1.265763796370506,0.7194518586701601,0.09884446740169861,15.93351175457737,0.20534719295201442,-36.53467244462101
3.4085151817871386,10.653056073583254,1.0109832059404047,0.5784796077234852,0.7354214038906501,17.22358145410326,2.933278746851118,1.3588189467159384,1.3986295753312619,0.7430570614227655,0.3443597499299483,14.022849610020684,0.19403712822120478,-24.956323845246388
3.408308250516041,10.047425077615937,0.7323628457006693,0.6456117231880335,0.7776472774106084,22.67784865275924,2.7910918680808057,1.3966088578348894,1.3453952074821538,0.7843527599981412,0.11858776707798199,21.9094430641196,0.20898459530905178,-26.547529395929843
3.406096983559662,10.885876772773068,0.8779168251488114,0.6470713581225862,0.7668631958797906,28.25362605157154,2.9462854010433004,1.2450569000553005,1.2027021432351104,0.7630442283577895,0.038856056576229044,25.558276485857906,0.15593294131624402,-30.620330545720464
3.4389506296823997,10.120073716686868,0.9855305105634349,0.549125292682406,0.7286611336193928,18.18477040776014,2.9023295187405003,1.2818405768138668,1.164384841006811,0.7163375381109272,0.43287916920311503,15.37238524585614,0.15040071013151263,-57.87367262178178
3.4110071902349364,10.724980434555933,0.761472853589829,0.6883213930810823,0.7566346671654711,28.140776928121262,2.92030534199229,1.132294096920362,1.2441110170101264,0.7399986969107214,0.29118631303293374,22.848126328306485,0.2161837869832463,-21.915542839666102
3.4315669962349453,10.187513001381955,0.7844269656213039,0.5918072399010237,0.743006221618843,16.742066291626912,2.8076028025659663,1.1861481278640176,1.1306783214088343,0.7592965722972722,0.00550153721233897,20.103510805439182,0.1761330479979454,-50.29450367492312
3.411950339406406,10.546556205374825,0.8178683576410107,0.6483165520810038,0.7660024125747512,19.000798394079336,3.0283918442286755,1.1866137765698812,1.226828522643318,0.7475497741896221,0.48719461980155515,23.40082992349098,0.16882613050220022,-50.821315787181604
3.4041148827122916,10.327805209857456,1.0067680004803168,0.5716797781923098,0.7221713077630119,23.691407794374513,2.707637657029567,1.3142103765848938,1.190755064519892,0.776284608864524,0.18002108752430132,16.386760893355802,0.15120882307756098,-44.637123794787456
3.4213772667245084,10.706659565999935,0.9000614646180427,0.5556795490226941,0.7076065746864378,24.178281777077096,2.7323160744094626,1.1149069147796022,1.359585600631807,0.7843925864386376,0.21843797103788262,19.576854958829664,0.17020619020511954,-50.841528841424164
3.415624113874412,10.419647324013575,0.8866195619674987,0.6049889938010129,0.7499872182272102,21.988047473963242,3.1203790695100793,1.3927887284976455,1.350772976458246,0.7166079758915782,0.04855833153586131,24.854026970416676,0.2172665798752113,-87.96637015004718
3.4357598925295396,10.599285521564543,0.8566737871259837,0.6061322105166187,0.7697042805584602,25.95259380765475,3.273199409794622,1.2926472879095314,1.3745043270141202,0.7554663397228539,0.2665798175824681,22.58189404319931,0.21693332330290604,-89.83982749712578
3.401639615592137,10.241939697011773,0.8620685441611584,0.5593127334259147,0.7706291856387524,22.038087962800002,2.818333701778259,1.1513033361991947,1.2357725869964846,0.7418484657745864,0.1439250992170225,15.35382577206323,0.15316302804508053,-115.94541481307341
3.4141321145400734,10.69729452149912,1.0230960239145133,0.5803592078522021,0.7370963134914231,21.751533565774533,2.918578320166327,1.1015959742428771,1.3684324516714583,0.738977072982721,0.36061132432630705,22.91463670848577,0.19819896723915623,-32.78785846898056
3.401447125800982,10.566765100712935,0.7359039198292247,0.6771321089130051,0.7618129831083835,21.0833583592713,3.229154974339161,1.1185257016436068,1.1213433638861736,0.716539179315142,0.47122393301615667,25.764931484967533,0.16542456771683994,-19.061354186354862
3.4063241740514507,10.48739449646348,0.8548806184306628,0.6181090188449687,0.7111921900704059,21.95066128365055,3.1403013963368345,1.2753847094365833,1.3787505553797579,0.7490035918369513,0.22649755781043712,16.767192430499524,0.19684504293917296,-52.115071786677404
3.429816761286195,10.626565104763586,0.7795740786009613,0.5430413035553902,0.7221960679541691,22.67078014986833,3.2772462078425946,1.135420102717737,1.3166592891916165,0.7677378684988659,0.3278873534294981,22.983696098479967,0.15799462975499926,-29.89608137622082
3.4039214714575845,10.43103817286469,0.9570806315918535,0.6719108012334032,0.7567152497018841,19.828287634939358,2.6722067957172175,1.3786114852347746,1.1951611379298361,0.7457548246318024,0.18183509158617603,22.64217687109294,0.17960303746881234,-105.76452663366494
3.438182590649445,10.057427686888584,0.6699344753500575,0.5815996802622942,0.7137342081903632,22.156635977534556,2.894355575178808,1.2765178760471318,1.1600487358204703,0.7367653266992283,0.46627229145098265,19.5924840217033,0.17622876925089104,-9.833187772979826
3.4129508346725164,10.291454876370825,0.6859760108618279,0.6444664246635435,0.7364238543682134,18.764128873197496,3.055732117264724,1.3712402654484352,1.2372276704941363,0.7294302645447251,0.03364460235242078,16.45577529493173,0.21552559221603274,-36.94321832535489
3.4271280273957627,10.31026067189425,0.8389337483500217,0.6998360134075877,0.7771622366366273,21.32070967856948,2.8052818179000765,1.3085455528677612,1.3741204970028813,0.7989058851484799,0.33858360644677754,22.573637133104086,0.2084202706647042,-0.37523156151149806
3.414377115536467,10.665569390859059,0.7277500114762083,0.6299813166613178,0.725751746693611,21.62443401066885,3.25974945850071,1.2333579131124794,1.2769229954513375,0.7602730444347928,0.15528486398179994,19.313419930486553,0.21027478537827524,-109.5449747323865
3.438060035706475,10.846170488106985,0.9543558292178936,0.6732071094814365,0.7403826887515584,18.789967686744546,3.0259893688072554,1.1512574386431274,1.393501364584761,0.7557980726375791,0.29498102917586155,16.48144694252886,0.17591538863644213,-79.2314965853064
3.4035625997569703,10.169912657121621,0.7218810647708787,0.5577787287884619,0.7446209727620025,21.56593196002096,3.0205915204975624,1.1411569593712811,1.29143809459196,0.7692143194109002,0.14312903734178598,19.09758557551355,0.17607795263421527,-31.263756525637206
3.420828418786591,10.290965001782192,0.7633763135036572,0.5611985188324952,0.7180144436368743,18.786141617765413,2.93203437938789,1.181646007165,1.192185440090736,0.7962503887493837,0.16967931136368136,25.68654141651828,0.17898557539923754,-109.07502845839414
3.428158365638093,10.569797066017406,1.0116811704132196,0.6644254182564553,0.7650184535333419,22.14953973981436,3.0023671542227506,1.1236175646652213,1.2501871647331415,0.7005870227201622,0.4065633200588074,17.695841902324418,0.18811973515362063,-23.489833413480852
3.4113510168028647,10.832321443667253,0.8827495548900339,0.624775781804054,0.768649563695874,17.496239271887784,3.085321969333502,1.1453281488842137,1.319527994323934,0.7195306582087156,0.24582833010108118,16.50353189171324,0.17612646803415472,-40.069251658893236
3.4390855567147725,10.39427656721021,0.7858196259074686,0.5422127548088854,0.7154722305948141,16.325139087731227,2.9931577128277445,1.3349638053891915,1.2042441153373544,0.7019828480428834,0.12421665815135036,22.445720982131903,0.1855937975002585,-50.1719272561722
3.409965083023182,10.778308693431228,0.671437447851663,0.6687853017754792,0.7363945939511559,17.140323791963905,3.0839214737837954,1.1505997759631246,1.3727855886599256,0.709313487548754,0.259263774954631,20.40136200027426,0.1687250325452379,-67.22463462610003
3.432629296430837,10.253512505468501,0.7802971800126582,0.682391612880356,0.7669888578048617,21.34279928621428,3.1060715056168573,1.3417157318000807,1.3058583840878104,0.7861767402925621,0.05994818724990008,18.265927537423938,0.17876454714115816,-41.785196727153945
3.405058686180324,10.537357213108923,0.9292804744778638,0.6373277475192828,0.7249859885338553,23.538729419890387,2.908463581172524,1.3431026153887142,1.1181666770835534,0.7315690033791872,0.05954085156481448,22.947045112255314,0.15739314937316476,-45.745987263091166
3.436039864910734,10.780320830950568,0.8293466084940847,0.6124745325702118,0.7777176367028322,20.226884575743853,2.7912924132361008,1.1251184662287013,1.1984427116797378,0.7086454460577154,0.29316922916668,18.054698658507057,0.16463712075146328,-22.51311867782762
3.407596527865103,10.621198197237986,1.01783402536304,0.6383128774152989,0.7493580857186738,27.99513035850144,3.183005182041774,1.3904852830246004,1.2448345121462274,0.7049489254469942,0.38382540925143893,16.726344449356674,0.2117972495563311,-90.80779376445312
3.4043739232023005,10.680345121458696,0.7406634248977584,0.5682452982058253,0.7009635268879765,20.71827287603038,2.8476716418628993,1.3162707759020216,1.1473698593690076,0.701553744288839,0.12737852312103487,15.690027154727604,0.20871792761286945,-121.56054707146369
3.4033621267491796,10.197222010817708,0.6757572569826393,0.6103737914462583,0.7780446162205972,26.842383994732415,3.037449966953782,1.2660777247377097,1.3933844226925363,0.7950085691288428,0.18913860806940588,15.238021971571245,0.16719172800536475,-85.69888850817162
3.40632255332833,10.603303757825733,0.9157147770710348,0.6894920148424216,0.7764140786983471,20.92837790616543,2.9713849793227696,1.3924778111729303,1.2734757288150795,0.733796443650153,0.030266543098706907,24.67798148340228,0.18246257923421824,-3.192589972533412
3.4302368677312893,10.8275501941944,0.966907236482328,0.6590906112977202,0.7557196311899553,27.065335572177375,2.9525897706512536,1.2090557979624332,1.3622248739159808,0.769342165455148,0.21090453624528732,21.845265536038056,0.1797581075810275,-116.890419663511
3.4283956630313943,10.140508818630556,1.021517988401945,0.5553484546153176,0.7271786616944815,27.54229901528018,3.2700224184922475,1.3413544646588647,1.394642771997373,0.742647438154445,0.3290691692193175,14.487502681760285,0.1508419580708556,-100.28636775432635
3.4126354742221903,10.315136485738789,0.863005124684701,0.5660634168132956,0.7690584924832784,27.17257114832838,3.1224669946735335,1.2148973612387652,1.1520324568804077,0.7495476946585409,0.3944925400970619,18.868822465859115,0.20117156905055045,-79.14167686761469
3.4300381342869537,10.405756812074948,0.6862555309114853,0.575007303012968,0.7604682251516242,22.814323908812693,2.6683962374461956,1.3533120188100738,1.358544260843067,0.7099444396286336,0.3787644409240682,19.249973490356876,0.1521160379553547,-72.18538089735759
3.4019897191965094,10.612036284776103,0.8751771754116489,0.6260071797530433,0.7180465089677537,19.453563157341865,2.848168175308363,1.277898651593739,1.1698979929124893,0.7442659761243338,0.04564572055675714,17.533666368578377,0.2019672194775793,-106.35737627042167
3.4039926325297616,10.019235458114096,0.6778291905037266,0.5959379804666183,0.7156995559539363,21.651625807182388,3.005548349397374,1.1669534136463167,1.2926727625432282,0.7026043167977862,0.4144521846826066,19.130050656670434,0.18198495366074824,-88.0049312253604
3.426021078246081,10.604017428330092,1.0237384655167898,0.6615480805490597,0.7142430757233231,20.136938077159478,2.913113560162002,1.2099364882927839,1.2163957267345082,0.7995928860050661,0.48748718886071357,19.546985704855363,0.1690173219447641,-44.81475241626008
3.420144159508315,10.612722605083365,0.7388118658668054,0.5640739726558881,0.7314708971009325,20.767731592819757,2.7303804954159685,1.237394303549466,1.2025076679487887,0.7048568880611351,0.04591494356505768,19.21972989276788,0.20928223643640384,-88.49212263472117
3.42082657330696,10.889675792807441,0.8646637665175425,0.6770101227705945,0.7638335013277938,16.434993753675045,3.1452329712239897,1.1125798904599606,1.3126553954188909,0.7722650065919823,0.4939500141628765,15.506400671244982,0.1982725617602809,-70.31904794429457
3.4052610284633755,10.20866266377459,0.7013516481797722,0.655416390274741,0.7541210798430199,27.966864777147943,2.958848125176267,1.3549767793540113,1.2151233929123106,0.7838596921756936,0.22994106776114717,21.372494569809245,0.21304068762243475,-77.20994912427162
3.4283669070185656,10.23751442901776,0.7731203044554776,0.6864887073379987,0.7030535129230455,16.38749794884936,3.126923367369913,1.326862407229238,1.2889176960877269,0.7833152059801086,0.4198994249465582,23.688115294623366,0.1816648375539575,-66.35082271044021
3.436362813209064,10.467909835256288,0.7096345544350712,0.6376422926582118,0.7767765349969837,24.071302385658896,2.6562981001316257,1.2637426017244968,1.3286996199425443,0.7038669465022198,0.24398754759222827,16.95701404764037,0.15469258450285478,-37.78234683316674
3.430279228781215,10.53594188087216,0.8376731502601995,0.5770209019389598,0.7055685498823534,25.724728746919894,2.7259097581599256,1.3166566859654076,1.113457590326863,0.772507035187038,0.19411379867179832,22.855963921328172,0.15223180736139474,-54.53708190208087
3.411180105262744,10.380155406373406,0.9253440421725273,0.5666836092682209,0.7181445820658157,19.79042003938235,3.1074923641740186,1.1642266270475825,1.1083057226531587,0.7176656528741304,0.07530751814280302,15.128249829596724,0.1518535561552133,-2.898240145098228
3.422449718920971,10.227287327533372,0.9424935525651558,0.6648552801989701,0.7588480288135089,24.71510720747622,2.7066027068923364,1.3448677163151794,1.2887462353314187,0.7841904374922333,0.28342658627708717,21.099916522762207,0.21816306159994767,-97.6349174405541
3.4072025139873983,10.231795632502653,0.6926006657383212,0.6995921640569643,0.7791104057090902,17.351743711977324,2.779794739218862,1.1039713143490988,1.225966339290004,0.7082169625041628,0.2056500808415169,19.309858860133524,0.19816887583045179,-19.626495071520893
3.4324806283398965,10.024549547334273,0.7780867751768884,0.6832380811830745,0.7674804095029149,18.081907534042543,2.770810418518138,1.207571121426372,1.3824198544990465,0.7180304528160605,0.43197020613647313,23.002553347905124,0.20897480867643067,-53.154192903048866
3.4358723013591583,10.790937650169035,0.9954357179850164,0.6940917663807009,0.7393737494246273,27.76604833278819,2.8514963158049995,1.3752309935393772,1.2745913436063772,0.7044466287944326,0.1925543310327944,20.64885694659844,0.20799225495791118,-3.0002962144130123
3.420729488615405,10.393343768134319,0.8955461479565617,0.6118622415945542,0.7015407591920114,23.888246621196718,2.69663693320222,1.3510745971227593,1.1693371799996564,0.7663365506885867,0.152410349113082,20.108589146387764,0.19257136723639806,-74.24752147479143
3.4094090717105057,10.688972848806424,0.7030236028022386,0.6391222509276953,0.7189336481734361,21.530125130818877,2.9772096269028276,1.2316954736415262,1.201762586491336,0.7100166682545764,0.31543538860287856,16.006845230206363,0.21803091796380328,-48.937624888002404
3.4172615385769056,10.641209982020449,1.0093255286825351,0.6810495743531778,0.7742995903357548,17.679120262987066,3.2705102842970746,1.1459650153398029,1.1467205935367233,0.7228091049164506,0.3011025136709518,25.37797168765031,0.17925839707188487,-63.03499955159313
3.43884660059636,10.631435842068939,0.9194345513607758,0.5510378456777871,0.7758166707641636,26.77860862561908,3.220008625227975,1.1448756162187221,1.2926514030135574,0.7278308445522332,0.4805234293962696,16.703469553222202,0.1732521897863502,-90.22950617619534
3.42711596245325,10.39389354492047,0.9674100465427322,0.6374723717623191,0.7772119481457869,17.4655403999992,2.866831457335708,1.3634592441283035,1.3631275720508726,0.7832633809955156,0.18921022806019785,15.485937019640179,0.20191810184445147,-94.44133311788222
3.4008326983840256,10.539768850239343,0.9546389789331855,0.566064829519864,0.7245775474940996,25.65682976285843,2.6428244999086004,1.2448772229971472,1.356624156217242,0.7006732857027174,0.23354613266855698,21.931164155205067,0.17226654920940393,-65.76284144476085
3.4334272167888082,10.394411084423783,0.6539216292373725,0.643590739956666,0.7069283178563697,22.73389971055098,2.8734129813942513,1.3819545780921927,1.221520238929955,0.7784654529275177,0.19941716319421243,19.181375747677613,0.16292857466764496,-63.27366558836024
3.4236289313628876,10.485852118144411,0.9577544330739307,0.6883652298029972,0.7352336116147216,20.042415081033006,2.778582236262996,1.1237463454687773,1.1136225328551488,0.7560961072397311,0.18594645928040904,23.718929659139356,0.1818750911377725,-56.40456555811477
3.4224969301931725,10.775820694446054,0.893259653626265,0.6374447082419779,0.7248023154002128,20.969809381323415,2.7953285779202757,1.322271283932135,1.3018100736105838,0.746587905102695,0.23737282795034412,16.09159168698641,0.16745170416834063,-85.19605076597858
3.433072115902884,10.375059036074589,0.67501436559124,0.585759300425133,0.7242050158017106,20.25493464880181,3.0048567151390944,1.2991425353561177,1.248431770627983,0.7918536578349952,0.018951978969963156,17.55315037592221,0.17796563891787429,-93.79844793682611
3.43957137634946,10.52260238554858,0.8916892222818602,0.5743887496778696,0.7716364805402771,28.203564927409516,2.7315922757293993,1.1997192037724764,1.1474190284262475,0.7976020747979748,0.3431531846770502,24.6637674729857,0.17615345152770348,-32.24088180097641
3.423445714876707,10.48359713674042,0.9397591903236575,0.6790989252001307,0.7538795187734965,26.378407449903797,3.025084900597975,1.2235771857017346,1.2635758053409543,0.7956862861638344,0.410578694292819,24.273930804815283,0.21999280217085335,-44.68460244506346
3.402117835524307,10.89169384322237,0.7593558240772037,0.5602825644601356,0.7112757475564349,17.431895489551245,3.213598562379504,1.3971835509945723,1.2762209683920789,0.7876813763704665,0.32265323838234994,21.16697396925943,0.16651933077974865,-55.81226866186233
3.4032243349317604,10.885695546380708,0.9280430485823805,0.6274293709499061,0.7517880342376665,22.73497754556732,3.018481022402541,1.1013913031962825,1.2065597140189106,0.7158270986673565,0.09866282188986414,21.944361903028486,0.20607570216462412,-47.33284066398696
3.4327658943303003,10.841945871254447,0.6994801644565447,0.6582035339798296,0.7059566996885428,21.95719028719877,2.958392327093973,1.3852276137945307,1.1680150368549977,0.7534177319396476,0.1774025777035724,25.681120794639014,0.15256184953286653,-48.829453561046705
3.4177308175528016,10.620328771411645,0.9495914979453723,0.6197426940233052,0.7388075956634206,17.236112482551626,2.9848760841439237,1.3879663163879234,1.1475979755971544,0.764161524726762,0.12721837734162833,14.007079631112255,0.18323607038386794,-26.986625823329447
3.4355184654082764,10.31009401528753,0.9964503580094527,0.5925306592396212,0.7137706528689985,18.640184425156207,2.710218365174788,1.3915479411907632,1.146284947900697,0.7802924990970153,0.148554313258352,24.05239733506332,0.19946107042039263,-65.06251901907004
3.400708248288602,10.85647650908116,0.9886401176217711,0.6341456856168252,0.7526706659305386,25.268492743770892,2.7959464550914226,1.337343732626762,1.1028503097677984,0.7357867530972905,0.10881198139038918,24.057958471180093,0.18550128400037097,-25.52036787010836
3.418947154977465,10.171539289774644,0.6715654472254244,0.6084660722243679,0.7449671678755403,17.1696170598276,3.161776047557567,1.2692303175000073,1.3904983504365998,0.7491492740880011,0.030979251401114766,19.740003013812885,0.17652828802871345,-70.10367877712456
3.426681386716314,10.522484655366066,0.939555280637955,0.5792720993189354,0.7530050045262856,16.615326305213138,3.0839941343590214,1.1233911793037565,1.32780464598113,0.7127329430445917,0.36141053338142265,23.06347569957385,0.1558654764211587,-83.12810776826728
3.4140278213110404,10.321435390038953,0.9938624222301817,0.6996549962521595,0.7562944352761442,20.872583381507603,2.9878483209492726,1.3245402548478682,1.3502659210924153,0.769458621945402,0.3052477295217391,23.168621320375916,0.1722180564283632,-25.76428190545765
3.417016625287053,10.00770554734563,0.9138815486002988,0.5800275371124824,0.7046232849980909,24.664252272182026,3.1884592575361763,1.3434325252405488,1.3730389017386861,0.7249693534022208,0.489733400090797,20.7163716744624,0.19014944750983828,-57.69411142144581
3.430894760327259,10.185400591106955,0.9098933584640647,0.5778083196723438,0.7368058028465037,17.541149186922393,3.265280399017929,1.2683932831815634,1.2879454262375414,0.7883401035533822,0.3005796386210951,21.8990994994473,0.15764592523060608,-52.71176120869234
3.4050997751243623,10.204019749100746,0.9403963725759108,0.5654614250231823,0.7699755106465221,20.261968299521982,3.205812560378374,1.3625752777223947,1.1926275195287916,0.7800182018673053,0.11366280069248952,19.705333371092383,0.21212426503763437,-54.83843656115316
3.4377090621059674,10.140973670867199,0.7121534499725155,0.688351520211991,0.7462373045389957,16.65317265058716,3.0219600749625304,1.28431010727086,1.215533132466931,0.7626490262910871,0.012568472276348556,22.546921178470637,0.20060497151976095,-89.6838839846464
3.402718711956185,10.299801553934728,0.9857145384338437,0.5790522257781472,0.7793058015156065,22.087312895639215,3.0188079989427443,1.241361612876954,1.1523647818181963,0.7778612663126211,0.37170785642604753,19.21534824306393,0.1524036178293497,-71.36689002555181
3.4129626103937993,10.751279805146906,0.6635288965946594,0.5891009620207489,0.7740558222965406,20.169371677520598,3.1985080913104564,1.3185233743160962,1.2430948312364483,0.7204599622151256,0.2654997452601098,16.04368897201543,0.16962742376803155,-73.45372273663264
3.4322180132916835,10.540905970102129,0.9877314888807703,0.5838924813059391,0.7796633125846738,24.98202800188146,2.6854129834955134,1.3244105831770454,1.1895529574754187,0.7763378185880545,0.2867418869741398,17.383143295235847,0.21446304967708513,-15.314126500600281
3.434010416447236,10.180636278105636,0.8696638103662392,0.6238914875855418,0.7092247926137405,24.05471536235484,2.6614501735883183,1.2549617841990186,1.198174038568501,0.7436436292897117,0.4926701947063103,20.70479930679864,0.2115174597910829,-23.71519233139884
3.4211897135955844,10.002932612766402,0.736867732851874,0.6636918079420007,0.7228143552618819,22.558709147290095,2.956990517536343,1.2080301694232671,1.3252779355900615,0.772222521307182,0.43979095876886487,25.612051565556662,0.17251678124020023,-7.535061884627908
3.4092502599586756,10.643521232973779,1.002860989724605,0.6573622637400821,0.704693983237555,25.01970965574659,2.7234172793433467,1.3309889852178114,1.251616606302333,0.785080190648029,0.467251062862306,17.457750964566827,0.19879635684092217,-96.03747147656522
3.409641750220073,10.69254578971357,0.9335600307406411,0.6630553254017594,0.773014232379926,19.217418450939824,2.666632774906361,1.3606821837327716,1.1354810306398717,0.7766731273258294,0.2414243191691176,16.662956083220344,0.1958096727246704,-118.17365524939868
3.41094707727592,10.41501079854598,0.8684251188644632,0.6603066918152096,0.735105470279052,22.680924281315686,2.673307434541683,1.3854138198642407,1.1359571683360548,0.7733558763481125,0.26581325415442264,23.779078641300938,0.16105123893174805,-92.66975647091871
3.42290844056399,10.604330800895175,0.8889046691754534,0.6491703798911427,0.7156831303334785,24.10574680978916,2.861364946517101,1.298301463072522,1.39239757277629,0.7330812452460879,0.17158716807066357,22.189284594278572,0.1939829151778767,-67.60620567802547
3.429535449667854,10.070850581851952,1.0038290606415192,0.6159651006342515,0.7478708728134423,23.705443185904617,2.8936086455392287,1.166065639539496,1.217172804232143,0.7598234364670061,0.4398735518112415,24.49370224184136,0.18898377360717578,-41.16430198035091
3.4290664306166794,10.035569833429046,0.6968333928099522,0.606875312972895,0.7270923143889931,19.219613604160656,2.7785320009806944,1.2420024540535544,1.1274350138744318,0.7078766167224758,0.11544382008121921,19.910092047037192,0.20213450918789802,-12.466160443244803
3.4179728135052443,10.33392123441696,1.0065186714766805,0.6829541213943175,0.7474334706952693,19.688975874331277,3.136134730172606,1.2625140781672926,1.134551289606201,0.7715147404397584,0.2914694648615493,15.401587408627357,0.15798248394561848,-30.99026046121189
3.4167598059719255,10.704282531341736,0.9565837186060244,0.6971551527142243,0.7723477020520422,22.812907412922094,2.7055455091469147,1.3109918739324897,1.1727751581182815,0.7610903705701184,0.4971468979416967,17.27950587621985,0.18098776741163305,-2.696250478611418
3.4231940946523083,10.725041308092582,0.9082827898885982,0.5563172633825344,0.7301441201362883,22.04079348957322,3.1951113558089315,1.2417730681627868,1.1477105622008121,0.7687149999462703,0.2011697654885602,20.525009069940545,0.17943313392024068,-84.59091394940107
3.4169461825413436,10.14388917649864,0.9765037526008726,0.6983167501425734,0.7004347153715484,19.47396923158382,3.2246795997684155,1.3577162695723206,1.3552624831520943,0.7066863743961663,0.3316320928447356,23.883401870377682,0.20537820714853125,-71.46066771576967
3.423912445567195,10.40825953269443,0.9398597559733186,0.5696125603844465,0.7714672096377754,21.183012897507883,3.042138072524312,1.2605356030970845,1.1055896241115897,0.7401130360457031,0.3552036907750058,18.561976477313827,0.20096642682211568,-75.89649660507953
3.405149133511393,10.161641250804562,0.8985198767441287,0.6221223983711126,0.7552093889609365,16.190611512422205,2.9965573402958134,1.1904002051977491,1.2436233425560501,0.7302705204704983,0.436129824801765,15.99474315428099,0.19739272791399903,-107.32866175922399
3.4374852891708083,10.735461365908874,0.826224598648591,0.674778954263575,0.7031578424752843,22.31935236248905,3.0403969877532457,1.3918488658838193,1.2308297420757988,0.7677245550861798,0.05404206395804014,22.29826515464465,0.17872685650686307,-19.91688475490099
3.4186783728519203,10.32093267898165,0.9715194823488374,0.5862495652368613,0.7461328502092187,25.94693044704698,2.990029533338275,1.38012140816195,1.2838993049759133,0.7503086316916084,0.4467766442190804,15.392569517530147,0.18895372535789423,-1.614555106420255
3.419215798140946,10.032473947849516,0.8581627017304904,0.666402047893105,0.7522305254111787,25.263871762166122,3.1516373898735552,1.39625423098362,1.2678163095164194,0.717896877493169,0.06843640840621038,16.313104848251538,0.16978084804046528,-76.23630818480851
3.4298556072643365,10.021048065101724,0.8347730162714225,0.549943547132246,0.7095936680595519,16.09421577820671,2.9219393850374775,1.19229210648302,1.262919492578341,0.7806168682587142,0.23095586563252962,16.51957358330508,0.19778295830474502,-9.650509925582057
3.408480182049875,10.651369754710085,0.9011274805611049,0.6489514821756157,0.7212360106153586,19.157284781919383,2.8788476338319944,1.1824091677455935,1.1321113084018288,0.7773710906753012,0.42887681601717376,21.81614780723779,0.20264525404630995,-100.65959825935929
3.4171434713142874,10.381567142838083,0.6551816358553246,0.5810699158148365,0.7210943990075478,27.94494707439153,2.7051665960529614,1.303981630825327,1.1410530725443682,0.7519859506514971,0.03627061441734734,22.62255434484803,0.21052885483534228,-73.22949741613888
3.428751827897763,10.789775993862788,0.8869209735540193,0.5414840133981759,0.7784601036390003,25.968655047978004,2.8152820189490058,1.2117469761162039,1.111121422866883,0.7293474214199791,0.10115810825143816,15.376529301293356,0.20876139476623432,-58.02566838771632
3.431742650143149,10.155502998600081,0.874700255299245,0.5621377002053978,0.7538502113988698,16.597429043862185,2.9292924821535267,1.3960571854156156,1.1701403842577878,0.7999684653721989,0.27573500833899445,18.36034790335865,0.1857446647477061,-2.232622180426233
3.4299861427270177,10.462065462542732,0.8886705868584037,0.6971049762212004,0.7130344603413014,17.695583729304502,2.943234932202677,1.3893888242586474,1.159965585981134,0.7913038354118492,0.4193786372712905,18.354020567504996,0.20591227461968487,-53.86919670569223
3.405400220531788,10.848594349969918,0.6564381083190044,0.5752625513694906,0.7223522633401276,18.491911369123766,3.1524659672127853,1.1343454770607007,1.394488166639171,0.7860988621153653,0.42083552225081,14.521741356953017,0.15687505993601164,-108.43110536888612
3.401714406385696,10.097855922249446,0.9118181025587168,0.5758487082258169,0.760384333448918,25.000360310222764,2.984634801920532,1.1718923466526072,1.2575933594981323,0.7332992723900611,0.4317757695637741,20.1721485924909,0.18252032358730774,-12.597680736321792
3.403253468001417,10.226360643018088,0.96855147427854,0.5465919272273461,0.7126996357602605,16.46782376871643,3.094547044404247,1.1253859287051498,1.3253643075934387,0.7634079810123705,0.2969838714652893,19.290252005437416,0.19095317216927513,-43.26392781336088
3.4045685927947766,10.00627108314077,0.7671537809485718,0.6520734541473926,0.7571361275962312,22.822696408420722,3.0964576259101295,1.1053594910058544,1.2745109495726166,0.7865372890724851,0.24862523857982538,20.86958275082089,0.1681200626219704,-110.95412584575679
3.427803110679001,10.229476989990504,0.8279398370099313,0.6713921476188023,0.752058058934601,19.42088718549605,3.231686319759885,1.2365867912963724,1.26484991502727,0.7854825204474675,0.3602414221863392,18.778693831918098,0.19658863977887603,-24.597131350414344
3.4128619754670813,10.77411672489363,0.766408311855638,0.6905994679537861,0.7229179845330199,22.260818178186717,2.9223997984061447,1.2686990089097747,1.2957917114918214,0.7599737303962404,0.460051268502998,16.143347640703986,0.19208336149864427,-16.615970240395868
3.4129247832062313,10.69371065641956,0.9140861641379852,0.5887679029782107,0.7171012960887164,23.81503440586404,3.1886308684599536,1.1112326588280286,1.3988179860565075,0.7167344738268355,0.3339857399507525,24.44052453738422,0.21624854212997874,-7.946264375253094
3.408872576247438,10.527191521412812,1.0263957561976604,0.5567872169618966,0.7119376413024116,20.00352947323753,3.2537766548058578,1.1397647848560506,1.2533898681580764,0.7931440302602663,0.06247447864484915,25.9428407410556,0.15028800003144868,-9.30639633571235
3.4251210406922348,10.747554826533662,0.6759005351603286,0.6206761714224946,0.7340468331543225,21.236859548904825,3.0721602082520874,1.339608427609043,1.2069050234718919,0.7838964233289526,0.21381013793683265,24.62391524790138,0.20679159358681537,-70.64726264879347
3.4088002820335954,10.492308690476062,0.8963466242480437,0.6829896793761947,0.7544159652439608,17.56328704440993,3.145371368276114,1.3336840140355815,1.2253134295651549,0.7193576118353154,0.22688707258211677,18.200886104740775,0.15197384140920014,-104.95818563861488
3.4270623610727826,10.340041930680544,0.7725259080176028,0.6473019004920385,0.7369265153246572,25.229485374414946,2.9699854867593096,1.2233292147507986,1.282925083360655,0.7862761911357588,0.1937634070572905,18.280519325157435,0.15258734528301918,-80.41834329144329
3.4229572636438195,10.465745659206885,0.8788178085907183,0.6036401877361334,0.7406547691594121,17.804469134988363,2.869045500319835,1.3791817794456256,1.3646081908155072,0.7410851348974764,0.21402528129472315,19.491029143230186,0.16317801901860185,-27.708101933825077
3.430527517531012,10.503480472506455,0.6572991331731348,0.5541151136401388,0.7284704733233137,15.571278742716512,2.9913611653174548,1.3014380730819164,1.287799244646909,0.7615260327602489,0.4404079744985362,15.071096595609397,0.20301413170496563,-29.753507506289395
3.4046890348303545,10.117452034736978,0.7460114972858577,0.6947812975168934,0.7315093985502444,23.180582167202868,2.8903608567907817,1.2995451156918711,1.114412588696381,0.711260495511212,0.4815603792484383,22.293948888371435,0.15362129101787986,-48.22242360139569
3.4380153676963117,10.381035343676093,0.8645921813096014,0.5439952599181757,0.7189987858600644,25.821826557327828,3.2437980770861934,1.193917419397166,1.251425378819941,0.7239425533527689,0.134641150375055,23.419670408592722,0.17208687813922177,-104.62223991970752
3.43305842661962,10.505063187605876,0.7020680993780428,0.6544856944132347,0.7792183818207351,22.37173252530895,2.9798163507092252,1.1887317665385606,1.150422121595448,0.7120331234080963,0.15882603118750188,15.601483818234119,0.16533265614046722,-57.92986763924645
3.4241262775905206,10.561944679954134,0.6842723826093134,0.6715243466511085,0.7402736696815138,26.962757249233533,3.2106773779464075,1.3691775193840474,1.1053756929228395,0.7469399334111871,0.45889121672973127,25.6687432996494,0.18792693365476412,-55.048213823132016
3.4205826503019,10.06964473370186,0.8655206164539129,0.6029954283042667,0.7668061707453782,19.92536286559553,3.177117175459543,1.2185346706125435,1.1027983732002993,0.7188027609540598,0.14454787081579196,19.753881850198567,0.20750139865069894,-95.81550952380977
3.4254292986712147,10.694258158841205,0.8370597018231558,0.5977392075351778,0.7410726863383912,25.858556085381654,2.9023727454914097,1.3641792527339673,1.1898897945577303,0.7165915417103313,0.3651239947769523,17.283774305618028,0.20928734964857099,-122.68142953317478
3.4398804833215233,10.47834644246205,0.7013189248431154,0.6756797357705271,0.7472175919658625,23.160871058566833,2.8339323052574197,1.2672203769599115,1.179294049503703,0.7187222035370382,0.0967262678609188,22.97077468799359,0.16661298017529425,-5.815259741001441
3.4198999643383816,10.296007029812856,0.8632070184050273,0.6959207842763748,0.7214847003286622,27.364967676427085,3.0118352242430766,1.3352185017711664,1.2224767933794154,0.7692799348896946,0.30461075201568466,18.31321148085221,0.17094088048521905,-97.15674376373832
3.425455366733493,10.266792109410689,0.9799037497655462,0.6481952428522382,0.7703890030480992,21.41889808922675,2.9379792827018876,1.229241015102386,1.1192143496901052,0.7517344857615326,0.2617316323034751,18.784535400779315,0.20134622197662144,-123.28058403352871
3.4396043906197034,10.2147797986695,0.803957062661943,0.5612842368903315,0.760438560754619,19.15827356398514,3.1338511400495754,1.11408433626612,1.1195488276575623,0.7698573122646011,0.04356226107568876,19.489415181152697,0.1831862641848842,-51.67048546073575
3.401387358351528,10.824818332786597,0.9508286808479702,0.5859272773104273,0.7316951635106413,27.502781811295733,3.0506429022746566,1.3487419089473456,1.1381009584570627,0.7609394446388065,0.4563659701838977,16.742057822415997,0.20280905604112523,-11.870204619925047
3.4145201430467838,10.489315631862828,0.7795396567586701,0.6643785358357782,0.7323177001112352,16.055811515220125,2.853287450545254,1.356958988917316,1.1711952903868013,0.713456107048778,0.1965296591610641,19.461780666583614,0.17447459237050697,-118.32753786824262
3.4057057151494847,10.814391544295848,0.8479464828254437,0.5409961351754864,0.7083907261551962,24.75349591269377,2.795891751208679,1.1147539459856939,1.1706872258420222,0.7085892744905371,0.167211669406243,16.850007692307592,0.17709483439888257,-65.58575545249758
3.4094156295193985,10.847666702485991,0.6517498056799715,0.5722921856596503,0.7514865176088814,18.042925022633355,3.052455192378576,1.2937323941133148,1.2370882460789552,0.7811994340443866,0.13802453649787116,19.302475630121023,0.19905665083133323,-57.68351550726169
3.4350449242505388,10.765284226215387,0.9593089536042931,0.6204746784144431,0.7416188752020225,16.26657842828502,3.0650460993737707,1.1219043115296183,1.3183491692609626,0.7737505337541631,0.4226718239369374,24.063745754123914,0.21871547226265525,-108.1090485811798
3.4175212023046795,10.65121482582136,0.7653053037511991,0.5817905947246532,0.7440019572557574,28.10690429384451,3.2709854997736314,1.2023291953730035,1.2910421027233128,0.7570002433647922,0.3584036173100056,21.021481045487015,0.18420925944617647,-59.48805031251385
3.4290880793915175,10.027618000505008,0.8854211927932631,0.5623025904719451,0.7450174379826476,16.27225773927428,3.1325572945454887,1.1339427112309586,1.1972304343537117,0.7231813196341427,0.22806137747672328,19.68111894843419,0.17993631278199623,-81.94348887944004
3.434069812543882,10.227062682108038,1.0224309670155165,0.6038047618699953,0.7609732445824144,20.05799345473013,2.9385635591195,1.2247892435438823,1.2314766840163414,0.7906740229303248,0.36397608625662,15.130638329764798,0.21675856070946903,-111.74143248411471
3.4176463269053974,10.384314319116655,0.6597007807717449,0.6028109111166577,0.7476201287117707,18.744405640443482,3.056894538350914,1.1761421690685,1.2603607466589246,0.795934827255053,0.19508811666003825,25.351310250094947,0.16567024053419874,-38.341606192507186
3.4071116406151525,10.748458630126105,0.8115483263836831,0.6657776470647746,0.746676134320555,15.394593839982951,3.2052405069809495,1.126144387531824,1.1178093202384032,0.7194922351556958,0.41337008471660064,15.870638748921435,0.15343541645820874,-43.216205851377765
3.43777423339626,10.769321396551737,0.8849288488949114,0.609539882760033,0.7544934506304248,21.51676283627627,3.1547893445365194,1.2894017057304592,1.292311452021978,0.7253461043715003,0.25065483418424994,19.106245789102054,0.17681372756074432,-8.413887626546384
3.434206308403755,10.821141034560819,0.9556243075758855,0.5535830600179662,0.7397579186026138,16.512467104891613,3.1144426758027794,1.262652659404062,1.2948928067425285,0.7732030875250991,0.24313531703563715,16.736035019395633,0.1986971925971438,-75.0088828142155
3.4007264995949034,10.607351892446745,0.8365207994614479,0.5920946079985514,0.7695339774919894,21.251478028176525,2.9608907452383058,1.167320246019679,1.1265011182523843,0.7414497012749954,0.006975116499176034,16.563159208894845,0.18957824378615853,-96.61022261075081
3.421638035979905,10.090008477136832,0.898434628241895,0.6873510149654145,0.7501468065992875,19.813757745603876,2.9870273629185813,1.1953517337928636,1.3094964212803246,0.7703571432520921,0.38571429922017714,20.63302578957404,0.19092764286508704,-120.92189445705671
3.417859366384115,10.193455949846424,0.8179223336718433,0.5688178107835298,0.7351404288801155,26.28232382428278,3.0371194432308055,1.2546567913510156,1.116767851355687,0.7655754338507426,0.09701272465881135,21.62227652563255,0.17522458295298718,-71.80941130141278
3.412379214188836,10.881755523861994,0.842031212926502,0.6473594028860141,0.7543954180723362,24.06859396793851,3.001699597291645,1.358139625938919,1.2724484138054954,0.7088075802099277,0.2718599307607653,23.269975876368136,0.21706157401561926,-93.08059773175519
3.434317662866174,10.368802506711708,0.8335520087507636,0.6392981126887178,0.7003636169643559,25.616327342590772,3.1139221882416432,1.3273330389564086,1.1377134557264952,0.7065747677694489,0.041317738306776416,18.239099167629686,0.18136950980726213,-37.10707601896188
3.436919944490564,10.065613519899149,0.8436887060157172,0.6692458441247898,0.7002865711508817,27.64275457337545,3.2550193670836784,1.3052622460989591,1.244920325512547,0.7279404762541015,0.16346202223277084,15.44076877544805,0.1898547091962087,-25.15019345522613
3.4211068698942726,10.187772974060463,0.7043312420671091,0.5660138180812013,0.7715675852174262,16.691488851366525,3.1653209388487022,1.1367826631468485,1.2153943838343613,0.7283170866134094,0.4837177500109101,16.65534078257839,0.18752968056544544,-71.79353673977793
3.4019053143014593,10.378734765810057,0.9511110160964671,0.5977124273210568,0.7308074243370536,17.399262447469457,2.6847210424614367,1.120173449017089,1.229776032095675,0.7829758942651316,0.11831023397515013,20.89630311721539,0.20673702641985492,-121.68160500938868
3.4040735133377447,10.423219472407766,0.7908487774014894,0.6189196739347362,0.7344198326971603,25.83846386197265,2.895823446288546,1.3011581175351434,1.2420068844505847,0.738061075587249,0.448544553667432,15.947279123481259,0.16621850682058523,-106.57107560204079
3.4134124777217694,10.684026223403674,0.788104902327285,0.5454475795354035,0.7401616088848787,16.268205079074608,2.782859484380357,1.1065688771133204,1.3360842715661454,0.7218974038363432,0.2881870728433325,19.296279969809834,0.2044686786088097,-84.68421781802569
3.4301102583387695,10.080308310374956,0.8257049226837477,0.6689872226285863,0.7615244883038454,20.31334597603381,2.7639311907292985,1.149280004573869,1.2133914280233429,0.7343687369979008,0.1142235001973638,20.963347464197284,0.18963895859528984,-15.389975148000318
3.4051785365499407,10.23437692404919,0.7682191789900461,0.6357064196631967,0.7267931605314089,27.20783771786123,3.0954208281041304,1.1765659214002575,1.204683359329493,0.7170471379672291,0.42558464168778365,22.933423177365718,0.2128525560603179,-22.971639212952567
3.4253840872052774,10.189229628827878,0.7628842415684052,0.5565063624191889,0.7563201794988618,19.708531673257504,3.150718107023511,1.3094788347888586,1.1548913356296038,0.7086256212071019,0.42676388866491083,20.57167965594453,0.19408151127906903,-94.20149463573597
3.4290452368399005,10.81243019277256,0.9599089101297589,0.5667482179014914,0.7724159804560083,22.302187186251302,3.1092578569664444,1.3798895882557898,1.2359170544714206,0.7767202303019753,0.18390080740977002,24.23875123706923,0.16813124120202916,-86.74824360443074
3.437697479064981,10.493393363017281,1.0014675242160584,0.57432504853383,0.7359563899139098,19.678100534875576,3.225681202755816,1.1002737638699098,1.1064587961789778,0.7215095013390354,0.45105758778769844,14.189194344851474,0.20782509652341746,-105.05892247604635
3.404843876389914,10.366862705530943,0.7314349629302158,0.6416443147006423,0.7464292761778593,17.725201348755043,2.724624023102004,1.2941277199111176,1.1151290743805398,0.7071518868862772,0.1432616501691126,14.098010749200414,0.18129452081598288,-88.82049227271122
3.4146397158654787,10.796671824286035,1.0264773001116705,0.6097620697160882,0.730772305476829,25.940809690007164,2.7729458335089516,1.356406174453623,1.2630894177356873,0.7836053078125464,0.27125469450137657,22.11924143490998,0.2186083836257911,-5.7440817639954105
3.4242307078538547,10.09711169762115,0.81097132440726,0.5789665495930304,0.7542987158956196,27.841660764462453,3.0416171162419094,1.2787206256214174,1.3294943506758967,0.732488572354191,0.4066212355560498,16.53999125179312,0.18145309255747344,-88.76825256127987
3.4043252738608882,10.194567949328462,0.8541046420913282,0.5711097906815676,0.7068679493418903,24.62438033561736,2.7257139216524577,1.1910270116301904,1.1029845126933175,0.7071085635338682,0.0797535069987523,17.573879330469175,0.1963028250630154,-3.245586403652297
3.4112583670787906,10.424691293776968,0.7652161444299986,0.6514349975359469,0.7403121959020931,26.953666318777845,2.954354872116726,1.2283957529605882,1.2495562385005858,0.7364790508253481,0.08825898475211445,20.16331446009254,0.17393348080986842,-36.323318486823766
3.4171526162517702,10.234697568717694,0.7502970578827739,0.6538847994660317,0.7359102144948129,20.36015227218448,3.0993126842752394,1.1036300205359235,1.119100995162719,0.7987306411720247,0.3837470178329798,17.353676314012727,0.1671516756266519,-47.00738450618124
3.4128587600189966,10.86955594214765,0.778287892369368,0.6126336194700468,0.7496218989760595,26.815698286497145,3.124698164489087,1.3809269486246243,1.2232380484352723,0.7938057588304681,0.38929252551190496,25.03774551121232,0.19999863977128707,-41.21457160490682
3.4273572419201885,10.353532933446944,0.8047808431988053,0.5805009288480737,0.7727661003120184,19.11335240319956,2.7446961756984063,1.1382991284852733,1.3062849353583295,0.7057966879495017,0.17532736040184757,18.80106941324424,0.17374702323156527,-28.127221671463772
3.413041176281709,10.686388333712383,0.92152453375499,0.6283675543683155,0.7019351455246245,18.153883597199922,2.7598396316522824,1.2484677236156347,1.267713519266864,0.7753513122144773,0.4118712063793417,16.43094015464021,0.15353243863385027,-105.48091931557578
3.4091017329843063,10.11008056379266,0.8216322152544386,0.6484126875822105,0.7797348726014528,26.012023776329748,3.201120473121885,1.217200174658445,1.1869487685451536,0.745710032450817,0.058942602135864004,20.076781666099095,0.18011729713877125,-11.526725330975054
3.418267925231172,10.140750871822089,0.8853510135835103,0.6142125315978062,0.7470435956461106,26.35265448133636,2.7436732358138602,1.226849010910293,1.3781719989293364,0.7253642038552708,0.03996401960923863,22.169140181958333,0.21419568144588308,-42.493868808800585
3.4200083634133853,10.730923702221139,0.9384558761085411,0.6109640150114957,0.7702807033587933,26.434578467809246,3.124903561448274,1.1875698041295613,1.2101194466817915,0.7686628195138261,0.20807498393124702,25.65049603675028,0.20986483576082204,-92.3863651848086
3.4393138132984853,10.419417401543601,0.6643766416128429,0.553534849704555,0.7364659370486264,20.547333401298832,3.130001340330257,1.1222913973863762,1.3012938196750359,0.7583776856783218,0.0877692487986125,21.060974730628907,0.2155969592611889,-43.027401898049575
3.4111441709057138,10.659246282187397,0.8260894770547975,0.5561930162970199,0.7365001995925057,18.617299622508725,2.6917665231823333,1.3413119961718902,1.2771836805853758,0.7093680706807803,0.14358954413494038,21.404876018658385,0.16016291265246235,-60.87794014971193
3.415157558505182,10.128704960557371,0.8493130057783416,0.6983587523001012,0.7488754927779471,20.01264866459678,2.7188967678737037,1.1720144132192922,1.1852745216194864,0.7855099894031152,0.30374310920077835,20.10998864139238,0.16124351285627592,-48.34842608922254
3.4188151483126883,10.554048136697558,0.7522003240992179,0.547609641544742,0.7472651009959694,18.135490278512332,3.2422372302942843,1.2696395408472476,1.1984134167900988,0.7784388271798428,0.29244158083664656,23.084437423986444,0.15122605215994497,-104.20008111800237
3.4187488994955273,10.135870753095928,0.8207589238054124,0.6744390705735888,0.7283093629725881,25.669737112076685,3.2176900449413646,1.3642222990365656,1.1327059116559508,0.7406417179663674,0.25464841160850865,15.521507017610675,0.187722405211025,-42.92361190119432
3.422607660217828,10.295324599177967,0.6792400982523963,0.5868443756075177,0.7392034293657264,16.125215694826363,2.734797425639594,1.2802237818769746,1.315325947158058,0.7012628224175377,0.15000944881191544,23.613277550391924,0.2107836412569506,-84.61998610219155
3.401359892442351,10.392033135536208,0.9706465890046894,0.5768070993138148,0.7746192827845186,16.538787837708583,2.7709492586931264,1.3225251040777937,1.2996197802752343,0.7156625334794077,0.09456593183717012,15.497837409522713,0.1592481463845893,-28.620623777083665
3.430710424709845,10.848802482393028,1.0035842436659093,0.6129764321370444,0.7133682864995796,26.834870943006496,3.0381168179286204,1.3257990755161466,1.314337809266093,0.7011023855033045,0.03978626941968847,14.763587231023276,0.1842743143791954,-100.5416686931232
3.40145889608358,10.389911900601197,0.798159063025666,0.6859843126502272,0.7064040653554492,17.692585648003714,2.9470873470263044,1.2695802497176247,1.1906230242246676,0.7015224377621277,0.4948598611603402,22.935121260448376,0.19538809849864056,-58.356461502952044
3.406862898014078,10.214488750963833,0.7139748129820449,0.5879389546282343,0.7564454248743355,21.692366628753227,3.064544250049715,1.271535082703088,1.2764238590420955,0.7679840072152297,0.054486399835600094,17.511923435131862,0.19841703373269728,-32.4539599090336
3.4235436275302917,10.817941814488439,0.9645081066654856,0.5459735678861014,0.7487887174573099,17.87315600012031,3.2534686922022322,1.3949197380267861,1.1676675251239916,0.7656821276654124,0.49579250219584586,25.53204043523405,0.1590014098044106,-38.05046016164616
3.412190794504552,10.0877566874474,0.7959492960883745,0.5945087710702182,0.7365483103090321,23.280525784443086,3.1609847793826003,1.2414576471651189,1.1076810249612463,0.7658668711947856,0.44943949746852807,19.685585155639572,0.1741820242357676,-18.884134338970384
3.412128619468781,10.609421961678033,0.6835162176684846,0.690424944966032,0.7227674458609358,20.35243623379833,3.165769877327187,1.1879922302466508,1.2417223337704588,0.7416753108030051,0.4279109385665318,15.02018618969515,0.1643345084137523,-67.66362135691597
3.409097296779836,10.214117534593768,0.8110942645689849,0.6128044252124922,0.7596331403626359,21.1592156929277,2.900129206563279,1.1412474329598483,1.209822390539502,0.7604993610202815,0.1562406495498566,16.23451416482964,0.16825799757588167,-45.998831747077276
3.4350054932543164,10.579154247387516,0.8669703284954096,0.5836214757519286,0.7189501187998648,16.99068566899506,2.901369239394215,1.3717027918928966,1.1769795044947517,0.7205838143129757,0.4189568155344329,25.740670892649398,0.15917003428401694,-73.25554704534196
3.403909984656119,10.725465465120664,0.9620129767415403,0.588065961115761,0.7440536993864953,19.488232556417135,2.8835211573068027,1.2913940103487598,1.3085947654100383,0.7965646850160936,0.32997800142430744,19.50912467989603,0.20680741069431502,-26.590707734990715
3.414480980967229,10.54775755541026,0.9893999024909121,0.6535762452010085,0.7581791376113141,16.106538609137303,3.093249071756464,1.1446044671180424,1.2337215130777073,0.7760937276649189,0.28675550856830967,14.601249205276671,0.16744208621221895,-96.34521435027516
3.4122121770760026,10.169116533785743,0.6961754523128132,0.5436304255117838,0.7365912738943658,20.81282940093775,2.9075990050521665,1.2618620720675746,1.1173817372850479,0.7520188457961463,0.044009472343827565,18.235949681619942,0.16184432806212892,-39.04248334831388
3.4157852532824533,10.551691412591161,0.8722370326117856,0.621692477015931,0.714431265140134,24.860277390969483,3.089035105225518,1.1978252091307355,1.2106617413081915,0.7005972277334122,0.07136522660678836,21.02530102056545,0.16810616686978175,-36.35865806148516
3.4319374119183403,10.30396109132167,0.6568500235602903,0.5715564406525857,0.7464021583037919,17.930433988860088,3.026204516033983,1.285678524533309,1.3546204963184754,0.7457791933896882,0.2899734144949454,17.310533182000235,0.21206408896245077,-102.19720218759645
3.4094818236172877,10.804668068903599,0.939445504627272,0.5794881750695802,0.7209932758753314,16.59889143200693,3.1755368864841858,1.2895822144698943,1.3643864231914755,0.7424746948564048,0.4132037728716732,17.059360945131324,0.1567278272719291,-76.71028256669153
3.432538639892713,10.425750589652639,0.9714173048219543,0.5933075669412264,0.7256695945896738,27.531747834969217,2.732231795178463,1.3049438826101805,1.1474543862756488,0.7343842472548547,0.34561923579091214,20.09677540959464,0.20985117726717373,-117.2780849870866
3.4140112995206384,10.134028211205113,0.7717787366240703,0.5670635284921267,0.7481739950035243,17.82893412275646,2.650605622211809,1.2347192580771877,1.381485577509147,0.7433271495271369,0.15764067961073194,19.66738822865709,0.18155811151182535,-93.00723496729994
3.437968031548371,10.675734099439758,0.938262797615577,0.6556875827424841,0.7221309772072135,28.293133386217658,2.7434110259012296,1.358475912736256,1.3016622415545576,0.7448246743289901,0.09299301630002842,22.80232732280457,0.21128149567519747,-22.449972480631175
3.430425189391436,10.523330471569253,0.7999043720223479,0.5701054933699191,0.7573786689293226,19.627932505350337,2.8282863955960607,1.1965726551907414,1.3000797332629963,0.7703724006137013,0.3693259273991267,21.00701247938646,0.15327882165882872,-67.47030350227138
3.433405937536676,10.243630131765087,0.6758062048931769,0.5757840406383247,0.7313994175262244,26.697646448013266,2.7413643688397182,1.157414810627127,1.3036623814733248,0.7244617463202923,0.4525159185041947,24.03714057188047,0.17058256125553684,-121.48557738196419
3.405185491739379,10.524242407643937,0.9844724154236566,0.662738823071512,0.7621995273770885,26.95952829820284,2.903199507007331,1.1571476861624104,1.2440522976490502,0.7275526782697038,0.42680156544371617,15.24303714125739,0.19289784769028678,-84.01242069350039
3.4145153252207954,10.116083467018152,0.8303911696876785,0.6534558025480257,0.7472018894423903,25.17109669969988,2.985331365469164,1.2813894516343578,1.1505304746295986,0.7241955395572814,0.2604418669517136,19.338201843360494,0.1904826618852214,-69.84061275841404
3.432389078489745,10.048429684949387,0.8093192227601442,0.6729184126865961,0.7094947670895078,18.28264399087426,2.9599390288567653,1.2778363545593712,1.2223153617562794,0.7841472606058668,0.1368921333174181,23.807757564350474,0.16440068759787788,-8.834123932993563
3.4026795144773727,10.344753732588119,0.7623807530558887,0.6232968306017846,0.7101952971531754,26.00157045859943,2.769592217931524,1.1979187791662702,1.340257114087346,0.7862387918070384,0.3823774461669557,22.586967145825668,0.15011595852276222,-8.795196469514394
3.402365998177986,10.513095073986893,0.8929446253842397,0.6150756021891168,0.7096983855820257,22.343155290595426,3.0822290261428567,1.336156335408029,1.1743967977827325,0.7436976241034131,0.1264242831125344,16.476413496725883,0.18504578834218638,-70.78553827144634
3.415196368474123,10.492076397511013,0.8354904982668373,0.581980840352558,0.7168112695168478,28.201408641560292,3.205647360850638,1.3709975304546989,1.3980838336644406,0.7086388236614214,0.16104971043849892,22.155678781766756,0.2109299753517688,-14.709897690961284
3.4339515388009128,10.751543726068153,0.8704633086025743,0.598141965686807,0.778800857661578,17.41602091233943,3.1686608318527343,1.2060081314791717,1.266978337273493,0.7531505420164113,0.11535832068516316,20.927657054946202,0.15270561001779884,-46.44064371453224
3.4340937440498367,10.135048634892357,0.9814077633384172,0.5954206654118487,0.7090922141210182,18.48906849070157,3.2028314789782795,1.1488380358470505,1.2079118993407854,0.7782782140463327,0.21155406803502935,22.373850652338426,0.17790469924220112,-25.55663176704367
3.4391284571741614,10.592469621954038,1.0129316146555258,0.6870058959025851,0.7791829041685224,15.545889914379549,3.077042533310233,1.2413073692355092,1.240523627526314,0.7815906392360095,0.2045808323040263,20.385490663310087,0.17997688015380958,-63.9795103243873
3.436575824139048,10.897807503154048,0.9561149843296374,0.5959617712759817,0.7593292964364211,16.522490490243133,2.8548902878236815,1.2666825817828267,1.2146971485365838,0.7375849557083884,0.16956250590779082,15.663575388970342,0.20553930212069008,-51.40342258614922
3.4339470016435234,10.65536111492494,0.9346616569621975,0.6148602715870908,0.7684809585977868,17.678422642430622,3.247051925651182,1.1906926576895311,1.1986937899075054,0.7773480904935268,0.13029883150481733,22.273189673692798,0.21876707405823198,-8.155257958147715
3.4131324665728555,10.784982831306591,0.9361381625162586,0.6374982813196468,0.7339772672558507,25.043124965675503,2.9570649330276315,1.1093060592625255,1.3542274324083907,0.7285419070782835,0.22314329514601783,17.517295675048558,0.17313150913999723,-1.8507886220070304
3.432525973470277,10.172299851208045,0.9678671561103931,0.6123279442808056,0.7189116547794352,17.442076929766873,2.8036608292077436,1.2450467450479015,1.3907514620121795,0.786122854377164,0.10397191624342694,16.886848922325488,0.18059326210061677,-65.50427492162602
3.42810202399149,10.514919909477895,0.7577663657076334,0.5930882936010983,0.7614396237517334,19.425437741845634,2.8556349893776884,1.131656665580962,1.3046692396939643,0.7700767679637825,0.11888918073563123,23.43540107795,0.1635241755810047,-13.254145636357407
3.431548693309997,10.398206894770585,0.7226607607278636,0.6884029885173979,0.759861247838264,21.53713568732808,3.1834989232140893,1.1244443411092748,1.299487618902739,0.7133487143402966,0.4029295185074036,23.91529671623934,0.19673674941621327,-64.64600154815487
3.40069791651874,10.003889087824467,0.7941402787494766,0.5986786447296684,0.7022287753191142,19.583513530252038,3.031335476613258,1.1108681919479793,1.3566540070601172,0.7335077321293869,0.17551044355669437,23.523701355822503,0.16284636518270826,-123.09606520497303
3.403102186760693,10.781963439668255,0.8977606027812534,0.6089461028198377,0.7788633838235395,21.96204044331477,2.9196278374775826,1.1342331067740337,1.299212326585372,0.7015869861617996,0.08731551190717914,20.761965353521653,0.18294475933261167,-47.1838863493233
3.4012516784682623,10.412760922518668,0.783883549436215,0.6574940692887127,0.7377046445268156,24.951154460645363,3.033335890091471,1.2327173015356634,1.3489261871144125,0.7087302877611202,0.37163433205702906,15.215112415971314,0.18282974457189452,-93.22597429458102
3.409194764103272,10.544284246809335,0.9543259085384863,0.6660547642195243,0.7596723191244544,28.13501256952918,2.710696341345891,1.3762097414197763,1.2789341687146885,0.7109062890330125,0.1794528794238327,20.987568115321636,0.15014993116636702,-87.37743449711812
3.413826424840952,10.164662164597143,0.724267636704806,0.6122825406455699,0.7609007087455383,18.436036049777226,2.706922268416541,1.1540397588134257,1.3917460621202462,0.7052124072554509,0.2513591694776264,14.35864336190887,0.19867543691033593,-79.43148193164897
3.41961544440245,10.738329442064392,0.8087925106180134,0.5550464656017665,0.7301072262989322,16.214477383257186,2.7524464858031044,1.3904456379843046,1.1387304026755756,0.77745714771493,0.15609663800943563,23.005244617644657,0.17755732261751217,-80.71580951673124
3.4048613398348992,10.344674589576053,0.7950000886437153,0.5824792063261397,0.730618974659069,23.551315488610946,2.717856217214919,1.2881950909984483,1.154836109759419,0.7176423019626321,0.07052367594233958,18.84491494554446,0.15453921190880754,-34.334629519043744
3.4076845411031393,10.012315853789696,0.8720804665717844,0.5928857905023067,0.7263507283171825,25.027060282461342,3.1365642279071335,1.3734560197914503,1.3182640124205096,0.7346058637012173,0.26526330600991455,17.15380086658306,0.20822408250190497,-13.951474398736451
3.4177069881546838,10.179310752295358,0.7828786965419008,0.6697975506631586,0.7628615521654517,22.5450287851435,2.659098803488556,1.3810946155137855,1.1736850605266322,0.736400849008984,0.4040712485131416,19.26351394832226,0.1974644786268273,-73.15521859363673
3.4192408822783853,10.81495448607351,0.954189792214244,0.605612727221627,0.7120140725986949,27.698972028093564,2.8015249759846257,1.1065778187911421,1.1107702404634516,0.7547834240850261,0.1914223482673697,25.781272423536997,0.21637427009131038,-18.47231601978075
3.4373640101192766,10.891335860909313,0.7048946524043374,0.6686717326478484,0.7272024688421314,26.213977852632524,2.8325739058523474,1.1530733325118105,1.2309863398879013,0.7728464861263196,0.46750669076974233,20.00189814087904,0.15125085793629814,-42.33019302025588
3.4035304184383497,10.796224296537389,0.7055962577230385,0.5755327887105243,0.7332009876311846,23.500167567329868,2.8894416937998297,1.2284298600187569,1.193261016581022,0.7821773232572647,0.3803120724326674,18.37008211652556,0.18291717866806692,-93.68764943858244
3.4398289447979455,10.751334307103809,0.6707030730921735,0.6870620931478574,0.7731552036549684,22.185222039487535,2.692062348801846,1.237940454332808,1.1525170385612475,0.7277538094103405,0.12018910096518247,22.727765776439085,0.19239879115049965,-79.80550189260083
3.4094666269993787,10.768239863320188,0.9355139886539904,0.5957908505254812,0.7148383692903488,16.649933279806977,3.1439026720893417,1.2165561674429215,1.1791813586746325,0.7286652872610607,0.012462625008587415,25.338784527532123,0.19375681035240663,-62.62330499375415
3.431007047473756,10.51224246467843,0.9402294283363151,0.6864219953045049,0.7741593410949464,25.169661461707932,3.218577451161529,1.2415534273700426,1.1549632515705457,0.7169362293221468,0.15327294518322795,25.656830162851833,0.1832621508231468,-18.57437335036147
3.4387977684835396,10.472694891606741,0.7108578563237332,0.6159733747030276,0.7541901253895438,21.019530808882607,2.9437020928630018,1.1706897628993163,1.1286193132516427,0.7593716361374567,0.43900446425398837,23.341992985319145,0.16602063404535083,-15.819868804200084
3.4032297953515824,10.706946870686174,1.0058345626506848,0.6982285219166493,0.7693552556555183,22.97895286181172,3.086385863351117,1.124877891616289,1.3292396452030615,0.7566460345306805,0.06296925916687252,21.091006432327696,0.21938162793475402,-118.90292073910878
3.4237547435637636,10.857320754138449,0.9622201753717767,0.5948536009578086,0.7690442657060557,16.984250437795424,2.6893430746874984,1.3832451228496316,1.2581661657189083,0.7644609524069026,0.24011609746490908,17.387667377980915,0.15491029918979704,-34.87156253055542
3.408353097621197,10.211237210515465,0.9193880785678405,0.5479198213747656,0.7101167663982869,21.11251050962616,3.1618274423407002,1.1113646351407238,1.1094391383095934,0.7004645196388577,0.17054611586381674,18.958480894436477,0.20789599534152106,-55.71196669116833
3.42927059211312,10.809566484793626,0.6520614601765516,0.5583904547847859,0.7409658115223204,17.13422176880765,2.77549476540418,1.3825904929742134,1.1522120868130288,0.7566735767578575,0.44964339799094954,21.557160386893475,0.19325854234745,-98.12110961281898
3.4019661669027794,10.147649514112146,0.6919123147832569,0.5541975765167495,0.772081196609763,28.185617480250293,2.640943739442857,1.2393413899424734,1.1179919587373766,0.7881814920508143,0.43621213752857807,17.62853423948451,0.19853318781590323,-77.08131650515784
3.4143086762647537,10.533729597365728,0.7001310893125999,0.5920567932342603,0.7638943026370693,22.740722430093754,2.9637480285453575,1.1847401092323662,1.2044707543480315,0.7731984285098248,0.43861813417495743,23.843070440305723,0.19008190191522414,-18.416735576498283
3.4045917728821666,10.387268704590273,0.9920259970055105,0.5576826725456777,0.7349933625687486,19.550560208106774,2.74400209747679,1.3912432291522765,1.3564075330727043,0.7969044806942835,0.2246733199848158,18.979309871432964,0.16177743779306242,-10.750574592238024
3.4077851379989927,10.060417364382959,0.8429128599917095,0.6605755841102168,0.7384765602872828,24.523586836447116,2.7363024865586953,1.1031972389878326,1.1978671131627612,0.7088475642013592,0.15280604624410793,21.204220279993834,0.15194325626064484,-64.34352045303449
3.4083077056424322,10.346885429338775,0.7907703827884935,0.5958596334100651,0.7503015940898357,22.53035584802032,2.8528926188586143,1.3743141724374075,1.2457810816258728,0.7800061420179275,0.2512629751990852,14.221225573452926,0.18179797517677782,-60.081698244720776
3.4163124045479116,10.438601481254953,0.9527877968574843,0.5815433633555046,0.7189544789586119,19.757971763301732,3.0538465592981394,1.3906674100884548,1.1665400053986779,0.7100773823063476,0.17513014143735942,17.19762477513289,0.20476750165360247,-105.92166398339876
3.4026275838778055,10.82817220771666,0.9267853488247033,0.646819318317019,0.7692560159299962,19.819886461275843,2.888762055397885,1.200592528039585,1.2658368981296897,0.7037523759870952,0.378234622243906,23.100551536017782,0.1624928535961253,-73.76720452346132
3.4084452656334485,10.12945414399691,1.0132797047817605,0.5718884770917035,0.7053977408084261,20.72347489420629,2.654169442250664,1.1855206886284844,1.1709716766009037,0.7008226991074833,0.4427025908917612,24.633570296701254,0.17947995713638815,-27.526555732378895
3.419188774856717,10.098171886812908,0.7902997642573965,0.6696531977967701,0.7051299599586073,22.19478105827724,2.8070211941308982,1.1341856189244057,1.283794935334658,0.7612174325763341,0.24476206979651227,23.62184198836035,0.162332088477495,-19.783565062063417
3.4157993812942897,10.252914479358312,0.9232979419722027,0.6820362771261685,0.7004866376583597,27.884163891627452,3.082554662090589,1.130814281056873,1.2540425258256633,0.7639170010391858,0.09000543234590373,17.510412721430242,0.19032383945431763,-102.52313642370247
3.4398461016837394,10.70459581116239,0.854083961465305,0.5729663117522045,0.744124928541913,26.69437227778596,2.8284878332509047,1.3538714551972746,1.1516731234063797,0.7001796751482166,0.4490941479355121,24.141792889740774,0.17335881547042079,-11.066154504230354
3.421352431164528,10.4796272227519,0.8222008172604082,0.5465999239411184,0.7252869837707597,18.179011869562338,2.855868106044065,1.2857131335376744,1.2022674291970046,0.7505039231498947,0.24827533564226134,20.04251983304278,0.1886959759985493,-32.1722563156945
3.415272877110536,10.279418619280648,0.6509680741283939,0.6636966742361968,0.7207017517811338,26.548795358057856,3.125121027983473,1.350387370647009,1.244019451238978,0.7605294507747956,0.00038729716250135443,25.049874486164533,0.16714324299481517,-108.81786532026645
3.4272023221482644,10.542526082782208,0.7062822302743407,0.6012176055758955,0.7030135018405369,16.462568797485293,2.97146703162996,1.2188652196597791,1.1797095262541326,0.7229571124486764,0.146431595601198,17.027421546621518,0.21107536172703373,-2.4526820668498033
3.432287272998818,10.616213033578566,1.0083185118385543,0.6099440282972746,0.7115034355595584,24.28645510701892,2.7325870658884233,1.112190966403971,1.187289296861393,0.743391477712126,0.37908568429863754,14.7616039964458,0.19173140072260864,-95.5303597164064
3.438402117667462,10.60932374352744,0.8243233239865986,0.6528841995871926,0.7436378100827901,25.994753890763434,2.8447751129214796,1.1613340441796858,1.290323264822852,0.7471259237705068,0.163206534421975,22.81350186514863,0.15243797130297104,-20.523923434766772
3.4214682863016908,10.129136918838176,0.9636841218675173,0.6402202912445472,0.7704796545789416,22.70075346287042,2.808300706994186,1.317239610282533,1.2755401055294486,0.7397304742912832,0.4239423511110638,16.633453238910104,0.1831467776222839,-25.79887562943229
3.4183763885553096,10.768463877693144,0.7498956825404332,0.673362752115722,0.7081663318569325,23.77272209400786,3.26137026619053,1.3152834159064324,1.2408400968389726,0.7415286047748499,0.08510646392890209,17.350230212636262,0.1546722468711689,-79.32650772121698
3.4040544191684217,10.330505014935067,0.6690544199555665,0.646388099730074,0.7756490242599532,16.0755355328345,2.882287264723567,1.2864766316271203,1.14545854701843,0.7403844361005926,0.16609968770637892,25.4005777878089,0.17972998133673435,-119.10903440542026
3.4345601672176747,10.59007908922982,0.6824016535855038,0.6098656978555211,0.7147254660491563,23.805468398916194,2.949649974072024,1.2934988310028057,1.3934118009088445,0.776903812190728,0.12006353052432613,16.846760482424465,0.18331815694158463,-70.28997149903962
3.421732368231922,10.12894787002652,1.0245768415661365,0.5467921175208826,0.7444555765178491,16.42055934225499,3.0539771977005374,1.362625268263237,1.2719759983777594,0.7422797022002305,0.13143132080753736,17.049407171888376,0.18021296115728375,-122.98790032843812
3.405233590289743,10.385112105867975,0.8493888645840468,0.5415524327828976,0.7360083534049987,19.004859028680936,3.2751218293495024,1.156597018988463,1.1847475674733907,0.769094388569592,0.27676242791749667,16.77537940120247,0.17954643748133747,-15.160447190039605
3.4276852379727116,10.111862299067864,0.6927636902257256,0.6962920859374135,0.7583879370698012,15.384499034683346,2.766241454562246,1.3439816698795142,1.338800346379335,0.7405385982469477,0.083278490163426,25.418459104479112,0.2085995739650633,-41.7290648395101
3.4358534256839497,10.894897897567589,0.6744225079397259,0.6866562475523863,0.7718810287283584,17.60055152564053,2.987566816611316,1.2406544116606666,1.321671643262311,0.7684189470631977,0.17345023734253567,17.11481320679558,0.1950799676654305,-14.491923286961367
3.4184340449673587,10.386484571026358,0.9896322786815641,0.5691522959427895,0.7336953294314522,27.104690479786246,2.7366002681965016,1.3885429598125474,1.2707367936276062,0.7831197913170425,0.20597085994094366,18.498681616993164,0.20262438152754755,-13.646425796945337
3.4183079157562437,10.428607678728895,0.9369802826108563,0.6899018331014024,0.740038837003532,22.216556915095218,3.1262712402608557,1.3532298749529892,1.1210226805318264,0.7494189833039264,0.22384241414922593,19.82933942545894,0.1733250435172577,-25.173722054329517
3.4045014571955448,10.852203974537492,0.9845487754262332,0.5612536573298937,0.7403457701315881,23.64919493983291,3.009886354145983,1.2738361555772957,1.3166091610284163,0.7383098539873951,0.2690118631763435,19.425294585771645,0.1784501692608337,-88.23452552690932
3.439921455043797,10.588172609327293,0.8304482668211433,0.6238837324782665,0.7513651439722971,21.046733487730634,2.9109045676643337,1.2448686120694725,1.238167301405455,0.7767062452023328,0.01954909792386352,15.001701621286626,0.20298611129637545,-41.56948335894138
3.400959152376162,10.753448548472598,0.6947081457861118,0.6509534524948468,0.7552851927845073,18.832855394797363,2.810460949580859,1.2685944564105582,1.3563728078984183,0.7317539915901002,0.4906943504133871,19.85995996725445,0.20450015109134304,-113.2221698791009
3.4386316806620143,10.865682271311417,0.8990278641014181,0.6438647500522552,0.7118784491394143,17.718954628905408,2.9880812295294565,1.2153266860304164,1.3870394535338284,0.7544469397426479,0.3146073960303017,19.129769489284634,0.21959317372590867,-36.01935356285517
3.426917976884568,10.640609722487955,0.8907524951507472,0.5881964954398933,0.7352740909922284,18.1040800355745,3.0836727654067575,1.3469742950690884,1.1999348427898449,0.7645509693985273,0.1737425674950093,17.786141491222615,0.19241854736243044,-33.59852147343254
3.4371019319566334,10.098510252743237,0.8734484765273878,0.6375423921587833,0.7603358050388879,27.371262526531282,2.890036133677298,1.101432919579647,1.1465737031985592,0.7192228902502064,0.24431947241305962,25.38070902045355,0.1791410734101318,-34.016317439197934
3.4036580406473145,10.517191142928752,0.9313566732694617,0.58546040276048,0.7207983691748939,24.822331820550133,2.8909180833293986,1.2212292064194243,1.283710281428862,0.7713371521045486,0.015302835697020838,21.11288271443842,0.19006770642772916,-17.56785614802334
3.422664296840138,10.186810039879358,0.9536808952673173,0.6591628165998652,0.7392889870621686,28.163225018739276,2.6786283536952937,1.340183379689109,1.225935362122579,0.7099271618466576,0.16765093514955187,20.34763925134047,0.20647721138986747,-121.55119766430182
3.4286137565912007,10.366368874614597,0.724085389524985,0.5839671191132345,0.710212107423009,15.700771877632977,3.089729060628578,1.1097710099868514,1.2123608922714342,0.7124407105153087,0.38982562377934915,15.278629346647893,0.1753039054564974,-86.39198360660748
3.4327580256284786,10.123648357027239,0.8904550616801379,0.5831133354304545,0.7009240225344319,25.64478253030105,2.7603433082629203,1.3752555577186945,1.1621513401970671,0.7684350840369852,0.4250674205554536,17.39458024642763,0.17203689252798685,-53.81053070709878
3.4111143575638643,10.125502112823483,0.7004905790499603,0.6191296509461207,0.7433559032437627,28.112346416531686,2.686350366396036,1.234127525543266,1.2085869369433564,0.7667748302804878,0.1994964067696811,23.027018644222657,0.16052923162836752,-31.62555910703938
3.4182107786693967,10.65984657042754,0.7510590331912821,0.5971147492069618,0.7627112197209164,20.21083666559523,3.0491570178479073,1.265836229900095,1.3629037062265517,0.7771615701162895,0.3778107573672587,24.454531696444747,0.21439908713980244,-20.88058984477847
3.400916479097505,10.73288447862895,0.7447350060011424,0.6948602347206203,0.7090825717651063,24.494807194574996,2.962155141354235,1.2614238480158881,1.1506937484803674,0.7842804026034113,0.25803816855210115,15.226739264599507,0.1563309171645543,-48.70107508749308
3.423709640026755,10.557107317513513,0.8097909544837545,0.649460654253862,0.7228722773206032,21.819974001699002,3.0064883188084712,1.392865778718502,1.2487635602413223,0.7953301631822077,0.10290221204396754,21.68494934919319,0.17996023901805364,-16.862436551130287
3.4237616233888684,10.120318151387314,0.7245122634890507,0.6206019292030773,0.7416566555259886,15.473783336632462,2.7891076162446056,1.3985346456451655,1.3982719912517898,0.7199787227942742,0.1916742456209503,25.98822360261594,0.17874182197634908,-4.238612567853366
3.424838729020846,10.568154344947088,0.7636813494329249,0.6680666912570042,0.7199771581979052,25.283409710746284,3.1529780274976504,1.3307549726293684,1.1360133147612506,0.7993744254129267,0.42500245920920177,25.862369458284455,0.21885690069809954,-93.4878195589504
3.4224558152189957,10.520170158656498,0.751758602166588,0.5848711948001643,0.7486199159789426,26.27139054976363,2.854690896414736,1.387550988503036,1.1688616227940467,0.7112552209279411,0.1823592758218712,21.752387015609568,0.2050984485913445,-103.30235816054987
3.404440381522442,10.805140918975344,0.9101786843979719,0.5408137128662442,0.7534853062269418,26.389743388203733,3.1796569140770816,1.314102851175893,1.2367687695545373,0.7650116307813918,0.14427699729805113,23.006555281864262,0.17738865828222494,-42.56495093844737
3.438210546012444,10.156597771361003,0.8992874241108693,0.6988128322725704,0.7043894811552937,23.43601419953228,2.904179288092271,1.136536805545422,1.215144174040539,0.753811816889822,0.052066153624332256,22.715801461143297,0.17309790087197235,-33.902468875321006
3.4365490377628993,10.877659488210135,0.7898862374784086,0.5419622159189439,0.7245511729885461,25.551862595406703,2.7403798405785884,1.1605545355329208,1.2723006167592457,0.7024038159854443,0.3649562550875024,17.428335431593673,0.1640093384044692,-24.61911220063513
3.407176293756266,10.756487592842301,1.0099371511640571,0.6831949852993298,0.7418283145371589,15.517253991303404,3.159009108466833,1.370499087281954,1.3257008056725321,0.7077529799368756,0.49521335471618316,25.542559121034614,0.19232993665292436,-106.92541497270842
3.4034967391352025,10.669477858331966,0.6534350599441469,0.5548302284562794,0.7148253472704599,21.66325947393286,2.783925893225781,1.1274266423498847,1.354136708199619,0.7930767971804731,0.25755684550526137,23.196348294250186,0.2195780853761818,-95.35501826820251
3.431579272670075,10.743537388583261,0.8961106750963332,0.6008564991454513,0.7660536021416352,24.984128401810096,3.0063689115222276,1.1264081651289328,1.1030160242444422,0.7022117109990994,0.3307737605897598,16.304152191499295,0.21048976933911712,-59.994168742340804
3.4038585598966966,10.412314530898884,0.6888418025291687,0.6928078042504596,0.7535620880184045,26.144668430631118,2.7414448175786457,1.2948597133066226,1.1598607774573284,0.7962330537613017,0.24894575570732286,14.69977231224953,0.1666910177009754,-73.00205088915236
3.4337096113636374,10.247431820610807,0.7964662687817812,0.6921710578289964,0.7696115199563294,22.172058736707886,2.7575240918442154,1.36937272138321,1.2127055980613075,0.7649384502464189,0.062038707574675375,19.652572207871202,0.1730646453364084,-13.06845980407148
3.4072728758888164,10.3015762982189,0.8625714449428022,0.5980931384112764,0.724096289431814,24.521471708699718,3.1920107428727795,1.1030713281544888,1.2270519833820883,0.7356814796011006,0.28406771007339554,25.770735997028357,0.21058233089854755,-68.85240979001092
3.4113967568656314,10.42962902144329,0.6740148225329217,0.5450820561700367,0.7369898110371275,19.417193295615462,2.897009352548835,1.1610885043569037,1.341953362805482,0.7007912094002277,0.43792389829927425,21.492803223804305,0.18830519818716082,-115.33427201144274
3.424973380749691,10.895810248445482,0.6760044576664043,0.6125331004751894,0.7746789051199924,18.974476006939803,3.126411491474196,1.3490472006788308,1.283663890157477,0.7251865155686589,0.15845339659647067,22.13038880768078,0.2100845180289265,-65.14995876096347
3.4137538208776492,10.516293060565168,0.9723062197996217,0.5676535069557547,0.7554649037256956,22.993040605900127,3.0132463293335836,1.104416334868219,1.242255871065965,0.7859421011934091,0.39805846025021746,22.49032729213352,0.20151842171900197,-73.72818565387145
3.4146142459286404,10.681011928099041,0.8492359873574495,0.5885180882274453,0.7678263745553819,23.345099048410805,2.655515944938042,1.320043206338333,1.2483904829754169,0.7746423160637559,0.025031513177999586,22.402905857174744,0.1543761870435001,-87.70130946204965
3.4264047918117386,10.477127955911405,0.842840610660469,0.6646829286363509,0.7094078514551485,23.662326093905676,2.898538275050018,1.1349819522635556,1.2742182080897884,0.7420366278253646,0.22115094928001602,15.928758398774235,0.1572424540331427,-112.28984608748334
3.4168921374760264,10.580647782562442,0.8647958475067912,0.6522395767047307,0.7146352577027452,27.029452157629855,3.172801787261415,1.1488975425450945,1.2316321544290607,0.7925031668668153,0.3026323045466567,24.740990498040937,0.202839237320722,-21.18202395208354
3.4134360127271846,10.081952646533876,0.9462041465887326,0.6542513858213045,0.7085028979362065,24.68684285779682,2.738405055958936,1.128961990207324,1.3033726710757243,0.7086185834034859,0.0880614072135181,16.167775602484358,0.19179960154875522,-12.094134814253053
3.4009341924603147,10.57585046989486,0.8393648017190201,0.5753069482472627,0.7336537506849713,26.659740331763935,3.0245852486432887,1.243395675857927,1.301085357220809,0.768190994844643,0.3594418789973681,14.224117991959998,0.17144324081349543,-7.89470454622807
3.4238894829747077,10.183692696647315,0.9495180604052903,0.6825619738790938,0.7530878207557005,19.768991501335513,3.043685564592758,1.17358946514845,1.28576976549947,0.7611922401816509,0.38755805290074075,22.489358974053246,0.21878901314821825,-114.06591788840866
3.421448373543927,10.333522746291376,0.9034530535218941,0.629136802682372,0.733378862625812,24.77413253967667,2.914483083332138,1.3259484616891106,1.302235517945337,0.7182424597210413,0.13524309670096166,21.27402016346958,0.18262993420293003,-4.797269759892117
3.4049463740715256,10.813297180154413,0.9539902022320705,0.5779699873032933,0.745782919128897,24.12450824279418,3.0336954735985846,1.2785384278473575,1.3281560059129094,0.7605790695831962,0.23697040109200676,15.493394533301466,0.21081127533030786,-49.11624636863742
3.423680471242933,10.67448020291297,0.7545517427244313,0.6752927818166083,0.7791884314422182,27.056757131810762,2.679433484016985,1.2586820810226957,1.3414890815603842,0.7302930871730191,0.0717904568879601,16.58955556160134,0.18476430131683336,-108.00577525167901
3.4074609433238705,10.1719712953498,0.7670521097202899,0.6853809505777535,0.7053476365923504,21.658896435129293,2.9410022776907816,1.149335859668322,1.247618140245019,0.7535166239442103,0.018688526489558755,15.857762076192378,0.16565905636103118,-75.72261222516867
3.416060106200875,10.868455703349715,0.875279584223928,0.6310629183788903,0.738756928743981,28.090826123642465,3.212996740946359,1.378533529648981,1.114710482123436,0.7954937256339674,0.3628726637021097,16.449194910788144,0.1509905663653602,-65.36299594064263
3.4279033165767423,10.504644845539746,0.9536169929468717,0.6879980587021721,0.7764968528680464,22.532567774358668,2.957232834413527,1.1605869242031932,1.3853154116642064,0.7932308725104973,0.06072696408410733,23.60142247509826,0.16212946844972181,-24.841488993972476
3.4113576302672755,10.632576450482896,0.7291755025883161,0.5898704892892732,0.7534458767794733,16.78235400046749,2.8756693468295946,1.2798791143434984,1.1493419570147245,0.7495034948624765,0.13735074356875798,22.196005282487388,0.21293467773853053,-5.266929820861506
3.411267458148643,10.137700066761502,0.7713309651380685,0.616036001531972,0.7414257586587631,19.01487123783163,2.6910161087089066,1.138069612881044,1.1609336333713332,0.7425258418458867,0.34956173008035696,25.01480577840066,0.20990190133285153,-113.42953592856564
3.428228703187848,10.118565507301371,0.6721971744181567,0.6723893553733715,0.7642927405459967,20.805482924426727,2.69967597616079,1.1596923023098793,1.2970455130278191,0.7634828575966934,0.371407386068898,22.166163044072178,0.21287231960193587,-84.48820538267574
3.4111857948886555,10.20384325045035,0.7565848511108869,0.6647622258211345,0.7742343950599152,15.98027477913585,2.787440009471732,1.2810320019260348,1.3134600552958084,0.706258712355824,0.13324004795388872,24.767734521690485,0.19016621648917187,-87.52925344178797
3.435094591482201,10.22479915760661,1.0005608706185927,0.6811506704299398,0.7419643697057776,21.413202363972637,2.9940309023272524,1.3077525279591857,1.2781801636044048,0.7557489791434078,0.31512848649940006,14.697435001266223,0.20902681335773454,-43.296961407220095
3.4135030298248985,10.158026047208539,0.83863436813283,0.603531028564289,0.7322845211342685,21.39117608661758,2.960090494796505,1.1913798246147254,1.1641921577395538,0.777447180944957,0.0465155574882084,24.969091616081407,0.15108115934927924,-56.22950136148755
3.4256447965047623,10.599603966069118,0.9831674729963618,0.5405502047820232,0.7779787613830399,23.852896917428772,2.6710826472507314,1.3683980060671304,1.3215267183249524,0.7887175344160973,0.042146171971795814,20.72794731447333,0.18202358203052793,-67.86895627441369
3.428786849843016,10.593373402144449,0.7526885520260389,0.6216529472343676,0.7248256881107572,20.68067656375083,2.724137424704309,1.3475820902779894,1.2763242721566237,0.7531251687486964,0.005882583986144986,16.988335286672044,0.15989147000943252,-115.22505283666598
3.407778260532747,10.421532731567419,0.9122356741565161,0.6321895346098718,0.7660332235130423,19.980766319261967,2.6554635532169555,1.264929700973562,1.2244434002269027,0.734288328014276,0.030019338106689625,25.722037683904777,0.21542303827806064,-9.368239582048489
3.43804358904195,10.708716710732965,0.8384890997605847,0.5974318434365511,0.7648481405674276,27.291564684276306,3.2301181459380697,1.1478980733327062,1.288383227555264,0.7235140702715329,0.2000600298583024,23.256858184581382,0.18178353955144344,-33.52665067530471
3.430970427993996,10.544224489011473,0.8173927016868204,0.6288728810050462,0.7006372134312793,26.835423771169896,2.6688660772244193,1.3514757028981657,1.2927596399832462,0.7426399318122548,0.1294149095078002,18.9840468937998,0.21167748649743595,-119.48893394577499
3.4399980027103565,10.657561826098677,0.7524376039938167,0.6561211097123522,0.7142561086551691,18.39070698082712,2.8104178603766647,1.1478041300992419,1.3576526497391872,0.7462476209016851,0.44212022547824364,19.950211410016927,0.1756043579280629,-36.089911346514
3.4093276324782553,10.613705209167287,0.9459985991594251,0.6266827255807803,0.7396921734580076,15.589099453239331,2.7624036982273514,1.2056272203156049,1.1948652310657393,0.7824923358033349,0.43955701235160605,14.447673425551734,0.15043503514368187,-62.397863415135376
3.4265694681632377,10.255660370322254,1.0097288142649732,0.5828394112417337,0.7297287010183496,25.195396531730616,2.9548657485631535,1.3887204391576224,1.1933449790890143,0.7148309877286244,0.3176455105726344,21.84052671039903,0.1619568744299262,-39.50182221178875
3.421291194985323,10.600848207763967,0.8183889799382896,0.5407773382976127,0.7606198850675965,16.706080262716796,2.6771797469970355,1.1917742537658798,1.2260472317449072,0.769372478115006,0.15412017064153252,17.330492400579562,0.19698916944232453,-57.69789014542222
3.411211299739753,10.551080432981523,0.7705005843683413,0.5941422489082642,0.7778705411856583,24.671424375792043,3.1671962177743103,1.1568155899133,1.2487192817003603,0.7542466494666802,0.004673337499212617,14.042472758156148,0.1962887732139223,-51.537213578721264
3.4273828457679287,10.518884806317976,0.771506042664866,0.5889484905198571,0.7437601531680418,19.599419632088697,2.914775005666532,1.2561694124091574,1.2888234082986265,0.7408560263791852,0.2059388455493331,25.076322492077125,0.21448852523627093,-82.68334350699222
3.42078117122875,10.669924038583137,0.9220941763354924,0.6349323626368785,0.7724959176756383,26.489492277138595,2.792867708819462,1.3209645027872696,1.1572515273214246,0.7127722370000975,0.4949889563829082,16.788654537778623,0.20836287517343682,-16.752426845870588
3.430151110728636,10.622822631358357,0.7836701528826933,0.6255867656151455,0.7553331718295381,21.709365805236384,2.8587570253288885,1.2340101064812958,1.2329671672082443,0.784370770301391,0.3238563210242984,22.064759127960716,0.186388396626639,-7.200639244521454
3.4120170152313745,10.086170939461727,0.7927196750759422,0.5620692177629577,0.7486900985477041,22.098378729047205,3.197692128590354,1.397123176686625,1.1660435863866228,0.7220977942820167,0.00461314368352618,22.09871427386923,0.1562588145977333,-50.722714333840926
3.4099835707551627,10.609933501230808,0.8735215465427925,0.5835596058190371,0.7053626836233603,24.423582804589362,2.9987171193788837,1.1564975126761874,1.3445496118395446,0.7683645221558697,0.23624265779879403,22.861120072285782,0.2060337488265695,-120.87142465532644
3.4248982668135692,10.522938179227587,0.8590765160321243,0.627550935820433,0.748891718594958,19.745020474539807,2.889258068842162,1.3537138557010746,1.3642542496123078,0.708489559728194,0.3125049267404523,20.816679408629533,0.1522929405332617,-28.348846967363457
3.406936203367407,10.7830300493342,0.8845640705939714,0.6713157245928456,0.7369112940076115,20.395010448201166,3.2401944059856573,1.2897089255922378,1.277758040560997,0.7614669708485458,0.49032170759981675,17.58124018970303,0.2149988067464073,-58.07377765891407
3.401207079146602,10.305567055255613,0.6630385665783042,0.615489650548676,0.7196075995463285,27.53107752991562,2.7183048175303015,1.147602819712088,1.3263162513307984,0.7171090091522717,0.493796366986575,16.101712919505623,0.17660491717862054,-20.58876567952518
3.400838766167931,10.24600826857222,0.7978315467081971,0.683009376675725,0.7781714923688181,19.461638980616407,2.9983737997575437,1.1097850603857589,1.390624355170294,0.7040503568402672,0.04047031654420127,18.142350853179074,0.2170198508168923,-34.42371261942034
3.410760563245019,10.803899359581884,0.6562480699947479,0.5909146465035292,0.7015046323738174,25.13357019632719,3.2163669265686905,1.1189341592140616,1.3261395497203061,0.7577431290149622,0.4466993615536051,15.348461982246395,0.16572089763614806,-5.235781774387817
3.4240198717895742,10.885654715492276,0.960605410895865,0.57148688577714,0.7565067812097575,19.046714202406356,2.8032858458888184,1.104967004760527,1.1658664214309364,0.7322672026931071,0.3142731076954123,16.093040969018496,0.20188427585382174,-113.44158618520777
3.408177056177137,10.116407307479266,0.9195777186498554,0.6385746255277733,0.7535904240138896,22.95755661677363,2.72779974185,1.2412507138616178,1.2785103254267027,0.7153778406524509,0.4216760418492296,14.143805843561351,0.21394395464858956,-22.154776732240805
3.4187240867896453,10.8399022029117,0.8157204672087892,0.6594682750461809,0.7558477536787314,15.556025482674869,3.259779140783589,1.2677464982438282,1.3745354662846965,0.7320199559869963,0.17193183706998927,23.61189651601383,0.19615986966353915,-64.19990528939914
3.4317354201568677,10.753649434058792,0.9982690012473656,0.6339068487054969,0.717534537486947,28.073950072315988,2.926537086650887,1.278093743369076,1.1987244732661455,0.7755788266335628,0.002576043296521636,24.810300731967928,0.15039566164397244,-59.12123630220917
3.4007294068317924,10.291781209386953,0.7641900855028718,0.629526601409456,0.743315196993323,27.286559687031414,3.176033986120571,1.1425626368537996,1.1637926812350268,0.752095245333165,0.27586966506470756,18.01342978517691,0.16460399539350265,-69.89896713988819
3.4354213710767088,10.221163475469986,0.8439551373080981,0.6385365263778633,0.73742081272754,18.926455428306966,3.2354295280786034,1.3850541742295912,1.3978248892021583,0.7046087323364827,0.09658196398183741,15.500925609969919,0.15932013940690168,-99.20837008864865
3.4241659221009377,10.693480604726998,0.9404600059693722,0.6751836772092077,0.7430582332262095,16.538370565005426,2.901907213679168,1.1403635552716147,1.2040535370851337,0.7878608144064839,0.009499182776914075,18.745223700256787,0.17590526920976496,-48.516797648942685
3.439970498324269,10.061501336728226,0.6687792420438755,0.5692099622673459,0.7739891853328362,24.51784817113455,3.2210301305025215,1.3856105241230028,1.366275425322918,0.7690734269030008,0.2845105448777951,24.287219745197234,0.19278253372227233,-56.61238688698549
3.4194594248479735,10.63767874468411,0.9704669089469637,0.6068315457315312,0.7021218131601875,21.892507617743714,2.7158010584937147,1.2944309641474203,1.104696790671266,0.728163379281911,0.16632684084740423,24.157633414331112,0.2107302848599897,-33.82239412398516
3.4155544108027582,10.209012424306996,0.8151171753852964,0.6757363772701697,0.7183262837439371,21.058936093032546,2.7809710841223847,1.2246181432576055,1.2360232810809881,0.7704573526569611,0.20156410295390115,21.54063417501018,0.20984952503715654,-41.19059976948783
3.4393784604979167,10.883816853532792,0.807802809529546,0.5473427557977323,0.7162939649676289,25.914449172205924,3.1961633492557953,1.304213632302175,1.33115825680957,0.797829094209375,0.2616193644654223,19.82422623296273,0.2071091269668402,-77.13381508436635
3.438193412370312,10.873170662221149,0.6660868381431801,0.6340086820268606,0.7561581918457659,24.753362129604586,2.7743480407117493,1.13352379840199,1.3983496443430303,0.7057889564839424,0.08547538630876642,23.860849741748144,0.21985741761937327,-74.02292713191738
3.4261048839303454,10.118937066254288,0.7151165176464838,0.5521730217598969,0.7434568405034097,18.536554450838082,3.0648349025403268,1.215411226610766,1.396730497960198,0.7828077151494552,0.14226270324859283,15.81249663100722,0.1582771584242698,-97.84144853690796
3.4233324619104373,10.538991693378236,1.025856977061528,0.6679006501031642,0.7769949734949367,25.282644932159343,3.141954715336741,1.1966536466273554,1.1222280306991455,0.7805785295921347,0.29914274203297325,15.317684591399308,0.21350076881389585,-115.9730378144459
3.401375350127696,10.795417992449634,0.9396437947999521,0.6972581238852377,0.7311678414472222,16.072637706152072,3.2572987003917,1.2740246674085598,1.3988613630336313,0.7600112262006878,0.0048114943331672225,20.940869909698847,0.199273625468816,-73.9866984945991
3.4226246198018626,10.482368278783426,0.7298133468802032,0.5992831499955203,0.7548495050009411,28.325194533913564,3.1968668038649652,1.2189106149937305,1.1379634419834477,0.7318301926166624,0.12186188496493536,16.713235443231056,0.18365036030851173,-41.44718448949655
3.4047285956398103,10.390872696515968,0.7130544691899597,0.6663623041554193,0.7157714069453971,23.482992100664156,2.957630782701937,1.1313201235221306,1.309603743612118,0.7971139243298178,0.4396950220037535,24.730806724796576,0.21919019756337926,-51.50140972918577
3.414510000011169,10.327227446675433,0.8685101294980633,0.6203700908369144,0.743849829827155,17.96682574868681,3.055127385748531,1.1911246121844719,1.2299061139453435,0.7162467015129496,0.19639064721074037,15.429190473343985,0.15076411844590634,-12.114579752349371
3.4392530185556556,10.487529918514229,0.8829059948575115,0.5582129603288097,0.7796804949182126,26.327331268836915,2.7092599230431165,1.2389648214800846,1.354424143845666,0.7421817649251589,0.17563932613720226,19.93927134146051,0.15908828175769685,-106.33348667292304
3.4119376238123955,10.757324222874612,0.6620181622862148,0.6598573048803946,0.7051173768098549,16.252879579143514,2.654380478392607,1.1615009839751789,1.238783965074989,0.7222606415511575,0.328347911776934,25.313891397758347,0.2198271900284624,-119.24424662810662
3.4388841737375664,10.136835343546391,0.6994057032168626,0.6780718366475493,0.7528463254472436,27.57851498081775,3.2233264445875345,1.1228022976396388,1.3274444282474238,0.772430982465701,0.18423446760784032,16.930934904190025,0.20475501954286598,-58.480997262123324
3.434744626587298,10.200984099299422,0.8021080879907845,0.6984592099519302,0.7110502641500506,16.915628031423147,3.0678597163515593,1.1068379525687078,1.2942820390154794,0.7788250310504266,0.0949391459722478,22.063975575616926,0.17400832477925277,-30.548693454064647
3.4118844012336234,10.701190746194584,1.0253272527083834,0.5446793928232202,0.7121907252127176,25.75857935036906,3.246178200647198,1.3089555247295608,1.1968081945113704,0.7821607428210041,0.22202911086093804,21.458581810821663,0.18460895140771225,-44.854478098990086
3.432747417602025,10.055776426015914,0.6864206181408883,0.5644703401531433,0.718235143809452,28.37202859055216,3.04192736034784,1.111148205280671,1.1905087609748664,0.7719546421135809,0.2553887931657224,15.843182340544562,0.16607706135379427,-40.97783616252808
3.4313933873999067,10.689630755756637,0.7789988277476485,0.5689308495994971,0.725214587420431,25.685563839798302,3.13095040562996,1.1367659626437623,1.1928285469956421,0.7832169424310323,0.42038650809848577,22.902967640155957,0.18205045902311298,-59.80709266547345
3.4040147032824737,10.322389579481294,0.7507800603165072,0.5665469227787414,0.7657201039016347,24.112684662213432,2.793521859363748,1.3609455021892405,1.1256346708957048,0.7304809197730073,0.2537354785055288,19.61583212969221,0.20486393819448454,-56.30603097571827
3.4250392718197618,10.011984190799717,0.7667612375575636,0.6361264882127584,0.7403236714352436,22.878110761301052,2.6477099124780983,1.2093011111877647,1.2932187497412122,0.7671546404200398,0.2972409581715905,18.479016747679736,0.1522089384853881,-102.63496441955704
3.4303525586319945,10.743365251055305,0.6588174152254154,0.6125985809114345,0.729951998469461,24.26886968602038,3.1874087178304036,1.1960265767624523,1.3341686907170665,0.7165192192846055,0.3970136130405841,15.147419660035796,0.17836455582751853,-20.49151386390311
3.4038207209381284,10.032306849989668,0.8782495613199881,0.5428123405801212,0.7426598224736962,25.572352033538873,3.016498330819681,1.227075349009414,1.312361022678044,0.7232284547962673,0.4085093849844516,17.035342526482907,0.15513277117314692,-78.58667402155733
3.437062267007671,10.85149279034141,0.8575614328969483,0.6095842815493752,0.7177159566806453,22.078532594330504,2.792810465106157,1.284452841842949,1.2845292985809582,0.7572702836094051,0.037276755921107164,18.87487543927036,0.1877057523907079,-79.48306927294584
3.4060033024708334,10.10010374351691,0.8603648194805134,0.5901873119084429,0.7313458083137021,19.887304659413253,3.127518121200731,1.2621212433843125,1.393303598136861,0.7460147120437046,0.22385331764519487,18.229399055451132,0.21321042649303568,-28.698644900762375
3.416357150642943,10.132125018352156,0.9182017712645417,0.6023759333670309,0.7675337568023703,18.46755624350459,2.88466235196006,1.1701727425309676,1.3702472155596481,0.7257388799987822,0.26355620952745856,15.247552507355627,0.18026285812908044,-55.82458539093497
3.434422424016238,10.200302149857665,0.8128514796051916,0.6396577191932433,0.7595388908172712,21.48900158113351,2.6445429986222466,1.3394267446992996,1.1016755079173624,0.7398320279984874,0.22287247323275938,16.43241572558454,0.1831410953590163,-98.80984490080758
3.4096212121261313,10.253870399875296,0.8476452395912356,0.619923833345384,0.7311165308963327,24.15990083556143,2.915506007962134,1.2124162030054395,1.2360766306406183,0.7519026942112075,0.3944200415206567,15.274003724240186,0.15845435756808152,-103.9126073668669
3.431417232872703,10.829759539896278,0.9191458144963138,0.5731942358499498,0.7683480889288857,24.217571455213807,2.876729921283478,1.3669602545532484,1.1624307700615202,0.7461935709663182,0.09668897751685485,20.174312096239586,0.16750047475909477,-45.72472373573919
3.407816229370019,10.36364409674993,0.8310103596362841,0.6291100897994818,0.7740784479855952,25.859799852362436,3.029320552961904,1.1771309388193283,1.1444946265917877,0.7507240601379933,0.3774024255233979,23.357273445553076,0.1658200800758858,-103.45753145301259
3.4081221575680885,10.577196343718725,0.9419053101534688,0.6716611587783594,0.7422296727541604,24.689455436442636,3.036601433770204,1.1282808560330788,1.1475379008020186,0.7279723989603543,0.24004661939786034,21.991565825916144,0.18728519410250546,-102.72386234917865
3.43290939078116,10.589516507463873,0.8870230169934975,0.576106535287291,0.7113157557615313,17.608456518099043,2.722585978997312,1.3757715078900041,1.318937197888516,0.7385643392897691,0.12274756412994214,18.587426240591185,0.21668570804756068,-120.66317579708713
3.421965295014559,10.499552119842463,0.6855589394683129,0.6143474003258063,0.737111423583977,24.445851107456928,3.080986352129621,1.38081087613512,1.1672460395830782,0.7586849585806013,0.4817859972658177,21.828752866450188,0.1544748567627078,-5.037433276914285
3.4103813846500457,10.040366623236443,0.910955480012952,0.6868019745811647,0.7168867707045224,24.819624633347452,2.640852320214665,1.1195045941504835,1.3683935794756035,0.7810595298128415,0.45174463557996447,21.14626875402826,0.1669868270699677,-64.56674375891001
3.4237650166813913,10.301158232247708,0.7942609180113945,0.5630275361783691,0.7484219835857819,19.87052203899531,2.9360896625137527,1.3059190775410001,1.3989550921596234,0.7777257195879596,0.3135818325238921,21.858806716274355,0.15834556523527987,-117.29336766997923
3.4390895318913888,10.100516658426962,0.8322943769021307,0.6132409708835896,0.7348783655788723,27.236189921515056,2.9780606625937334,1.1373093831723577,1.2610244876310603,0.779989456930249,0.4473095337240249,14.115448075398323,0.16120658548828953,-94.37930837909639
3.420650066857568,10.824592196561346,0.8850625845633885,0.584001518255654,0.7763028511333898,16.026290454660494,3.1844171680527342,1.1920172392863169,1.2163292921619577,0.7452289519571668,0.22931278824910628,14.163364367090368,0.19435944112344292,-60.16977244409947
3.4132510444200874,10.40740919559509,1.022807027055841,0.5795527816307844,0.7029910109511125,25.897561083484824,3.0570469627072185,1.342350923237979,1.3512263377167837,0.7819405609910097,0.2921456626098816,25.20362270315756,0.20333935307554873,-117.05375623074717
3.4380206343782693,10.078549960695979,0.7367906804044358,0.5915225802536612,0.7216119553834652,18.18079759632064,2.6432597445918877,1.3356369350876256,1.3605844569306687,0.7554258219383607,0.18408680637605296,17.275301681616703,0.15224265854979263,-25.979759370385494
3.4154743673004733,10.84727884355244,1.0003336441308215,0.6796870213732498,0.7626299285135708,20.915347696168375,2.888862864232577,1.2774672732037098,1.2512931527863056,0.7891079444568962,0.41161523631904723,25.018317295683957,0.17028895392359478,-11.440893516506947
3.402522271411185,10.078012196817808,0.8051303495584632,0.6460114715486599,0.7020740824683569,23.063285516081407,3.0731279778370224,1.3002665607799888,1.2299674038850523,0.7710875717497703,0.34909993290321784,18.271781847837268,0.19081490110222643,-98.8606397449303
3.4287787902009197,10.11272098259046,0.6896998009761471,0.6501534828805742,0.7298658184751204,19.795270374292,2.7462989609651536,1.1194694444458047,1.2550951157273937,0.7066215230965136,0.057052761533669984,23.505476066116568,0.166598262274929,-41.002779748093744
3.427292498835798,10.560936325793547,0.8234508320008059,0.64626454456859,0.7545709676477543,18.499083218990947,3.0319020675917527,1.295984292781361,1.209773058625762,0.7723824427734538,0.4192833067233204,21.163916418480902,0.16515827804438576,-33.80708816250957
3.43662239036207,10.264355848030014,0.7096018840246857,0.6930022350533916,0.770251369401708,26.06209171681543,2.826637263843378,1.2412929588833905,1.113056502691508,0.7078433854282075,0.18512240279058398,24.84940245381608,0.21491055647259033,-118.63206338167605
3.4159731316133475,10.587167283644398,0.8801718297932938,0.6077510904946682,0.7617965526797947,17.841345325899532,3.0761223533979716,1.2198107047700515,1.2890991583676654,0.7047136551780157,0.3686698634862364,18.832952528997822,0.20234523035106913,-111.92695576317172
3.4349843262784843,10.196957688317537,0.78651799759773,0.6804050741308834,0.7416767655446345,15.90321851804925,2.987970291655726,1.1177898198311058,1.2207938004490726,0.7704812386711994,0.19491349995717872,16.884498145399824,0.17744687314046523,-9.016089641478004
3.4274913051755926,10.654312062902964,0.9243705342644486,0.6406795873365531,0.7167349881921269,17.229346303317065,2.794002200488046,1.2116651607211943,1.11671400616299,0.7657908324439942,0.03316971906077938,20.99594055105598,0.1585368254280719,-11.653073554389309
3.4074283110862686,10.48769369124937,0.6733606702188577,0.5508897065380974,0.7626608313062213,24.96917246178387,2.853498045022229,1.328840294348472,1.1849192259200307,0.7800678165066128,0.32722554464592934,15.723235872981599,0.1666265765678687,-45.527379386612665
3.4213256515875705,10.547193743322717,0.7472988145668213,0.634394394364659,0.7048154828589948,20.030057855016373,2.844042149660794,1.186270611333962,1.3411762241870524,0.7888408958629904,0.09767398543285694,18.882691567296416,0.15560776404812476,-102.88777114468323
3.43460896017037,10.396624940146516,0.949944993269206,0.591195203505265,0.7570790517112362,23.807964400203232,3.2552521946889055,1.2712185744065765,1.2295159554305743,0.7656294390547552,0.19186896820857882,21.811536989085038,0.201735791004544,-69.55698586134525
3.4086071153677318,10.630844755683997,0.9601001054185905,0.664882379449279,0.7779418272478555,26.25767172646314,3.1562832467981305,1.1124983672000428,1.373451595914329,0.7074446765775612,0.39782462721798095,24.45016663726282,0.16472234001600616,-58.0644157292279
3.4132455238595765,10.834744312532584,0.9699041033284612,0.6517190509972323,0.747241414264569,20.821081086868993,2.7118598815329324,1.2955820914489744,1.2610852360396947,0.7947361938184128,0.17666822923012485,21.224199835158593,0.1528292520017452,-20.720823758782956
3.400742461518258,10.471779140523145,0.8836252138499876,0.6710542953959467,0.7445609267124256,20.307088669745212,2.685744595357709,1.2331514732854845,1.3254194262088326,0.7223724599692415,0.43204609746083356,19.258307537178997,0.20519239858841196,-22.915833087160138
3.4381359038936545,10.441468431264399,0.9408378627965889,0.6990564613681315,0.7219241017661263,26.241592749262086,3.2171166538017846,1.1189839255763478,1.164361499840993,0.7345913657830603,0.4475037818827308,22.081625557666335,0.17547838843464955,-86.51341909271116
3.429094436911425,10.729989253711699,0.8600435189163835,0.6818955885620632,0.723740941699758,27.274210443602925,2.8083221399269775,1.2244304718023689,1.2999668216140652,0.7649497019475907,0.07831478081872154,23.997576211545965,0.20879207160679775,-78.13463633829211
3.439271390431929,10.311233156475545,0.6614561838178947,0.574903437996325,0.7059855742205267,22.036574779428737,3.083414222388461,1.1134628822247274,1.2462012151585242,0.7213667038938085,0.3023642828524383,14.422280890488494,0.15749033601091827,-121.08330423081165
3.4182939838621773,10.499317685072542,0.7098645820006133,0.5564823105134891,0.7302771031361468,17.59086981972171,3.263214342204858,1.1564855362642077,1.169036605776657,0.7230360767719193,0.1283856902298465,16.21914623404077,0.1694671310200877,-64.90401046577718
3.4171510747542504,10.507384430978284,0.7589324868598284,0.6803455565359513,0.7010639575508852,18.912884122955262,2.6536155534522385,1.1632734625748262,1.1247420245706883,0.7749642484252979,0.3611947289091176,19.84705850556881,0.187586082266696,-94.40155145217345
3.4153175365668877,10.033560965154749,0.893684285249469,0.6692229307050369,0.7637133889622051,20.629109264990795,3.1531170850709067,1.181762730424716,1.3418380852484124,0.7138273524568485,0.17653950516819583,15.59957975852292,0.1991212687752515,-123.73236568744223
3.432752626859777,10.102285193878563,0.8145785739365197,0.6925420202887964,0.7485798340149684,16.837543645051095,2.9735573797139527,1.320939126436941,1.3223714970070757,0.7460692348822637,0.17149426166223772,14.002102025579086,0.20446199993041,-69.7449634438677
3.422561582793517,10.110306737056618,0.9698826409672796,0.5496996351218717,0.7179927575018444,22.942970482868976,2.8101077173689286,1.315390755497136,1.11801079109214,0.7774236179674106,0.14880448835959145,20.685647569510635,0.19283456911743135,-81.3683278973786
3.4210106306443984,10.155800139880748,0.7315104282079673,0.6104055198520132,0.7203583819173938,20.94264814207,2.7095000779489173,1.2382051099551696,1.1750968996891566,0.7063290172871531,0.24160771349445279,14.860675623094158,0.21924731681331566,-31.9593472617898
3.430898974480786,10.067947604593286,0.7170014837815539,0.6837228412205956,0.7431316753084987,20.819900904242726,2.662033949263451,1.2400951288567643,1.2137192318114414,0.7610833392829567,0.40118750118210234,25.264756547133906,0.193601905903558,-44.9000514436795
3.4197102636581684,10.614622105884983,0.8276397589367646,0.6901580216652992,0.7497897908122618,15.39172317673516,3.0260960738812024,1.1484565316596922,1.199550003704913,0.7680319234411443,0.21621163179107517,15.719762218012386,0.20316753819345557,-69.48716987655274
3.4321458229665174,10.588602995451344,0.8681561024498285,0.5521569057866664,0.7568719796841026,25.36838284641081,2.980246040486029,1.1600275647347553,1.2475644166489654,0.7547527655448508,0.3341676994984615,15.609659032721972,0.21120413569741653,-92.94335229362565
3.4368700170983315,10.634189215566233,0.7873766161641184,0.6009612144960966,0.7693627769783009,23.76160771513099,2.7101579988669346,1.1197928190997632,1.270703984366694,0.714642628896956,0.1893904138628593,20.214540998879357,0.1967226670711883,-117.30610987427296
3.4049787201832427,10.727328547217686,0.7847887749215521,0.5704339793736181,0.7128973745600177,16.81652581504092,2.647774916229325,1.1964133782338473,1.1534376239507107,0.7613308598988832,0.06946388071680867,21.870174905914382,0.1627979918509869,-104.26875829503997
3.4302557985705024,10.322756511033885,0.6775240470210849,0.5900833423674781,0.7005571878223622,27.07358340698959,2.9470381327302193,1.3940765789987046,1.1506620550079507,0.7924367750047984,0.11005482344421226,23.866992463884447,0.18751991023259337,-61.85305453756104
3.4321935109338204,10.202404120837073,0.7129834189349873,0.649005705213805,0.7092860399209359,25.670335566509017,2.79761141412915,1.1122912302753467,1.132937427913686,0.7604472794303369,0.23531983334413936,22.191579483237085,0.19764393920505408,-15.092767159882342
3.404145244284985,10.122491629063424,0.9901805456898582,0.6029149417808028,0.7032496791121123,15.378817194212424,3.2213407117749053,1.278882008872423,1.223563787694556,0.7389251763382827,0.08157430312222015,18.91323195699095,0.18108262535687727,-76.46258691357137
3.4088883715723015,10.708131685093242,0.7267079847784772,0.5883651021565276,0.7202609468804748,16.043675708851595,2.959795912873684,1.3693055339844697,1.328778073463278,0.7678673027963001,0.09290759514944635,16.35480643222757,0.15187042859518773,-92.18176189573285
3.4328175810945036,10.229363873683255,1.0169646403305008,0.6317712281325962,0.7213256627676543,27.803917979106068,3.0801558096687227,1.1900379375426304,1.2237535114097302,0.7425164187947152,0.05044080039205323,24.316269475503887,0.21069524071292112,-4.729572413768594
3.41297611637507,10.317053334295803,0.7300341808482201,0.5428949751782371,0.7342204904705621,23.54186721849527,2.8170292599698863,1.3897635343061143,1.1774925620835097,0.7351247836714712,0.1861783086553975,19.473114557232705,0.15948734313984697,-56.541430076707655
3.4135669818776537,10.407608987638639,0.6900481231273231,0.5501502028016255,0.7302666413314342,22.410641414571923,3.1347052333839,1.3797822631366015,1.217527420453866,0.705924912611868,0.23867184767449798,20.951493804601384,0.2002841372966172,-56.95147026946968
3.405264791173504,10.77207762044716,1.013849662492754,0.574185702904201,0.7196133375874224,17.638967746238645,2.8925540814557795,1.2632779348182552,1.335952689450743,0.707764630292253,0.3247585795999377,15.071932541044822,0.1896249523492762,-52.18672384469937
3.411692504567686,10.338477621879928,0.6547237880925966,0.6002370012851653,0.7475267500249314,19.392132924231717,2.690242707075955,1.297810224766824,1.1156576614219957,0.7934399282160602,0.4305152768976727,15.13640586381035,0.1732603491030842,-112.55354079759577
3.422872098383827,10.490304018053374,0.9764660742839992,0.6207749083423086,0.7395160470059454,18.508876096257858,2.7120248252706505,1.3656468414111682,1.3374969264463155,0.7148915535881483,0.052887649868735925,20.217958923517628,0.2009754364409774,-67.56116472539964
3.4284623924631275,10.316269361263888,0.8339183330658608,0.6631878748449482,0.7291815747179592,15.296917097257973,2.6567794527461515,1.3240486947973045,1.160690066034975,0.7300158085941323,0.3023317576663483,15.340531330783179,0.19192661349960266,-36.655918911031094
3.438610972008965,10.885502380422198,0.9185141684254732,0.6791142738869556,0.7185601984492888,23.223820373988048,2.6799767027361177,1.1614209540090308,1.3223369525698618,0.7241869749788391,0.11092472077680694,20.474865764965095,0.17672440824667363,-121.43765928296949
3.429414019435449,10.105380809487066,0.7606286533189155,0.6382829822961587,0.7110809339760499,27.80424718049307,2.9620858693463257,1.396349398393377,1.331974008497296,0.7268952659154351,0.3261306626280436,20.281965539172614,0.1949213651634336,-15.239497686658297
3.4390533535045407,10.765814385500367,0.6569793899582318,0.5942178643666081,0.776567864392111,16.90224484989942,3.0073260868920073,1.2733050912532917,1.2976644297880977,0.73492092321431,0.37563970930002605,23.957105806661588,0.19809898842766255,-45.81389584655207
3.437692609236351,10.183921406798508,0.7285054798409355,0.6263767924951529,0.7132703775596897,16.582901517686185,3.2218765826499043,1.2688018394067333,1.2209664401489317,0.7681175404882055,0.1777842260518678,19.345334637677023,0.2003494105866348,-4.426860912828957
3.4046082274047467,10.608115367993157,0.768549576872666,0.6229433179245838,0.7592730382556375,26.509248247205857,2.9389695844133987,1.1825627937777492,1.2358497440751361,0.795983025974417,0.12276853649296886,16.03485142796133,0.2025834068666492,-114.21319072837487
3.4255260707585493,10.713767051992361,0.6835659843667,0.671500451879709,0.7637455515788352,26.705526627795507,3.164219234993002,1.37607599351981,1.3128892260686125,0.7810965088486395,0.07808314582060054,15.28631444574749,0.15537706817186242,-75.32492073827291
3.4134501444147474,10.5904508876244,0.8895676879013058,0.694840103386299,0.7231422619885164,26.466493788216518,3.0760348743369685,1.2857674701668969,1.3055232295624557,0.7770695110071323,0.38065315404713096,24.976223358129985,0.18542981619143728,-119.38785050972596
3.4382199338747768,10.546208215290234,0.7551752143118292,0.5427275445870106,0.731537972508914,22.30546648122556,2.8079215404030022,1.205571043751199,1.125741178927078,0.741387083244515,0.42447709746633233,24.996910334178633,0.1892423298954271,-25.511749497640352
3.4245508892418934,10.133853346170312,0.7387575248395365,0.5748599226127802,0.7593913740054101,20.608114012648166,3.164602049403813,1.2967865024602008,1.3115514354207707,0.7732196628996675,0.45372128189180994,25.51573876223462,0.216257953411001,-59.660211359958964
3.435951653849083,10.440492296348392,1.0076435660923875,0.5833309497849913,0.7101744322407655,26.950811597924034,3.0708631160487414,1.3014000495033529,1.3116996495885167,0.7160087767651407,0.1894836780920972,20.711585962736876,0.16247300040351292,-57.094876670363035
3.435010738107457,10.795543801259463,0.8763738656454416,0.5822165682373963,0.7400963627793665,25.41361098955269,3.0973998180470024,1.394121239824947,1.2128492536624296,0.7620035390280171,0.3079089216953055,18.670504270417535,0.1572469541332587,-7.393108623716927
3.4342145518860536,10.423339289620818,0.731896188205105,0.5618331359041249,0.7194547082062387,24.433634291744944,2.9429691479866413,1.1318839000091894,1.1127242671358903,0.7474607857597261,0.28174817347419334,23.46192667628715,0.19786118556333288,-38.617201584959346
3.4006590634176264,10.011605919473595,0.6687716671507835,0.6042607288606356,0.7671292532080316,22.261688151303453,2.9818163432932137,1.3207025176892655,1.1887568842344869,0.7166673878436151,0.3347143858326193,19.795908828370127,0.17532153922066251,-117.5196323881115
3.4106488251524176,10.49790240763845,0.7291249324224582,0.6503344736228485,0.7513038715593191,19.439725910425924,2.9624177519859733,1.3768699073194215,1.1337245296563845,0.7657577234919132,0.19571128544018512,16.306953728472607,0.16256012621552346,-26.22269680892903
3.420640573661666,10.827855554553164,0.7697270821848734,0.5508029243307582,0.7331461670719432,16.160703784702484,3.003092942982846,1.3883001511583681,1.246161415504708,0.7876360984269661,0.4371748784180219,14.734888530301761,0.2019940841147348,-77.64273576398855
3.4110129321626093,10.113798927286537,0.6819211154035207,0.6584071831974614,0.7663162825160743,23.56243956428502,3.110103730050617,1.1721244633362669,1.200721787346368,0.7592635276930992,0.23523273539513048,18.227263167654538,0.1508678346954767,-35.8122956288467
3.4217023860600086,10.579512442202558,0.9616229080049321,0.6714137250998725,0.7747225247626717,26.7487556812788,3.0270780885252506,1.1344077475698682,1.1435123778282128,0.7346848236866016,0.3098842296084126,15.353489285018929,0.20830279808550597,-56.86486059064575
3.427387821161467,10.572245407009508,0.8771721599189909,0.6696419590070437,0.7793923356401059,20.466644481551253,3.143077609516767,1.2523946141915525,1.2439854342641365,0.783596861587331,0.27644765802418003,20.372714988045963,0.16099269054107457,-9.569322687259856
3.4090439748278683,10.018457791312168,0.8061766780689124,0.5579500249870198,0.7397175805794176,26.46080489091888,2.9073011220247964,1.2434467026787082,1.219007372089728,0.716690282548326,0.3374934106476386,18.085345202765353,0.1886598668247375,-72.98601232708012
3.4221086134234957,10.19742479137186,0.7601594166988038,0.5598185160442718,0.7567679842210183,18.688847169022573,2.9442697677365204,1.1191325780244181,1.323199524509149,0.762194884873526,0.36720527952352855,19.89731612206517,0.19198053174751345,-48.162795994599904
3.4333854050063874,10.391024143046376,0.6642148431681881,0.5577238320397855,0.764689208900474,15.470601455101452,3.0757195222057985,1.3899201067108846,1.2092823658037686,0.7824717096485483,0.3909652319046295,19.335840027509207,0.20269842441093594,-53.83691491626186
3.4124296391533893,10.165183854332675,0.9810556428988826,0.5861460314747344,0.7512224596959818,26.10530161634199,3.111850166678935,1.3342966311456332,1.3205538543697033,0.7716647191711222,0.2589759107593687,25.410185724353237,0.1794073474662775,-54.34677778886322
3.4046677784798187,10.800094778555218,0.7214194226416889,0.6893227561121749,0.7255301981853337,18.3102702680047,2.818657886548562,1.2567312199761953,1.3504686256935385,0.7667381021027833,0.4382226775887256,25.165188953335814,0.212099316554265,-84.79150115254822
3.422486871517005,10.356943964270602,0.776360159791271,0.6681502983742852,0.7427791031787153,24.989982124672423,2.646125443650757,1.1324705201090406,1.1146484926412175,0.7445560653907234,0.49303983814274505,17.819914262623687,0.15384547678981475,-34.534796396436946
3.420111379841371,10.7588825300391,0.742633648443225,0.5447211191038744,0.705819701880623,25.46395112276902,3.0426333996371033,1.3600775613185223,1.2672013157439588,0.7812103075669801,0.2508154756443541,14.470045034943457,0.1676906571974296,-2.5197177601045837
3.4342632563056696,10.268986698945977,0.823563719407737,0.6524282929543671,0.7703255378488187,27.721040236420393,2.8208822514148064,1.3364163055505822,1.2919457353825508,0.7677567492226371,0.21950156872294865,15.276304474546508,0.20639011554045184,-9.397580294507009
3.4270091970442023,10.655547386153698,1.0001169204126736,0.636479513556272,0.7142356764002566,25.135934590534035,3.089811374248758,1.1690865910353205,1.1243948076239252,0.7124146554054158,0.25940999540369303,17.42149537714625,0.20884457548879642,-29.27281827923086
3.431181055468162,10.553075841650156,0.8528210941649677,0.6875590718889215,0.7237995307454975,25.364551629681216,2.6748186833517367,1.2272032584763177,1.3448769899715058,0.7253880943830899,0.024287891081459213,20.44941385854353,0.1678871541781432,-17.955989417230057
3.4327711962503087,10.167772389365451,0.6718542811362213,0.613170095888613,0.7537000730377537,20.207098657173212,3.148889055487509,1.2185816055297922,1.3323362777069343,0.7154426263422898,0.27995526103440094,15.330171413285472,0.16843425416332292,-31.750053250385164
3.422398217885761,10.394920209246049,0.9887798400248642,0.6939525947547749,0.7382009194918009,25.083448462870685,2.7107510583536363,1.287839130037612,1.1196376061085063,0.743179342202309,0.29456671162760595,19.635118829185117,0.19857039165329365,-0.19438188807984602
3.4251553222691573,10.552974375792356,1.016057001131864,0.5704599075919605,0.7670240066255223,28.366864314420617,2.961220685582958,1.283874154729867,1.2673600729506707,0.7467691944335341,0.20775171438187165,23.2676862898963,0.17592635687299665,-106.3954114288634
3.4015913366389277,10.864086789201732,0.895300102902317,0.6502201234663518,0.7469069335155526,18.749127842505366,3.2251119969910653,1.2536399908246223,1.2307239634791052,0.7987630090575336,0.3598796043800792,16.83507870088951,0.16414990860234271,-120.80096922550987
3.433275897802926,10.000249635449318,0.722506223751077,0.5656989207695552,0.7331194339982371,26.825748379324125,3.1221337473966093,1.2950183996936793,1.2436701276980862,0.7859929749953617,0.4444856805839749,14.187441239781137,0.21999516500400007,-6.931811884915334
3.4192006758810924,10.135330728489286,0.748464506363826,0.5638606523346459,0.7778545168116607,24.85419756305528,2.6589771042264903,1.2580334564510178,1.1527718349627027,0.7779005107166331,0.4879453967431425,15.630314115806858,0.2099116514034801,-111.10632761362933
3.4269549129554626,10.033119051515603,0.690671440777348,0.5514783742447286,0.7755691339716869,27.004348286326668,3.2541008277147387,1.3375399586827084,1.346885440904107,0.7772895523695086,0.4266441468753394,25.21473206656368,0.2028783105638267,-95.15081268273615
3.435860928190245,10.802152672596765,0.8651257580624271,0.592227840639953,0.7460022941615364,17.000635991645076,3.0688521376514477,1.2261467826407886,1.1852100203183957,0.7158795301507425,0.45449134119152906,24.396273089902902,0.20102962383214898,-85.80678774094763
3.402490235929506,10.05607148308702,0.6966581746335054,0.558494926447395,0.7155667197795497,25.86166874387748,2.70023206187226,1.2827041327542554,1.1670005957345937,0.7729485308843724,0.16032323243441593,14.919264827810839,0.18294934887288952,-118.39202431720973
3.426863484950299,10.715121010790142,0.8178419479014878,0.6224537930022132,0.7174000811834794,24.25214085113003,3.0937250455429233,1.2624468880577353,1.271910109512744,0.788802412596995,0.29338859448837434,18.43243189830642,0.21088861816383575,-47.41427876878862
3.4226404137683506,10.003492681977553,0.8519098765223593,0.6728713509106365,0.7526353530838626,23.79219725548132,2.8761213249124373,1.109011411211183,1.1205996201418271,0.7407146882310592,0.480142875073028,23.712782079381295,0.1571156439596437,-74.4025757584453
3.4037098823163565,10.360396243124224,0.7876660903826365,0.603318453447,0.7413078110158787,21.587547909130613,2.969573746602211,1.341471183321405,1.3173352902769864,0.7900634938084795,0.46337999538633495,18.42523237802309,0.219258673513964,-94.10600263663767
3.4012032751021284,10.410485687679952,0.8320700127185626,0.6983392349351671,0.7476150543305019,23.823913989362865,2.753995217947234,1.328724652313034,1.2570652535964957,0.7140411141261188,0.09035880036845484,17.77367130085044,0.17859054799234494,-41.752577498156526
3.4382615871600417,10.536983129841625,0.9205165191060607,0.621014924916782,0.7533281147690152,25.37125990972513,2.6822017163404146,1.338744169505102,1.3805562252477968,0.7863485500370994,0.44883078560343553,17.883543498728066,0.19456903144322457,-27.76452007997831
3.4193740407002373,10.214238041914397,1.0030498162380024,0.6929176235636854,0.7731015299857478,27.399037830026924,2.703520419068721,1.1832858131561268,1.3967965192678604,0.7761917978471098,0.007422111020550418,25.575243641606196,0.17436671317070235,-83.59987047425463
3.4159901719925245,10.105428828099711,0.8278421314837463,0.60052348122651,0.7585212884815631,22.142024163060007,2.7396482806877245,1.1674881108648305,1.386030852033324,0.7282419472137369,0.24427140288206672,14.877394174872995,0.20174056841701177,-92.02035640889645
3.417373548015307,10.75284980269001,0.9951219137242779,0.648320936727978,0.727986593584699,20.401646664764566,2.860813945425488,1.2968239867304214,1.3667747625259763,0.7863148629738286,0.07658370622906155,19.448393078931765,0.21381071626522252,-72.88256108817328
3.405936100237339,10.405964249347432,0.8181623150393803,0.6829433755609464,0.7414158301459838,15.604080494974074,2.768833367374509,1.1999356114369892,1.3371772323472657,0.7198804059500044,0.16588799882027866,25.641177830835947,0.21167461814868888,-50.574172683883134
3.4004183932291077,10.652766494428576,0.7871679758564194,0.6779119665476229,0.7751056043396152,20.368358953931676,2.694047676445138,1.2593187900586469,1.241157794453061,0.7431643689823885,0.1941843437737646,17.461264763107422,0.210793792446404,-56.797266364585255
3.401215373329883,10.046990770443996,0.6692402962496896,0.6408173782444343,0.7066256575843054,19.85472313256572,2.701173783076172,1.260973764420289,1.2008634133657146,0.7287199531310171,0.33910432447085903,17.45471584479428,0.18486104499451267,-11.073290108423222
3.4032716818182545,10.767472610604008,0.9236226449911238,0.680868979305678,0.7180900079623186,17.965495031055276,3.189936903053387,1.2076716488595065,1.374077313338283,0.7515255088767075,0.1691177995184927,17.847964530633707,0.15367451487453326,-46.78324195468305
3.427878843039571,10.605863004208878,0.894902382385013,0.567834718870558,0.7069767173199347,26.084831186497354,3.26474621611026,1.3898897271760589,1.1953376361988053,0.7806577557656404,0.2724097799792624,16.53429575435354,0.19833167299663948,-90.4287639303742
3.402495387962919,10.082233532492653,0.9639671942685164,0.6816445960493137,0.7010786381531336,26.648236959127175,2.6751123124716396,1.3845500550365026,1.340385467884469,0.7744003667981465,0.11789480655688332,24.60888382682051,0.17536252002013614,-36.464674908667604
3.434346693931191,10.796742789472768,1.018916359295188,0.5908834167662331,0.7705210153400965,20.889041534678015,2.709829282844121,1.333845465789407,1.2804992507739392,0.7967271161726338,0.25440066398324207,24.845134407801687,0.206336589839186,-123.0554316552323
3.4342670067113885,10.290148531997772,0.9596647513457481,0.6255309574327652,0.7564076239124979,22.130668569779758,3.128039099347712,1.2958049266705458,1.1397034083954913,0.7613670408547183,0.14474332403202142,18.417324120075204,0.20078714977382509,-31.84754363548049
3.415777110500346,10.670287575619152,0.902875992284154,0.5586415857246663,0.7028800989147528,15.729818549218269,2.671459083364982,1.3550102078082664,1.110344576120513,0.7211643963364731,0.09224910974545317,24.102173221550096,0.19190441139840309,-68.64433519831374
3.429481332402416,10.105067138471918,0.7720996698070165,0.5514087051572379,0.7496987595677816,21.627409270654532,2.6796728783408947,1.3490747513192272,1.2363281989500015,0.7769421720784365,0.35972545799191286,16.749052586024774,0.17162911945992967,-12.343402943902191
3.423015337537716,10.868323584341328,0.9187269866143389,0.6496964578669094,0.7679642415763462,21.53781131252658,2.8638512573151225,1.2766105634836005,1.1224711587819733,0.7492555373062283,0.12077733526850618,19.80367493785965,0.1694487304749908,-76.41247137045481
3.421484445560451,10.570139662679614,0.944520655950118,0.6749322320654885,0.7034314927571323,24.61512760165666,3.138496615800122,1.3383230963806652,1.3586261259624068,0.7998626881416087,0.35851127468214333,17.444287636339652,0.17326207231810412,-101.32368770755625
3.4354686378676624,10.504422446358626,0.9319431725894557,0.6264438605421745,0.760371087929321,26.271705998441778,3.097028064810434,1.1853729263549906,1.158590841725713,0.7127693730091175,0.477467867501095,21.11969301168604,0.16332252979574463,-62.27929023438356
3.4076350316140016,10.771784957430091,0.6977129297902336,0.6222154256590293,0.7411096494932443,17.133237418204786,2.6848334588704477,1.270218956723241,1.1593591392300295,0.7659543756959049,0.463813167322753,24.712370344302904,0.1656410454027134,-107.00929044273035
3.437560565548358,10.668646926176814,1.018770352137856,0.6947617070197529,0.7462638711844455,16.407127797977772,3.1259525524561136,1.2271342696288707,1.2156287898927074,0.725469498426059,0.3163214400916309,25.90491910392449,0.15923103748898665,-98.21051648932033
3.4302082441110344,10.745159802049482,0.9998728265531791,0.6772997308353509,0.7054243416455106,20.337564459718607,2.825142304356192,1.1216380184277717,1.3182245748070132,0.7032861715666124,0.07879293179176315,14.51724363813692,0.15579148161920445,-68.29406141609118
3.4204282862624225,10.507955003793594,0.8846356887083667,0.6128569199886785,0.714700796751606,24.907663931612802,3.091095375411239,1.3535101098510254,1.1950700183496807,0.7854938393772439,0.47545423276016074,16.28755871321224,0.15513071464892234,-99.30488939836046
3.4334870938601614,10.531246904656564,0.7977389284571512,0.6230474866021163,0.775051366479889,23.77033008121216,3.0266034163159246,1.231936432095055,1.278163606853674,0.7123084472948976,0.48069665702851927,23.223996873458287,0.2055328687473035,-111.87475597416659
3.4031197322893427,10.403252858734636,0.9453727011742606,0.653923431194528,0.7388945285139384,18.16607333021213,2.737832033362139,1.2634002779617521,1.186037178630967,0.76814346991597,0.079569837168731,17.002764015096645,0.17503471394117134,-43.564750386373674
3.4141284076059066,10.889125000825445,0.870990486999176,0.6997672729151619,0.71062105112722,23.45222431684557,2.80381688902946,1.3663621491155682,1.245103937539221,0.7077323341522476,0.23537034314441962,14.679613017442326,0.2022187529999648,-17.400242715088453
3.428474988990409,10.615028164681117,0.923037542148704,0.630902317397767,0.7389568688431233,15.99716562768008,3.151842629838949,1.3390842881745173,1.2894601303466267,0.7849666191695468,0.16365938557782667,15.5189992474062,0.2070680950807771,-29.260951902716755
3.432130371469052,10.743202943210822,0.8582128787159783,0.5514361190988787,0.7664272927275488,22.717797697898103,3.0730308362621828,1.3425069259202886,1.1891966732900776,0.7602687480749699,0.47579554049494466,19.103725462660286,0.1972195090105059,-48.523452644503706
3.401225838389569,10.390430545945323,0.7660020560247565,0.6816915389526116,0.7367011514521339,25.566840009190734,2.9648223021360463,1.3919272045373294,1.2629689392187855,0.7785637904411966,0.18551321140677568,23.244773336009636,0.15047156113331184,-61.83935164712426
3.403850655417151,10.787985947885435,1.0288314280503157,0.5991645962471512,0.7394630024853396,21.759049488807904,3.1323897633827023,1.2708747958105027,1.1348900018747385,0.7519550319736265,0.38563756415482175,14.952330671544908,0.1556428581799703,-119.60731488397782
3.4273088248795514,10.350727703874528,0.7785111433786017,0.6918961864118451,0.7220378257658258,23.46661409268772,2.6736609398132423,1.3882446766568646,1.1613635413613692,0.7311030466280516,0.2904803994456814,19.440352891914486,0.16423265206092244,-106.23291806423464
3.419846837589757,10.326543911172394,0.9277650443662211,0.6859337336455582,0.7264343531503519,22.15202622782065,2.8739878759693367,1.3528426624180925,1.1465192301811729,0.7075988971318288,0.10656954055773292,15.23373800050108,0.15239925043385966,-30.1950446098722
3.402944245374557,10.866491663155152,0.9248467235493996,0.6861472938484475,0.7158238768564463,19.030041990270853,2.886870397299752,1.216419976791615,1.355646619117644,0.7171429017288968,0.09686274675402519,16.127159729151906,0.16218238822209372,-46.232094883679906
3.43474096656425,10.472626366806209,0.7207988489296953,0.5543139426629394,0.7634048676690214,16.405641500468764,2.9149931813305803,1.1971039776931927,1.1339061986067127,0.7998329109834335,0.09343495498334832,17.215532019145442,0.1577464371413482,-70.43710249884221
3.439817165863097,10.057035271788251,0.8002178798306069,0.6029911365130447,0.7516963560337374,22.11882141420925,3.227634252455437,1.3662063374941038,1.1636533168055396,0.7584287051749566,0.06951750351960895,19.19087278584179,0.19290784144827552,-30.447950101223995
3.4296962355618326,10.367422858054386,0.9599448223190569,0.5598293659929806,0.7378724099580884,17.656282132758268,2.869184574581575,1.114981883777804,1.2257588432265243,0.7633793542882646,0.3806100027462673,19.451651487143657,0.2024169264301781,-3.5094249253318424
3.403001081692065,10.862214751386864,0.908168059382545,0.5576583916269835,0.734648335402562,28.002124779177173,3.1858393504342537,1.1176277389592495,1.244993409065611,0.776495573006818,0.024785830460844618,17.324592008177714,0.15347340352969338,-123.69208108078142
3.433463916850466,10.034620315571694,0.8155219153506623,0.6332049754673453,0.7365672361174608,26.135347175310468,2.8371445397741772,1.3174276441656807,1.2014866402029027,0.7600815711358614,0.39978145738409177,20.11374328128179,0.18153048021686655,-47.37370135672053
3.409629091141992,10.228291136939847,0.9039868938964191,0.5597184745282033,0.7662206511274355,19.41392102912397,2.910964640914988,1.3899177268962961,1.1687857550359593,0.7624822557055165,0.06013730292112264,15.657523602039628,0.1585774078209633,-84.53196973496529
3.4334640767122426,10.582815574763718,0.9456761842694901,0.6681340320735288,0.7667657118907976,19.188536549420437,2.8224055351934614,1.2896307098447117,1.2465508243303676,0.780228294145734,0.41900193191076435,24.431676308395865,0.20653114535683414,-55.41544528663577
3.429299512063209,10.822433964805066,0.8412227323499674,0.5994461787725336,0.7090329224759,24.34987957557902,3.1890995713474446,1.359249131829148,1.343121388401609,0.7788469676430518,0.43942870667890466,25.78616364155124,0.176557707579804,-0.8168805648386837
3.40481421568355,10.727786593002097,0.7830995026210869,0.6997518574878157,0.7170095225080547,16.762158447138393,2.7660896513381377,1.1400936865591575,1.2332618710239707,0.7697364354621463,0.039336726247174214,19.869119947225755,0.1783630955901328,-117.12494962782539
3.426534267676388,10.066112791261691,0.9706222831642318,0.6304478682584188,0.7237764776974694,25.013304760717382,3.0309297255581638,1.3194853135520908,1.1948938946445735,0.7111400457531641,0.4540745569849063,17.183153332086295,0.21421834647041593,-90.53900567101711
3.4037862902849283,10.36010802114772,0.8650072428377982,0.6215497395115478,0.7128064247383051,27.253864447813392,3.1272466574598017,1.398902959904035,1.1217311324921253,0.7692951315042797,0.40985899661619524,20.622370771694754,0.19045583529755133,-91.59651515210095
3.4345801259841195,10.263777011911536,0.9924772065851402,0.548085101637069,0.7381071971803836,23.269275439734628,2.813073176904461,1.365785289015684,1.2079670762544246,0.7933995498488977,0.24042950243703462,16.4972697660126,0.18564313073315405,-64.61295398588376
3.431997892667081,10.649188356273664,0.8762106290353417,0.6684439994930257,0.7044748232972042,24.074891360943397,3.161714583847841,1.3622761268570336,1.3090094417778437,0.7628436356707536,0.4521289516687172,25.607066749481188,0.17573906966268166,-6.647259021149452
3.419149416987667,10.390138618313467,0.702285840706111,0.5701627597371455,0.7147979576040483,22.592234443078013,2.93935295542557,1.103004810400429,1.3878902002987132,0.7905721992725289,0.34535779554859003,25.836875542423495,0.17128178382548542,-21.021131849165585
3.4388592661773307,10.401343591726686,0.8492330378082253,0.6247021395184494,0.749211928950556,23.797468175930398,3.0572523777129774,1.1895397621214296,1.2545683350165318,0.7227348548245967,0.30178571578194363,16.445655802606638,0.21076469272406972,-63.69828113045423
3.4309679087221028,10.038232528432493,0.7525981281736164,0.6169687797076758,0.7152297676936207,23.68841381991388,3.237855617967792,1.212273227683303,1.3440666072749679,0.7076321209343812,0.05935280382607107,15.655237930002691,0.18477644382538955,-71.29980575900169
3.404798900207603,10.281632770538666,0.8070480627219611,0.5636902540267551,0.7645502213251953,26.51276428443463,2.941754035087327,1.362852178412804,1.3060899808572217,0.7242694414438317,0.26210728668173494,25.166659451416898,0.19778073115212907,-118.01010446038482
3.423907059455703,10.360915596417108,0.7742937169053179,0.644149081064606,0.7781908305705679,21.63974567419754,3.135694668025179,1.118300439355249,1.2486119164083913,0.7010691203232531,0.4215670573826689,23.175143678257683,0.20505389006996075,-89.63276001436135
3.4312999991218174,10.320262813052215,0.7151450865968966,0.5771434411814395,0.7293550974383736,24.147284647423895,2.8626604673582254,1.220753509959091,1.2900204307988858,0.7515849725546492,0.06354688947224986,16.125398930209183,0.1526133594874031,-84.13909745724706
3.405959573746544,10.125597338168452,0.6518858214639296,0.6467392601340107,0.7031242931781868,26.16463316275576,2.873643156365673,1.3424209890202086,1.1349278798567342,0.794214176798411,0.08354528443443587,21.01110122256906,0.206002139103065,-94.03303220914896
3.4047715709697295,10.151306439339546,0.8155619338880048,0.6127666730587599,0.7711082726052194,21.150626900564472,2.8844040413440477,1.3093117280843989,1.331908046944459,0.7817207750934925,0.2251032559662845,24.26283215173389,0.18404359055690608,-120.98569899612389
3.4016973696289514,10.874262646533776,0.78876272056048,0.6367810570431462,0.7618300139358372,26.006143015959047,2.6657211088968324,1.2613836826246208,1.323818008875458,0.7961393250446003,0.03675651762734977,21.17235319453465,0.2041544780565318,-19.333577952132885
3.426732085103725,10.013088742890538,0.6982022656431558,0.5830606147331026,0.7354685813458025,19.148981748196512,3.0438407976318675,1.1424382367419739,1.3327349828029307,0.7999438211000687,0.32105298546089256,14.252760379324574,0.18918088375060318,-96.15385514018463
3.414694815303099,10.188456987607188,1.0133120237432756,0.5613468939085433,0.7292006631719187,19.558786741672726,2.7503642678322224,1.36170337171322,1.20314167461822,0.7034002813438832,0.4804876135846032,23.069079267417262,0.17569054132763712,-43.60295885920853
3.403835963845182,10.659935089028219,0.793153804700682,0.6510123012605471,0.7127055905959306,23.43199193399849,3.1399057747270103,1.1214098922162807,1.3718935106169416,0.7253511476780149,0.048648317816275266,23.02123266002327,0.19641707979331433,-109.53661743919054
3.4081682665546182,10.534994726615103,0.7201936019890698,0.6878337025737168,0.7078411428553564,19.57804558667691,2.876867459667828,1.3196759912641096,1.1345020086960595,0.7335748726781377,0.011656912757385982,14.452824817118021,0.21544036792265936,-55.96821457281452
3.415506353726836,10.227212231104497,0.6813047315770211,0.5687677511295117,0.749673067511997,24.849975581270627,2.6561431866214225,1.2150474213958837,1.1392617830091536,0.7553488099584372,0.38347115279827426,18.050714102005962,0.17304083205945947,-38.362648285526774
3.412312603456456,10.476158146881628,0.7045280998943572,0.6264605001383331,0.73738145357413,23.025398717918172,2.9959048551806133,1.392710715744045,1.2222410019758112,0.7918658481679131,0.18285712935595874,23.977787446428756,0.18625425868265363,-2.799224216031618
3.415540696414465,10.485577383097949,0.9979489704301746,0.6174712398743304,0.7165085047745721,21.600642315084098,3.1695887259583166,1.3850296992327529,1.2286736887954226,0.7529559896563695,0.11386576992773301,17.83003644384919,0.2125345981145565,-116.74678296204368
3.4253332697362215,10.36628931176537,0.9139355728859877,0.5871514505400219,0.7255954132277582,27.880491252456245,2.7977495585995475,1.3387851672632378,1.2398006411644322,0.7936635638347223,0.3260779476685258,18.46971194259454,0.2131399083778931,-110.37585634923563
3.409149803353517,10.2448381288861,0.911216897872522,0.6516522582175749,0.7405067586416075,19.477418245840447,3.123269273593711,1.245935059403683,1.2382710020698027,0.7910848610086515,0.0013524195334622246,19.541108394419325,0.1564184727781879,-61.3839475753285
3.405420261016686,10.50608285898025,0.7212087156037355,0.6842675045129496,0.7417685335295341,25.605058760188466,2.912917712539815,1.3127348903046012,1.2884520754855127,0.7998863195048476,0.47720510818491063,23.314807400242323,0.20145562134579367,-98.34419872224476
3.422277248618214,10.650800921459258,0.7728921528543529,0.6573092799167873,0.7635307307069376,19.497922792037095,2.816211716647304,1.2449167263889978,1.11724387835205,0.7724996846364123,0.32037231071749134,24.331201269435056,0.2171587489354706,-60.421584048797804
3.409656431529619,10.167283426144168,0.8925832634703148,0.6517609047052942,0.744523294690445,21.37766236562185,3.186716523024115,1.3779268977555381,1.1919301832784057,0.7614000757710205,0.26997982465249387,16.716293504622534,0.1560779307873376,-107.15958823376528
3.4339580830044727,10.06488944979199,0.8621426369136167,0.5725252143225079,0.7511562000061895,27.858956833390483,3.1265256724551542,1.2074196661467005,1.2311916789154875,0.7102632228821897,0.2869454836276447,14.44299801543232,0.20361962917613086,-111.76742845041171
3.439813910328409,10.55580647795866,0.755082594285759,0.5882223485228996,0.7770668327074111,20.103038464262433,2.7559047708686655,1.2856593798608915,1.2911600517443318,0.7452696363800846,0.11739139023114105,16.345290657483357,0.1577849746881193,-82.57594110980159
3.436089895887974,10.396221680819789,0.9060466879330977,0.5826350854037188,0.705324124786598,20.364631051039343,2.9943118510724878,1.247615945013748,1.2632333597360415,0.7473874948337058,0.1166968838328637,16.072075282943793,0.17381455907814447,-17.456771867783274
3.412774285270167,10.836712485338198,0.732121831943926,0.6295427080635182,0.7285953774360884,28.22593023027877,3.216761522633794,1.1819532439705356,1.2815539934092706,0.7990309355949248,0.30142212593789264,17.84060002616161,0.17354076706451146,-37.882616584831126
3.4206600511403416,10.020385021878438,0.6670318898999746,0.6457163230197069,0.7442256709760035,23.054666743311092,3.0091707816331335,1.1612206500968232,1.1240453478068533,0.7904183029702554,0.3414625479062662,25.33749860346512,0.20216799369806576,-1.236859884110558
3.40912083856569,10.747097217836947,0.6649322281923654,0.6907879935296382,0.7429642789327521,27.198380099877824,3.2612513901852216,1.3281064532519216,1.3578838744280837,0.7371139013886584,0.2714822004327865,21.483168372238424,0.17045365269836776,-88.44135023080953
3.4323814526287633,10.776959105796761,0.9845954351764081,0.6746450102192606,0.7445827197036314,26.876233794592466,3.119995948409293,1.2463819497772157,1.3313961576526387,0.7774127341067918,0.19194836135179177,16.90081701622752,0.21807126352740402,-59.44610747863952
3.4160700833259807,10.51274495858383,0.7624944961365451,0.5645637148352898,0.7514664641129888,25.203509828339115,2.9378601530689634,1.2113240272540284,1.2412661396223252,0.7227915099475075,0.20027290250416283,20.528635822221855,0.1801300643883988,-82.30772479044722
3.4374323162536506,10.382724952122047,0.8274062277361676,0.5802937019044749,0.717091738464068,27.656903711804837,3.275520009121483,1.1006065955769353,1.2810973640781012,0.7322753017381634,0.4274412645348144,24.94482934480703,0.20631991938384578,-67.79615364864648
3.434004211736798,10.340712422084728,0.9046600195017452,0.6427106455251131,0.7487761154996444,23.556547624476295,3.027571456671084,1.224646185607535,1.178008140694018,0.7284337103271665,0.16208932501651047,17.032516866839806,0.19299031990355675,-30.959585644616013
3.4079975063927366,10.331607969663272,0.9614474376033528,0.6632792840107733,0.7740874166706097,15.684119988058562,2.9675065677742634,1.2179616209660509,1.1089476107428071,0.7983975789438058,0.08830915020159195,20.501214115164757,0.20711495561830007,-24.270232083129287
3.416957851208122,10.329591773799791,0.7260044484690839,0.5790769008833897,0.7338106052072022,15.49101775735495,3.2230508695804625,1.2165361529905883,1.2643213146469325,0.7499723604253704,0.11773438831528173,14.429498980195335,0.15332815803663083,-98.43907348354197
3.4159487013725665,10.807906058620857,0.8725368458369642,0.6810030394122137,0.7514430192014537,19.50391572458074,3.239862799481747,1.3252577863235557,1.1946258339903801,0.7772791250986044,0.28114123933707735,23.135036821195087,0.18549455432814332,-36.30150032361412
3.42069541745192,10.590179733485176,0.9089024085707806,0.6898035153294002,0.760778319474897,22.642370446468718,2.961827245192302,1.3974475848629364,1.1159409485866736,0.7667956312473165,0.474456473111056,15.786872368423227,0.21479627067462137,-28.722354559960053
3.4241712253943963,10.31341798389551,0.8176297886619401,0.6301823112752818,0.7207622581580573,25.64172771449968,2.8233833848507635,1.3936192376568288,1.3691470050293506,0.71929255918383,0.3181214012462827,22.297615521018507,0.18955889927797848,-88.58844443533118
3.4048531280027174,10.062364396211587,0.9913364038470995,0.6985197105229988,0.7688922758515029,25.890599194847965,3.1202279587468187,1.3437504393292772,1.2508766279194945,0.710759956740841,0.3090511433912501,17.532705987047233,0.16385950167778546,-34.31612560530242
3.4309769453998635,10.835476831627185,0.7555800500960432,0.5533193438278368,0.7441525131072354,23.046821013963854,2.6728115413308777,1.3568025053336066,1.3353174251529005,0.7539564505577286,0.14383196006893784,16.45154770245125,0.18186039369875773,-53.32438564668068
3.4149574341726763,10.742650049447466,0.7627623108219502,0.6140694072835158,0.7038633610227719,17.343003231531572,3.172741354998233,1.3313426731829647,1.3364732193970459,0.7668924093283285,0.21008962192771874,25.280625557301544,0.18258808972620302,-0.4089736193540858
3.4280824214442998,10.621522491279334,0.8127996377254307,0.5531007528550216,0.7165875420839509,21.934015740239033,2.955314339613839,1.1792302738518814,1.2754046408265627,0.7322195531572641,0.3493678664845634,18.61034171254519,0.2074309039832216,-113.07878765019949
3.411740060412752,10.43182829515837,0.7559254501352548,0.5860992963069155,0.7368613417097845,22.274994251961235,2.6749527622888913,1.218108482220215,1.3792067683191513,0.7245178471095534,0.2171268473843088,24.86303560981527,0.16261682351277146,-2.182653572479026
3.438308228176546,10.731402090125227,0.754632628987108,0.6972831671798269,0.7147689512514942,19.408014963739685,2.9513829674798244,1.3777149376494646,1.276853255009057,0.7248723878975408,0.07478103194921912,24.346315902878423,0.18500791674389128,-115.72591418196605
3.4255828491568434,10.10704784225718,0.7968294796090142,0.546689340514967,0.7004551491982632,24.35277920162356,2.9107504575265524,1.272942593658245,1.2181137133523112,0.7192895924182137,0.25379762920302923,21.73544865342338,0.16045839625275027,-78.86963468229496
3.425351421472153,10.54856285791683,0.723709657118082,0.5420225045634602,0.7459635375177438,18.787847940456103,2.6944047600552885,1.3652605526360353,1.2430272944598983,0.791147230131788,0.38593561576591456,22.736875472819435,0.20517023557282496,-114.81579183457086
3.4312495052866874,10.302453596132771,0.7053023238495202,0.6815319639795037,0.76007054141394,21.39718297679191,2.845261965625712,1.260794008650384,1.1367017407272206,0.7750911467973483,0.23727263005404017,17.27133886952023,0.15381168344407248,-117.8501634703412
3.43552847796765,10.26096937499863,0.7983158651579576,0.6371611339009582,0.714481327569747,15.829495750660238,2.930165888332968,1.3007338461703102,1.3593306436020134,0.7183265322878883,0.37830194982707127,15.87696539239178,0.1940178345435912,-22.387136736753035
3.417641668783625,10.509484511008461,0.7821219439045526,0.6538044364683082,0.7055801673149035,25.34355977572343,2.997493095906931,1.316687486750188,1.261219341980449,0.7819276667200645,0.25953855212896154,14.673410547885489,0.1509969630025193,-34.751174605508254
3.4342412233855035,10.662514160506545,0.8567363297615854,0.5707615110365752,0.7461229255181676,26.501303858445183,3.1895840359477416,1.3497307586777194,1.2344383943088457,0.724502831183454,0.37990773040870063,16.752298268144187,0.18436171508778199,-56.9646101550739
3.415709687437704,10.55636282704844,0.6941469105932284,0.643884061383214,0.7161238625594321,15.42666213248209,2.6665065927688527,1.2516553043637455,1.323041471086739,0.7471523978140624,0.46915148233923,22.86541529462508,0.16555099701147968,-122.82937452489374
3.422138407168597,10.34913679237433,0.8655398085963257,0.6470985505595628,0.7585160106229276,18.597227862091867,3.1107383248250593,1.249590655806959,1.2906390025147954,0.7665937593389711,0.009133361797135628,16.69267066529883,0.20057774309144746,-54.901691710517696
3.413840980640368,10.585774667077295,0.7550628972677026,0.6088362097097295,0.7584449014488791,27.844568152535953,3.234179175574085,1.1067104058999486,1.336396815530596,0.7721419249309209,0.07769460178316812,18.007060837263218,0.15190061910007915,-76.77584154418975
3.416163061429631,10.441356244362169,0.8426259476202076,0.5619512325731625,0.7243485858095823,16.57788060078552,2.946829253920112,1.3532546989662917,1.158102938231628,0.7450269597826692,0.2654249406748027,24.08102883731931,0.16587687422535452,-85.49308376450293
3.4367152803383196,10.315084897677394,0.7573050995289946,0.5684094827312846,0.7277679922454275,21.095484370902565,3.067589438440796,1.1352403700518212,1.1779165643074285,0.7598752672287115,0.0009124545598451549,15.927696618988916,0.18027765198396717,-118.83769102244224
3.4253880471242777,10.18849205118565,0.884669253223665,0.6417099454090546,0.7452011494876164,23.038096177736,3.2642371251706974,1.1215872795617363,1.2034068431943188,0.7047048777395745,0.2900230049110172,19.662551948037375,0.16253557067870042,-12.336225395150663
3.421943733260746,10.055079340681878,0.7910420606639654,0.6210762404826512,0.7173366422911316,21.2588019250277,3.2178341342738124,1.1932532725238165,1.2419838522123312,0.7605091900748605,0.454636669163698,25.7601502381275,0.18888801027557864,-10.560881702697287
3.4281139835729864,10.127952061087523,0.8410760223295795,0.5811761969332278,0.725890071592849,24.702693213334364,3.132998409775126,1.2250180857721702,1.3998701354205978,0.7299395724787094,0.45363850621949636,18.46152252635534,0.18147865399922036,-91.65550568470914
3.4342700140009716,10.718426683302237,0.8104337945807023,0.5493294700231541,0.7495469395048365,22.66881301450143,3.043979745426414,1.2126737797795828,1.2114807322529981,0.7633641942044969,0.03753264787575028,25.485622512405342,0.19132841033625556,-114.03031680060657
3.425515688153125,10.764911652575096,0.8817862614681657,0.598399985462607,0.7164454553202263,17.04898729296877,2.7072862454437687,1.115729560942288,1.3003790815907073,0.7064938199513582,0.41053206654701,20.472288536896432,0.1765612973234257,-87.06551037247971
3.415067914466865,10.250072842339604,0.8827108652430355,0.5684875213270513,0.7507422213128327,21.010653781312413,3.231977723298013,1.1523611066157207,1.338766705453119,0.7986307411294726,0.4670538213554836,17.89212508756208,0.20911602610280544,-7.821638745255129
3.402623977302595,10.600610660426078,0.6555156753230257,0.6379572974621838,0.7453511864368788,24.302238673770113,3.0267549799847426,1.15941388938638,1.2710727638982426,0.7140047335091553,0.31179037547976,17.495059862228036,0.187520194609132,-103.83361858964713
3.410421686778511,10.450438227383641,1.0070449092925386,0.5787104883271162,0.7056950893050734,22.829651320624887,2.8023208238584587,1.3096871228100149,1.3949342540020804,0.7176792023668569,0.408237718631334,20.620372866820794,0.15588274625559806,-27.426942630148062
3.4235589174116576,10.63229658380529,0.6556304697018444,0.5666550212858316,0.7564990240970116,25.437209683590176,3.1632652572106057,1.389377707299653,1.293349407814176,0.7869715132954593,0.1175014702492296,17.416919986758316,0.206572557245426,-23.57528280656419
3.41103401505984,10.38357345015505,0.8551630505963972,0.5764420530756871,0.7022033989747594,22.647597883340904,2.72211865677981,1.1573592670394957,1.1276201752424742,0.7441759716123482,0.3474241375373042,15.621137878149463,0.19794666993742704,-79.62514173393141
3.4119034767861893,10.209750013821315,1.0076087826148026,0.5971947728677907,0.7190666118549571,23.926345388545677,2.663027185718066,1.2237087654433951,1.137833486998162,0.756083880924518,0.44596923174593456,17.269506931361537,0.1506239665848499,-116.78223440675046
3.4261005657424817,10.837470049168113,0.9331046936131486,0.6262449600522421,0.7032825625702726,17.16578626038315,2.7480378037301567,1.1868728382568312,1.3100776579665707,0.7638184863729676,0.22108451312785352,23.12582335089393,0.20011393345012116,-10.090724472881803
3.4195572982652456,10.099518374482942,0.7253330366638002,0.5841397104192901,0.7489922910621657,21.73044044640225,2.9623617771948543,1.2341770001714376,1.1637065111564233,0.7623639444697686,0.20024879437508802,20.35157460559,0.2178414675201521,-109.04944558877423
3.423806390013389,10.006954942577874,0.8231752977866109,0.6462197074310807,0.7658359984134462,26.89951733109908,3.2574907166536553,1.160515905821706,1.3891293120950894,0.768973670323838,0.11466638853673854,20.070037566772214,0.21939590092389855,-112.05992883146648
3.429908989687666,10.312692330724389,0.748773171112788,0.6335039383397839,0.7304568292263321,22.233931718754,3.0446689320944675,1.3211852914370257,1.1925141967476132,0.7666852039814316,0.03819476229004988,24.24534071453671,0.20615986169446415,-29.90180966208507
3.420795556547307,10.623078654746976,0.8521167760227684,0.6482546121274996,0.778623645185689,18.308786118095572,3.1712645557801817,1.2583697358166668,1.2521439576920492,0.7053695652342813,0.265507591271569,25.498907095620524,0.20564774446377826,-114.27007565358764
3.4266861833683344,10.317214742972416,0.8882062615800972,0.646040080380002,0.7053904103079314,23.342515819333023,2.7246875584929326,1.1258790539853778,1.2996606469265857,0.7718689938070489,0.20431066641139622,21.57716975886309,0.1691567104150899,-54.009952260057545
3.405429582198542,10.435348848838265,1.0094228066220308,0.6769895399575651,0.7734928332327359,26.227982836831266,3.187111554616603,1.1985930439340065,1.3536206110632543,0.7093472957253453,0.36392672446432456,18.874279724615704,0.15366377457171224,-120.96816388940361
3.4090078065973333,10.141034796186204,0.8459237350672668,0.5859520208921523,0.7361288686223241,18.91476563308879,2.6790069117576047,1.1625534186379711,1.1251043442177926,0.7177738987089807,0.061884970703519164,23.81915195211565,0.1920206666396623,-101.46497774977456
3.429590944894461,10.297889228293677,0.8581971684054119,0.6365484948413576,0.7343111782122296,18.174789387952035,2.7370177440436345,1.3242619917722367,1.2918818715489055,0.7145627171589305,0.12867289769865678,24.295099526272406,0.18042429480246214,-98.93466680854627
3.4194640295357743,10.707696001610433,0.6896196105272598,0.6282919157682414,0.7548953664414915,17.71396131487012,2.838050966628286,1.2742268964063626,1.3949284464577485,0.77651467075294,0.3990789065717607,21.862432272417955,0.20940740245989517,-102.04622060660384
3.4134063522508264,10.144564850838194,0.6666640875949832,0.6850226847575602,0.7164358720677042,25.921033596250105,2.953982828616758,1.3588033059749325,1.310277559504933,0.7923835763363691,0.08841275712242866,20.67976105512943,0.17766209897797844,-99.68569861296162
3.4378732634280373,10.894206674782763,0.7108143676541183,0.6122917943366333,0.7549783548712348,19.055194939920202,3.0759976044797943,1.3792755362398834,1.3885118215078611,0.7569305384388613,0.40797138694586255,23.669086038685204,0.21380159701823875,-37.952956103689274
3.4117608769230805,10.042171874401864,0.9873547851667417,0.5964279944680659,0.7650879873254671,18.027196635012807,2.9255420256841314,1.194983433723753,1.2095591934465069,0.7459287567453853,0.4985138070087008,16.466401794861028,0.20329749116997473,-74.67549689975206
3.425606524793711,10.40962021112204,0.8129679457227137,0.5562553117713972,0.7171545964780639,15.635454046000795,3.1209861269758035,1.3378202140622917,1.2976795206362202,0.717500652037806,0.04117217499168489,25.82398074273805,0.16222367682168864,-62.10645129633129
3.433355328527327,10.253055775073998,0.7991771696579058,0.6072365629330894,0.724275163277469,22.796921873746854,2.9805743734424746,1.1386875000034016,1.276368708835189,0.709227419486409,0.42787879942695906,22.569000450371945,0.18221926730651858,-68.76917521193182
3.4001378177901955,10.626815081016055,0.8032258953089482,0.6959997032945612,0.7574331250181509,22.629241972407105,2.9121364836038612,1.1816018186285258,1.227543744820385,0.7182286433953902,0.09028129955128768,25.352563627954112,0.16765365416003924,-123.54678119300088
3.4172689952065256,10.092687387376186,0.9184949832767488,0.6560402332629363,0.7213480922577732,20.604652786538463,2.8437286060372085,1.1036657651012287,1.20485485743367,0.7057444893285594,0.423184348337528,15.546031064927108,0.15026418457774046,-1.6727550950601113
3.4187713296759368,10.299469755446204,0.7539979430135674,0.6980898447855818,0.7613176296841445,28.268954378229807,2.7242229632387773,1.2442401538054342,1.307152530022356,0.7740283709792284,0.45843992835070524,24.364729832844247,0.15951675186197267,-64.37392529909917
3.402405726050567,10.409245181696145,1.0055676597266119,0.649322000680122,0.7546728519519824,22.238693055215112,2.9183373778856083,1.277963448054562,1.2398634689549946,0.753249202554166,0.43091966618748423,21.606175719916084,0.16010845794364717,-56.667190857398836
3.4377174458032194,10.821920605788884,0.9254858510233914,0.689960912231387,0.7019874121049129,21.564258520010192,2.776645800152186,1.262353095413537,1.1254033219574837,0.7777461419272926,0.2827634112522061,22.395989113066005,0.17810614897301985,-10.57153021920027
3.406355828337837,10.730813065782144,0.974191862001712,0.5638029819308117,0.7142054068891478,27.753735210094817,3.168594382861147,1.2857352000426618,1.20856120136284,0.7246930606442467,0.11520655774709788,25.84752782050218,0.17962901537240492,-13.11405285650929
3.4362328235722464,10.406571969566034,0.8321387899193609,0.5586924616116625,0.7790973371021602,19.783290114414534,3.1540889039394497,1.1766866977545638,1.1740915404397454,0.7781239470342438,0.24046362601577706,19.01760943007546,0.20148535548666024,-99.42727941721309
3.415910710724152,10.05416563135766,0.7990567399038604,0.6958151753575044,0.7404473223615394,22.51567739761135,2.8870208341382364,1.3486385745839364,1.182558817420409,0.7751410826911938,0.3268535239171005,23.04054144576206,0.20324439873688502,-37.00164974509525
3.404636968137601,10.65105395974612,0.9415612137373306,0.6479394250668907,0.7054759803125497,26.879140730752084,3.2007081636190713,1.2676869365383736,1.2859003468867536,0.7781881935696858,0.4718915591086127,16.34605890368976,0.15170665370655176,-112.16968323914432
3.4276417540014834,10.38559067440645,0.8054997300871092,0.643113751160384,0.731653998866661,15.806053202074033,3.1180705722817135,1.3121643491161894,1.1204957146237486,0.7908436224745216,0.06972366940547346,17.654763860583657,0.2193046412140618,-42.01039252903014
3.4048833983653393,10.053215295988702,0.7267680404783625,0.699730847043144,0.7696686278307951,24.210878941340987,2.6663866288390783,1.298886162052829,1.3885998429307809,0.7771787799123153,0.21426138637655368,19.07193580193637,0.16835547350004113,-77.8049019085351
3.4166645692855813,10.545265161917468,1.018621079370756,0.6380864560388533,0.7792336936273785,28.054363892575843,2.9996348708144516,1.2650698087744732,1.2995577039224322,0.7709859905956037,0.32281226062803414,20.550286669241295,0.2103566639021529,-122.34793614529008
3.414811629559184,10.446508904630752,0.8226450520334396,0.541388929153652,0.7429222358668776,20.389054040495697,2.7296124282218432,1.3283175737226904,1.3610755785433422,0.7293504422142362,0.16505107362189608,20.02378226761572,0.1691259095072033,-47.85027982798624
3.4030106531944746,10.82498896543994,0.7631446931180914,0.648164148705264,0.7254455782029363,18.772070967243078,3.033910633617539,1.157482504573982,1.3443957378344866,0.7221060373537115,0.4182945021716018,21.382759679920515,0.18206935338245883,-86.60776504243242
3.4297642689915304,10.047948156297068,0.9087842262010526,0.6346478959881354,0.7187461760212913,20.4819653190429,2.910447895498662,1.2641775849299546,1.3332354517892064,0.7977845767816553,0.31027003806312825,16.02592600400999,0.15629201965145562,-62.51848947122112
3.403805127435453,10.221111897645528,0.9477046829043383,0.6290087594876006,0.7040282699204216,20.800682532715953,2.8773430981096486,1.3190674956848385,1.1653315025743232,0.7736222671694587,0.3913226404699711,19.534394014502958,0.15779802666043735,-17.909063457889715
3.4298458505855423,10.775962265812824,1.0032737839733918,0.6203222511241704,0.7629059941522304,24.66103050756189,3.0869576761735225,1.3381371005080713,1.3865567923224944,0.7849075502516888,0.046242034729150026,19.549091364308964,0.18349641208480222,-21.791326670817668
3.406407018334112,10.632797723615715,0.7792218310112103,0.5855468975617216,0.7600331420567036,17.629176093514126,2.881031358649935,1.3115100711527485,1.399794943477247,0.7384989583476487,0.07219262396988237,21.703004524295253,0.16703063515775937,-95.14431778331907
3.436956699251307,10.532273347624024,0.7278946084860768,0.699715692824044,0.7537445949512761,19.135230684608345,2.801889791590976,1.3406541221730681,1.376554153650219,0.7691242581301523,0.055022606840250635,15.881964640965434,0.16735587944192512,-98.64451259547361
3.4385283244400404,10.71282365529623,0.9182894558587694,0.5454091820868913,0.7039391224458724,16.780973634373435,3.114313769775226,1.1616744268555623,1.3441941460392435,0.7755322840263857,0.49259288147295366,15.578244257857577,0.17746457315853154,-19.981672123115487
3.411808244711016,10.556471645010372,0.8188178777734103,0.5961210083635493,0.7738935606713083,26.56595030942698,3.2790714733619195,1.3005401979630316,1.294322957030787,0.7705859671974201,0.20928085905715005,18.657843930850255,0.2113046840752969,-5.855905158059329
3.405647171748099,10.744895267095778,0.8711497916134702,0.6266466829292237,0.7227240757920274,16.66724497602324,3.0669524427390864,1.3842123725763253,1.1583411019055685,0.7755818335374434,0.13108417696566357,22.917422067861757,0.19193359643843505,-49.48572836900162
3.409860238107878,10.089015280076808,0.9694681006773933,0.6436667759685618,0.7268534794452713,22.203992770389597,2.9268232639886183,1.2613392518348467,1.2677571262795972,0.7341924345248161,0.17648652777985302,21.495208881304286,0.18602962351789132,-64.62254430977535
3.4122799566287987,10.700559285705006,0.7372668887875801,0.6686219301949949,0.7358334078504966,22.174781107510896,2.9224995082656395,1.1450913761944101,1.1461445332480595,0.7772593191888263,0.23666525587003429,15.969092613506662,0.18582883500068986,-48.84741408205329
3.434544045488718,10.504251369886731,0.7016056767646585,0.5436645792038338,0.7425308677842103,19.018148515033623,3.123202369962523,1.2705181077899792,1.1069866351597057,0.7809132011434183,0.3283812285319803,17.526229646665225,0.16787980809256728,-53.26218388374548
3.416193747144139,10.063202707856007,0.7476550208716584,0.698714461626025,0.769694969434629,17.573306880373877,2.8762541569441296,1.217808182819948,1.3389401138622754,0.7104078336543223,0.3442823360461213,24.206964736132665,0.21521658710523045,-103.26946029213853
3.4271554742740222,10.688464471197324,0.6505564370847438,0.597681927528083,0.7597861684483542,27.281053147430093,2.688229975303881,1.2504747755125467,1.1762862625347925,0.7272880718261798,0.33113805079728603,19.496136535720066,0.1743229669418508,-75.73278842753919
3.439906689656991,10.199300149058024,0.9541331113257044,0.6294235262644385,0.7498783828819753,17.696792162073603,2.9368886302588773,1.1873762325730677,1.3629206547827801,0.7852815768346508,0.05185556716003647,15.514303255952528,0.16688410965962053,-61.68923865318575
3.435793610183623,10.80673344534813,0.9364173785673404,0.6506924188880757,0.7606612846451241,23.31289802669172,3.1238109761821624,1.373560090219895,1.2498820810125038,0.7883066504738431,0.4863101613509772,21.558431876539057,0.18805618222378925,-90.62788332511431
3.409009668058014,10.514535869695397,0.8063962294904233,0.5664856727182105,0.7572672529718933,17.080899122859265,3.0443035195918413,1.1025826556951537,1.2936906154223964,0.749956450039788,0.011212182153244854,22.147802476833455,0.16893368227511196,-6.466501540597733
3.400271328745272,10.105508459726094,0.6814771331403044,0.5572036778620699,0.7406230936931694,22.41517267974645,2.993407504537866,1.2961540584522528,1.3403525714043232,0.7958278859348413,0.23661642783983994,16.05996063392834,0.17311599966536642,-32.77519693018091
3.426239945060097,10.608903047646075,0.9977644767726175,0.6689452498355534,0.7066914613894352,24.620738742235297,2.668214867019086,1.1557068404577042,1.3170791266777628,0.7246729955287657,0.23980040094045055,19.33905858929581,0.17172912052223593,-93.45131005031348
3.405553492933668,10.70528295707612,0.829878779793915,0.5470737261199031,0.7239086600117726,27.176332374661214,2.8391936786416228,1.2375515492154783,1.3785924844872093,0.7213889852735291,0.32987954092537447,20.231001815873242,0.1879600989329429,-54.021870121699834
3.415109101460224,10.356502974170713,0.6826810434921277,0.6246841982287086,0.717034781287443,20.186124632669088,3.041436183667782,1.1344216201153055,1.1981179469872787,0.7546585852935462,0.18246559436232584,19.16994030914792,0.20390951797793924,-32.19867811991311
3.4328326415287074,10.132659883588229,0.6680102258477714,0.6391073423402296,0.7102307852455829,21.65602092088126,3.1879037079269024,1.333104492746252,1.2081057035707048,0.7314269696608872,0.3505758964363676,23.771996059519566,0.20613640768505853,-88.64712398549324
3.4231594358018445,10.767866796063073,0.7273367568336856,0.6082911610422055,0.746295037373665,19.830086609138654,3.032568154540353,1.3144086753148032,1.3972316299579082,0.7155818263082881,0.10272762738094701,20.59569220483845,0.20285698664736015,-37.02925576609965
3.4153530694300804,10.80705814406051,0.7297167422974143,0.6800662179840922,0.7151128481078491,24.91331409450544,2.9886583428392477,1.2235410075916766,1.1210905747200766,0.7177422241229205,0.0892404962261549,25.751686008684416,0.18698921665179696,-102.75423513857189
3.4030641251229095,10.049507553302162,0.8515982646211854,0.5659382320619468,0.7292529395317813,22.42442329307548,3.246727372879826,1.3320596567410936,1.1370535414205345,0.7260075958543124,0.1710283978250486,16.08237407302554,0.19503609147190387,-72.91119800762317
3.407853543909055,10.490661044071846,0.6713390696013717,0.6723625190197746,0.7789548890655977,17.15482893173133,3.2221244103036324,1.2621647808762866,1.292224173290058,0.7253790152337191,0.2456988135919354,23.249901117031047,0.181973879926059,-27.57356828359019
3.400379260890004,10.40095984630185,0.9417854380069308,0.673893911233599,0.7509196233481706,17.945542859967595,3.121066089232781,1.2636122729593353,1.3742267246647257,0.7565672107410835,0.20919214283651638,24.6660502610872,0.2074149029365846,-77.75518814258521
3.4164769046208194,10.784100361701162,0.7597333336188247,0.6849496970785826,0.7120619501237153,21.551317548327876,2.9218007672771473,1.3360370969537925,1.2978121268878513,0.7067353782542981,0.07402335457225317,25.53715604263352,0.21230092080462887,-37.55932212994149
3.403925801366344,10.13897742270228,0.6621969772251176,0.6350327098089511,0.7394974866640038,21.00947892856884,3.058699281014037,1.3322999310204882,1.1127862823066845,0.7270020656607635,0.20896078045356006,19.334953928366154,0.1785157923600705,-46.595913510054885
3.413167148363632,10.516957043317191,0.7846471565306793,0.5925862474874033,0.7499664415466096,20.907851995272708,2.667533263508043,1.2823971874982005,1.1420887466552554,0.7956637592263454,0.3515719062248044,20.922750900199816,0.185558057635728,-32.6708005475714
3.401579076891423,10.458586643961388,0.9640540835294269,0.5442163180917432,0.774887675856967,20.471005958535763,3.2742230888476103,1.1634395256084236,1.3987297455237908,0.7335436885265867,0.03495577724174495,20.21160515778919,0.1675829836338567,-93.4963235503368
3.4209960074015524,10.65579375962575,0.9764193316411376,0.5415191993248949,0.7616969271695235,15.882937505946012,3.166400411049135,1.2773184154839266,1.1351516796037149,0.7765797226829996,0.08440122488565686,22.625920606860653,0.16802483149258246,-29.64961917159411
3.4326491244153536,10.67154850608548,0.8998707105411248,0.6813493711600174,0.7056056384911144,19.404349496697478,2.989486604063899,1.3628728564130805,1.3511593395402284,0.757451997444297,0.30577500955906256,24.826444521754716,0.21208426989570503,-71.59884008996676
3.412493888860534,10.34768345620516,0.8680796008701159,0.599966454488423,0.7086996392812241,26.0145497143672,2.747449218350714,1.1681446219522136,1.248697514146716,0.7955470267818037,0.3730362336133998,15.100054320331871,0.21438779475883774,-76.40370951175908
3.4173498744028836,10.17872385882636,0.9740237178363254,0.5455031134654189,0.7499002104954305,16.08294849129459,2.659946646216659,1.240889463509094,1.1194444924733102,0.7493543294029031,0.08217991860090132,15.899721400850986,0.16667561379447057,-47.07964066283776
3.4063815765973513,10.88805802932767,0.894617821274334,0.6381038878552785,0.7497959937494632,16.546406292780723,3.2491145889190713,1.3929615854588793,1.3461854634818675,0.7299063647787335,0.38442660033349324,19.16250075015586,0.16015608212897509,-49.80330974044534
3.412874225886545,10.871783127737798,0.7182898610953108,0.6906580253466257,0.7531210838894398,20.00071313291994,2.866275971713512,1.376326331826666,1.2218378946926174,0.7532104287222311,0.1261632645855753,14.382786134310061,0.17606253569375974,-44.20234936337717
3.427290033574567,10.57209902206731,0.9363934140226708,0.6059762194388905,0.762231782129641,24.517387267833413,3.230901371085392,1.2467563399486497,1.3820789880817828,0.7252787057878853,0.48279813861376014,16.00110465858564,0.21324679432822838,-96.53057305966584
3.411774154244857,10.359637018494453,0.9921468854528093,0.6605232447712934,0.7237226996265543,21.618540400376528,2.88901696931218,1.1116852133189405,1.3686537485123877,0.7313746588564357,0.30743960190667746,18.170020531688095,0.17093686162562602,-16.963812065046454
3.4291788683956765,10.76420927712926,1.0191444121686062,0.6438264415943263,0.7475528669839041,18.39489107684572,3.0107514985791255,1.2097081561125125,1.1267193061972551,0.7120963713046093,0.1309984804696271,15.041158827385942,0.184555281954192,-102.4373689671265
3.4337537991289664,10.311847291430874,0.9380875647115665,0.5698511303941858,0.7426930640720992,16.8792240660111,2.802656874983947,1.1330780217818,1.3176443535393811,0.7836536635017612,0.39627290941032495,15.921410038492992,0.21072444639580012,-66.64201494100982
3.404823206366881,10.077262452437333,0.8345331538411772,0.659937205770513,0.734051894861552,25.258940277695984,3.023224135519451,1.308374015077204,1.3476139246248178,0.709749229756183,0.2768128160403408,16.513973186995404,0.20222827493172038,-66.15806991372483
3.4068827670386432,10.830983360902389,0.8497259413287943,0.6674735414103745,0.7795752648116729,23.217906226997016,2.8987709789228333,1.3806555623396077,1.1865379873800785,0.7437089812163975,0.0788077045628465,15.516734941740626,0.15613204300348493,-48.25376203061377
3.4058202987378388,10.18093753080302,1.0120352226643587,0.5580705277377925,0.7565549710061943,15.90837194040299,2.671510582282761,1.381273518571704,1.3867815814952384,0.7899773275214506,0.4435533137538569,15.978196793199446,0.16883568811507152,-54.410483003723485
3.411095297653214,10.381691860142256,0.6625796798905849,0.5804178970354378,0.7719584750618042,19.02164645343588,3.2791544133513724,1.2259999106825237,1.369507435877771,0.7651612003529035,0.2322280223909106,15.764074558482118,0.17879852704661933,-39.650001400168804
3.402282484836866,10.054518001387226,0.9191564838258939,0.6996438164122478,0.770504575801148,17.190131124055934,2.9434674746448475,1.2972360571108617,1.1499613266574515,0.7898406451384311,0.051229913689484076,14.857379339218596,0.19589769268232116,-121.86647531262074
3.419751066451516,10.236275136850663,0.7733591260258742,0.6022190019281392,0.7721140195914514,25.452437043242636,2.9995654450376614,1.3640434805949924,1.1017779379959844,0.7795358169506976,0.2764558850645353,23.27179078564255,0.19585764434690583,-10.916262513552368
3.403590086250102,10.43123812128303,0.9609701166916815,0.6306651538987176,0.7385273297806796,20.18517906654078,3.0702231244452327,1.2316360565793685,1.1102850251712766,0.7339721332297341,0.21167388382805186,22.208258730000885,0.2068454140462294,-17.66180606227242
3.420244618821921,10.042339898632077,0.8291035170754014,0.6571564271532468,0.7497085720129307,18.149077784802564,2.66830214292498,1.2629464843611924,1.286454713879363,0.7343721676757886,0.037037358241033914,25.973299580007513,0.21523783605141672,-0.13619562378219996
3.4347362687746714,10.372780534041675,1.0119419304332145,0.5467828685232811,0.7234277012618964,19.314343741567708,3.211685627320326,1.1703311063597428,1.3244951976956378,0.7649880185050221,0.0529240565398234,24.349314988870923,0.1851232582162991,-32.98601694433381
3.4104031448195102,10.380296700783957,0.9113733054805303,0.5714049450849326,0.7109325664042829,25.13946545024381,3.246291301222234,1.1585439621417908,1.3381093807285755,0.7204286961290605,0.4702066881605869,14.767966742790192,0.1730019578308505,-112.12080183110939
3.438751495078907,10.450058363984947,1.025232507287968,0.6292973976898839,0.7693976739866413,23.83912175308324,3.170028365788878,1.3159025823026256,1.1076171355924391,0.7233917444251461,0.09236431761181339,14.574259849493718,0.1896289689568263,-41.50821462108074
3.4315266216569986,10.595968619717201,0.7345687142464289,0.5809754758032015,0.7445005539433575,23.962159929375794,3.040974662762782,1.2212667665417574,1.1961743433690002,0.7372485492114614,0.22372453027460917,20.975590127783043,0.19486407321462382,-110.11990628292854
3.42023764303606,10.554296664816441,0.8783327674706202,0.6978061397149476,0.7370717863233731,16.19805809151445,3.06705637776938,1.2490339635086813,1.2816136719430533,0.7289728826705357,0.49110310694561266,14.044321540858686,0.20749793532523247,-37.805444455623416
3.417353962795616,10.885294615207247,0.697496625039391,0.6423216798722572,0.7463558585867388,18.383183530912206,2.76704874294789,1.1189939354932916,1.14168278294364,0.7299594047772343,0.3422034558295894,17.456388784817356,0.16507032370321917,-59.25251778140286
3.406681972455377,10.802074744779643,0.8588359403314398,0.6914197644866706,0.702559297790988,22.637142186194048,3.042872958462062,1.176101801914464,1.10593357476976,0.7406073417612564,0.3358110216762575,23.49260439180775,0.15217897251567228,-82.62539423071107
3.4395455635475565,10.804229674585319,1.0267061058879765,0.5628728814441896,0.7363193163813007,27.301422536660837,2.8401239766213036,1.3581040416428498,1.1402714166697192,0.7208502686949004,0.2114505211100912,23.538345329103784,0.15328977726715529,-0.2746582653403067
3.4313260436139363,10.595507662183044,0.9230989598190085,0.5775273504859507,0.7730540349873432,17.285162952100222,2.6970179117276634,1.2690111237797599,1.1224642351105703,0.7416515357613574,0.48204233274587294,24.148675555173725,0.1615797136497104,-57.62714853304692
3.424968821841821,10.04836777345911,0.9378441854235575,0.5457072323993122,0.702364228112163,22.105625971623905,3.147628151756542,1.2834736925950607,1.3857979119034503,0.7747294518898808,0.48879292483931736,14.550354088395531,0.1685887337259448,-83.25463108169589
3.41335453803706,10.098565465847527,0.7247834104152119,0.6987362386038026,0.7209716704912494,25.912560404848122,3.1625863706916864,1.1416745645630557,1.2658673358017587,0.7981535584316253,0.35300965886204805,19.30833241103452,0.16106652859152948,-6.837463732337383
3.438802045993077,10.069226720873148,0.9729014117754049,0.5950948012387061,0.7132724112103426,22.61844262346093,3.0672993359012715,1.348930829996441,1.3838663846634047,0.7805564471717442,0.31485416924222775,25.277552415917846,0.1820772445628618,-39.623856009138365
3.4325313158677395,10.166727442041285,0.6825270098015881,0.5716049545627593,0.7502647646457016,25.703745135423894,3.0351575525286227,1.3357666100536365,1.1073755522181077,0.7935180997047262,0.18956747838361532,20.751849014287988,0.15875476488748805,-108.90485157613743
3.423937180247887,10.510966705589974,1.0115738281441224,0.5518655104013577,0.7398920422425929,19.639076814220168,3.0131821701575627,1.165719347429981,1.2831036074991045,0.7226052019274493,0.2386031777998359,17.737448053266633,0.16659474643427,-19.519988314602486
3.438049272724702,10.266658832662612,0.890580494411717,0.6962202461444702,0.7012464062030618,27.076432270620508,2.8277255967470616,1.129536469837826,1.22021476680673,0.7787567936088868,0.40092907610118794,15.752033666153107,0.18945911460450593,-42.96207902875034
3.433264510260744,10.065187773616278,0.6780779757489811,0.5474308599728698,0.7647401006078107,25.803398727205117,2.972802156084611,1.2443906074525546,1.226773847012248,0.7583931299346599,0.40166856429196757,25.138728261860464,0.15479547146842496,-67.37595363754627
3.408164254614697,10.182855100747553,0.9023693074099373,0.5886385175408594,0.7454011733629409,25.705291382180825,2.92321954646115,1.142929577865997,1.3575464886373072,0.7727379841602636,0.17304361053440026,25.825763245180624,0.1993724909578824,-2.6010143342221
3.4063593614123544,10.000811405570559,0.7692440019775799,0.6019946161324597,0.729160518869313,20.73256271935261,2.6970313229983707,1.1709513210112121,1.1024399686989261,0.7061384522440661,0.36445629802023805,25.983059034695124,0.1998973125304094,-53.96850081618551
3.4272760206666812,10.07098621400061,1.0016854801675417,0.6699092721399499,0.7068836394447642,16.36960753617724,2.9408355901270182,1.2136200935378425,1.1664188007896403,0.7475594876402204,0.37849053655150217,20.511531703781174,0.1983236226600882,-72.84827072811406
3.42870804817781,10.427319936483732,0.8852651284840435,0.6408817228786193,0.7557718208988944,16.894501724216184,3.081600315909299,1.2718917234749358,1.3395043995016749,0.7539659598588734,0.06069474920498949,19.582598118218336,0.21648720133086202,-25.7233343228486
3.439180634781221,10.571592276234078,0.7386953370791403,0.6116061850475488,0.7406685979206105,25.537373880591254,2.7659571804603345,1.3852054526008346,1.2835717860033886,0.7244398120790806,0.3288409732328208,24.081741587109995,0.18350306712560122,-41.37972853073299
3.414710671048271,10.512632300662142,0.7194933177890588,0.6104917199228503,0.7135196402824668,27.443207701213083,3.0582345686802888,1.1881645258653122,1.3410704845032875,0.7411283826138526,0.3219044332288819,18.455350151298852,0.18750113540598767,-62.83749281004233
3.410602006061378,10.43840845615196,0.9221746014219185,0.5554656988625225,0.7570593990141179,25.564800072572112,2.893189503796033,1.1390211528438179,1.1018740248286862,0.749886430345193,0.4810623774822033,25.2837653040592,0.17651913601841082,-19.847187397089172
3.421931760685099,10.201929120965804,1.0267831160671606,0.6382334401495207,0.7091265279942031,18.056533999919914,3.201924844491603,1.363805160767011,1.3844549250396763,0.7853026065223205,0.4126096602840349,19.641547282987027,0.1517997460073574,-2.506755772498977
3.4222527185208778,10.19165974031302,0.7130320291569214,0.6512089700117848,0.7257974183973831,16.791216019745445,3.0523624392633018,1.397019137434926,1.106944923081843,0.7616482619884285,0.15603285672704365,25.952598516751365,0.20283328780300458,-39.4848198792902
3.418418652886254,10.420187911601653,0.8093994776790443,0.6920561419003308,0.7615639398304732,27.432035334158847,3.039101122957484,1.2941417129092572,1.3080908962917979,0.7358063738421972,0.08500730388426093,19.22267075607182,0.1585886474446243,-78.3646155008959
3.4239923845661,10.539616931490528,0.797233816314844,0.6458900410687931,0.7226487444672789,19.76720092955591,3.0824432958989734,1.17011681626526,1.117193982213932,0.7085710574213784,0.22442162677086278,17.85876855821195,0.18687831162778984,-112.96352333620887
3.4156606158621314,10.107923688433484,0.8580630628200308,0.5410937978569492,0.736874101900513,20.395554790602336,3.1944960268271867,1.1161741034604635,1.2294433861093383,0.7803449665334093,0.3095276789590445,14.571214891633092,0.17600856069109946,-81.22704923081962
3.4332144501978865,10.807419282623806,0.874321855608778,0.6859188057839058,0.7143736127648619,20.266267324697957,2.9448635581322105,1.1073659856248068,1.3001828848685812,0.7173850329073811,0.0698554964260788,24.829931991358578,0.217518278006536,-119.40691992299823
3.408652995756536,10.753762817639414,0.7380382918705667,0.5733581934402909,0.7145279223609928,17.825902906868475,3.218360505056818,1.29913206313209,1.125132973144546,0.7194631895051893,0.2309303926553772,14.022779617538722,0.15231656522886214,-32.42671890658066
3.4316488084033194,10.10721694250916,0.7436224590025028,0.6249308613664888,0.7195003436291022,26.049607229888004,3.0904642209973434,1.3523179006977735,1.3637294146519836,0.7362594908642794,0.330284805139329,25.359047635513104,0.18391346540516643,-91.43659818926912
3.4225463163101684,10.243309957266087,1.0208151842694786,0.6294078151151306,0.7473270739894177,25.874655739966414,2.7200136997203077,1.3631986605470086,1.1359288591623167,0.7586050500867966,0.06329405048718811,20.53691018553653,0.19038383359995525,-108.89634611378574
3.406668229819715,10.606345289799991,0.7736852439257991,0.610768454949572,0.7463695930909258,19.601607714645187,3.2727128834836052,1.3942665759730324,1.1220373696821506,0.7973641388251387,0.37692620486397826,25.970785660270327,0.18062612932685929,-59.738463568179654
3.43980237470748,10.355532867816365,0.9874317926743396,0.6693494501073922,0.7111502813688515,24.899955060235246,2.9294753534240834,1.234232268983664,1.1919599664505056,0.789965033514006,0.3762471293209165,21.878915521344616,0.15153306202401368,-83.9276598960931
3.424354120683673,10.268315860451219,0.6541815643269117,0.6576840623977069,0.7310842311774394,17.891783830492486,2.761902360103663,1.1526483559894836,1.2923882973500662,0.7980830995091981,0.49388655472442794,17.713311574925015,0.16000287123286458,-109.71174262722752
3.4355778822762915,10.584597234798771,0.9851796303065368,0.5723921560013102,0.7181395579938692,26.59006482624614,3.144571237877117,1.3519286452692587,1.3598361273030066,0.7011836228000615,0.411140433718497,16.169613291458344,0.20274588497053248,-98.49139488741135
3.4292456465850307,10.207508891047587,0.931901750491491,0.5915050566481682,0.7786340976099057,17.191603402082844,2.816106221496439,1.3457983880448443,1.3995583460345753,0.751416077240283,0.15374562292456198,14.658476835909482,0.1992728754992783,-34.676035824145714
3.4156157330581896,10.38880348269403,0.787824237831137,0.6451252133104975,0.7107295846487571,18.177076390458627,2.864330498262482,1.148082131741024,1.1873118790645496,0.7126672253837598,0.4051842249893116,22.66110229353042,0.2086515969963217,-119.7928473804495
3.4273509741437636,10.64956052265665,0.7464283659276023,0.6603814407526908,0.7687781744282576,24.458010789685716,2.774669190974985,1.1839846192668437,1.3118694338130412,0.7174949932927566,0.3843806221693829,16.68829802996273,0.17596108335440813,-64.56828728187597
3.41554799121959,10.226549570113747,0.7071825813853172,0.6220851310294445,0.7427000822169435,27.52359783162673,2.850751232801559,1.2666332813743146,1.1986567363766583,0.7395510892247491,0.2583833044791274,15.402781420595655,0.20865796157815023,-99.65484277594567
3.4345209776032957,10.234276172495512,0.9720691386104434,0.6048667265705432,0.7664579053364202,19.958237198597757,2.9361475595181266,1.3047685675575318,1.1818940871783044,0.7919063891594926,0.3641415371393708,14.00931980767475,0.18719950132577545,-89.22823541210873
3.4266555878151683,10.316615453842761,0.815908762610197,0.5702887173982133,0.7131349987995573,24.495816190640905,3.059585332201236,1.198453541369394,1.2003791234289725,0.71217113073962,0.005499816681906404,22.686595103969772,0.1567214728796894,-69.31296505850946
3.4150497036291596,10.32696580005543,0.7058211403542753,0.5553307974103604,0.7317482559779269,27.97387634165019,2.762661753314718,1.3154306123555588,1.2293507862794049,0.7382506583792169,0.1390962656635363,23.417931782124104,0.18366585555063167,-53.75151069629359
3.4057600031888313,10.263251524706808,0.6972348093083512,0.5522222846266258,0.7520715451118892,23.686163000965117,3.1170702204743654,1.1346807653056687,1.1670236892916805,0.7254091273529899,0.30428581592787535,23.579103171790827,0.16848249361213308,-77.43985637494836
3.418728978949316,10.302818900804956,0.8811367966192556,0.5443713346233839,0.7302977382305041,16.139301835015182,3.17294853509104,1.329287658119248,1.3254565837788002,0.7829018633341809,0.3123558718673315,14.147054906110773,0.17931906136264303,-120.93380334348582
3.409075682242582,10.125201644415888,0.7991305355290849,0.666154962549905,0.7523406808294947,22.771254858676727,2.659565104667755,1.2370236622247073,1.2988357778365296,0.75694960496484,0.3172301329731534,18.446530205721466,0.15025293614133317,-68.20630611121905
3.403521900482666,10.244116519919583,0.8537979182169675,0.5523575008237095,0.7492359618835277,19.189992801847147,3.2475816693644624,1.3373649721382095,1.241584915618525,0.7526276144067191,0.47129997058740647,22.792927976973544,0.19815586156057471,-6.434652018474694
3.423523158551733,10.315751346218837,0.7905908862336872,0.5921047737786781,0.7235800920756223,21.256152598459778,2.6716962564537883,1.1174635902180416,1.2478729306744294,0.7371481881109361,0.22692350230415878,23.501353224550954,0.18580630228470285,-63.42672839871876
3.4192225235937994,10.82094847894998,0.8113873515982949,0.5944048065477222,0.7054641838465256,26.84479905969404,3.0430686734009402,1.2775777425866328,1.3673984110671624,0.7411869860998678,0.357192302935784,24.817324036563484,0.20544557697343985,-67.04138419339128
3.438443531195799,10.268539238477572,0.7290583540285971,0.5676292249059981,0.7533593810932784,24.027327462562763,3.0306022317281975,1.1417365801982646,1.2864486279662184,0.7793403460050449,0.01243878567760569,23.06213327966655,0.16454728655062556,-112.9502714870326
3.4247199159528057,10.232389969632111,0.9878870175347986,0.6499006868009778,0.7751020232797367,22.378727808230455,3.0891774737974997,1.2406744095857922,1.3437067795850646,0.7759250445847616,0.06450216736947513,21.253773361477897,0.17143421911693565,-32.653962905902745
3.4079897228340936,10.712041845237117,0.6543235838952349,0.653175127288028,0.7473087801325414,26.849079870201145,3.129711861006303,1.1795406229339174,1.1724788571047229,0.7915731209396485,0.17816251283874923,15.614885133234402,0.15736811635063022,-87.22462894208878
3.410991188730434,10.513318266281269,0.7461518831754181,0.5477113658722389,0.7574168616575465,28.144430361810244,2.8539487416840976,1.3843766112639666,1.2204299787830521,0.7277891039755942,0.4276527177917219,25.805213747713996,0.1804679168511804,-39.265011907855154
3.405301200158061,10.773063282220114,0.7474340521536954,0.5598494268311832,0.7282862385807108,19.665213574882678,3.176248567692597,1.3032861778183842,1.1893921367932974,0.7453343529911581,0.4366327373641355,24.865578748217644,0.17036090545001042,-10.288761827015762
3.424343362474076,10.550436918926051,0.8819176475713332,0.6069057555405907,0.7216250376980118,25.113853570910653,3.0328825366744314,1.105923191890125,1.1173036233956581,0.7632319046586109,0.09736033976830304,23.49384562828649,0.20071255806986726,-86.73419013722847
3.411305307026373,10.286071409970713,0.8540395020307618,0.5941704365018314,0.712729402923633,21.889435368575818,3.260888211238927,1.156667324791835,1.393988697928048,0.7268296186429877,0.3499582635834561,24.414900683852487,0.1533902320873935,-110.46195014390375
3.4005066885942505,10.762655483666435,0.9090036472760366,0.699415964341429,0.7590151497408476,15.379927718376793,3.0037649745728463,1.372696307731434,1.1034671577082655,0.7493649647345972,0.08881743749112433,17.03132473262002,0.20369048484981522,-83.90028611334358
3.4118039702276066,10.693861643552834,0.8836632679805717,0.6600345959454026,0.7306098250581435,17.93791577839598,3.1974675251861107,1.3816888779555727,1.2328935696156331,0.7041208602448386,0.42325914278573695,22.81644527143253,0.2002710761282717,-9.746561641050135
3.412792597518743,10.3873372785109,1.00726822988375,0.6305867246307,0.7673371781082542,17.21662554492885,2.8554391573169133,1.1282395158772276,1.2216382304280478,0.7543666496752348,0.1740857204519759,25.757626347323942,0.20512898404512991,-51.211048702691386
3.4080762130668374,10.277288408916437,0.7326205267678365,0.675812230695261,0.747796825910737,26.333109511971283,2.947682176470198,1.321666132572966,1.3199413502678583,0.7465654817850896,0.47805509785383177,18.47181707078515,0.16162655141077512,-4.810006843220478
3.43931187302264,10.464761904963424,0.8455894099420403,0.6495948776342582,0.7597429883294201,19.515146227027273,2.8353403267288475,1.1730040400287511,1.253390215928007,0.7889642718858316,0.20394347906516297,14.029244620293724,0.2083681019592893,-89.85730561367585
3.406470586739721,10.220169702628667,0.7131950681783142,0.652222315398674,0.7727180947078711,22.66388276511597,2.6429412917084676,1.1391077336048117,1.2532188870180114,0.7097751657031243,0.10238356187209183,23.147821971916596,0.20745749265906277,-115.3764941599916
3.4265236901671474,10.411582418985025,0.9981118623731003,0.5497614422520374,0.7088569097071916,16.023855320407932,2.696359125533875,1.2644912592135864,1.38012506553369,0.7578744285467026,0.3308809588371369,23.443585731113252,0.21822205343115408,-98.83648829900511
3.4240693305148375,10.442520058226322,0.7817917088984063,0.5974469558015151,0.7473287889044699,23.884903627294676,2.9479788233093225,1.2391715712120266,1.2567685553035841,0.7846097702069343,0.4352603609903477,18.156633546447125,0.2147416038876049,-61.12729502299075
3.430873012995531,10.228046981177314,0.8105201850757827,0.6546526545309794,0.745087829683599,26.524564386132912,3.239540605207726,1.2534268980200698,1.3767381458175083,0.7867686027937064,0.0975927739427996,18.92557189808527,0.2112516943309845,-122.15637702633231
3.424291445687283,10.706199733671115,0.6651580530887853,0.6525045906474464,0.7361886184088727,25.49852231663605,3.249255157968472,1.115133763707724,1.2492741682248694,0.7505161139618864,0.154846504515043,17.208171530483924,0.1924977895254713,-89.31572032840941
3.4137486100261354,10.271607635463251,0.9383037413773037,0.6712476886206609,0.7483878370919197,20.66369436570823,2.972283572671848,1.2323061204598995,1.382105926282687,0.7741202348105096,0.1207295663143874,21.395487772659273,0.15234591862027,-16.077197137281317
3.420669745271417,10.291079827040498,0.740569578217718,0.5899518265021823,0.7605689432771927,26.385200400332728,2.665084020519883,1.100843951544901,1.2173400461230401,0.7476267157391331,0.44233508348296574,19.993157002342453,0.16648522644202052,-43.88637074807312
3.4047196843046255,10.707934068792728,0.7159730147930264,0.6207085060637457,0.7106594410624038,28.188629167231,2.660973542579854,1.304195092989962,1.3435487428397803,0.732184915109318,0.40598289566048956,18.128880553790143,0.1965175202085863,-107.85370776639819
3.435845304161814,10.574241615300698,0.9286883688274881,0.5595955963804427,0.7514956596680312,25.33190516016164,2.672094920105163,1.3028606492364623,1.1581723751813353,0.7094638250173115,0.3660986079079367,21.91983389839526,0.21429203043747208,-87.63308421980412
3.402335275655963,10.801256731321642,1.0109220014276767,0.5937163766432633,0.7198134967605861,16.03570966857632,3.1198854842321997,1.3390395692134225,1.2641826265997653,0.7779706155843519,0.2636872010613743,20.402470341065783,0.15731928265269196,-54.06908132082525
3.420947136644316,10.50926717448779,0.9735096804758094,0.6220999924351105,0.7372328846785069,17.812662288267145,2.8025776617622866,1.2668973712620628,1.2364334598746334,0.7703099527252839,0.3894668644206647,20.65589141982482,0.20129272641976415,-74.33824686634881
3.4380797704771155,10.548707124954264,0.7418866093474226,0.5463890439818955,0.7659272050540618,20.59427396863509,3.2629617022356805,1.1863865691419682,1.1392356226941598,0.7519227989789847,0.005211350755659504,25.688801953523516,0.21976444065010375,-39.70318011961075
3.43022861987213,10.612380956532744,0.7958941598391621,0.5483016776299959,0.7157924389372595,27.264955501557747,2.7781307145030265,1.1790634141946241,1.137988769918656,0.7048430959306087,0.3149708100708623,24.705944567108123,0.18381389731935296,-56.20281523032628
3.416286123580298,10.790878544693259,0.7258237947952731,0.6253979985205458,0.7417806545989731,25.60023750081308,3.1654991821461453,1.18090993616972,1.2464383201356282,0.7286481020790234,0.04893410930651065,16.553417774069853,0.16504062051016735,-56.51612395258749
3.4318891776612492,10.306387803651425,0.7486113936947778,0.6425608320944285,0.7380095094545488,23.937719007646027,2.802452243851932,1.2362706480287966,1.2376792188315475,0.7020982951394151,0.16840070592905834,23.526281823697772,0.17633134867535252,-48.0738120197901
3.411442034430489,10.838110370634842,0.7117161058421492,0.6720196515086815,0.7706403479738131,26.031755123087088,2.8555825551975054,1.223915405009637,1.3880704536601565,0.7415910412567399,0.2553343688525098,21.967787510245987,0.1739872095656059,-105.50692116051113
3.402196881623557,10.675525333685245,1.018416615523292,0.641506779292641,0.7772704087948902,19.468515371529733,2.717009542061511,1.3499762904657269,1.2880412242997468,0.754488939023816,0.020542575810743244,16.24068614977574,0.16515348953090087,-13.101609206545632
3.435100371056665,10.684712438007482,0.658961521838087,0.5536457446510717,0.7267354190389995,25.21583578268569,3.1527726489560886,1.2367588511096745,1.1054814020562065,0.7319064885476484,0.19616047316867416,22.30006278634083,0.18733427839243122,-39.160805392722025
3.421055914018181,10.104999419905745,0.7862227519580449,0.6331165842424222,0.7391714012223797,16.81476321553082,2.971926450413885,1.153952132878192,1.3027712459003236,0.7226413022983893,0.21946129737964648,24.816409831533417,0.21093663472370755,-47.2816944275135
3.4300020951455794,10.728373787521965,0.6985719819969324,0.5615071740706057,0.7159731628781816,17.87496198179113,3.2602281761298304,1.207174570843449,1.140312824661493,0.7727269107890681,0.4908183566333197,25.833081782445834,0.19387107455738684,-113.32379868481186
3.4317289860000963,10.519931915154078,0.9211765084778647,0.5493525745675167,0.7302875294449888,20.28943330587688,2.9744834003504765,1.1798756873253005,1.3467995811985567,0.7224602304417546,0.10224622700051288,24.231547145887774,0.18806041211606495,-83.77261185500402
3.4340543602701854,10.314756843750885,0.9876188170968936,0.5752640093972674,0.7144754086656563,24.177219890855746,2.6623839502058773,1.115515234380303,1.2625302499723794,0.7579650322483529,0.2860274290176267,19.456760448857665,0.190597601173791,-19.635326171249986
3.4119943425206443,10.457839206487721,0.8586474180123536,0.655536913584224,0.730784370667422,28.26551942742782,3.275286856859639,1.3441103445505331,1.3297387310335747,0.7362684368048729,0.42972542266684716,24.285083501034503,0.1618798571745748,-79.25784760702433
3.4241393009246206,10.144310182473648,0.9195220773807881,0.6037118970742891,0.7461439266159428,18.41915635454539,2.884841575653155,1.1720559131884445,1.3412445409451883,0.7968122238683842,0.08419927184271074,16.408908561348348,0.21828894848497638,-28.547612271192307
3.4218036270232135,10.01733746863775,1.023314756223832,0.6117756179106753,0.7054578177310941,24.205583480965785,2.824110792160973,1.1396302146863053,1.1012070921080837,0.7958864439003698,0.29662907792571686,19.917006758021607,0.1805893168597411,-122.3123009545018
3.4294565965563315,10.162251644465073,0.6688998359194003,0.5546041621019743,0.7794128710716286,21.901229445501922,3.0039476623474783,1.173938309539988,1.176127694442781,0.7547734406719506,0.10257766176268078,23.584831917274006,0.16406680029875123,-98.22418811191346
3.4312939012813795,10.46856883334544,0.8230134375529596,0.6547450884183165,0.7016650362319444,20.285045266456503,2.6755479372227913,1.3328840249157348,1.3455736913847602,0.7612457310300189,0.24166644041461338,14.24592451990392,0.16547397549724843,-27.157105749092295
3.417622470887435,10.29048350331204,0.7389572066698601,0.658493136546872,0.7659903122771377,20.56568093348473,2.9684778736197774,1.2689679831161653,1.2443073708485382,0.7474151670143744,0.2918647968428539,20.826684480757674,0.18802882449896574,-112.17265035684272
3.42594604445187,10.361670917824988,0.8289314348785619,0.6457051608658267,0.7011044861835773,23.8011735803322,2.8639880336403745,1.2770462719842939,1.2889760876999845,0.7374042189244502,0.2212299853799714,21.766687960613282,0.19416008951191396,-101.57009891609759
3.411158478322762,10.346339406003478,0.8117778986494957,0.5743013377700096,0.7309282269431275,24.737806889214426,3.1935069065051804,1.373532808411604,1.1035967875706743,0.7328025115675469,0.1335798196797633,18.954466856765592,0.15558502044026917,-97.12113892886838
3.4267952803372417,10.493023694208848,0.9915239707515502,0.6145842344094425,0.7578048943325237,18.769253393152223,3.14083569826225,1.2138249026671675,1.3143968189673385,0.7213466678781614,0.007390985404075959,18.54717750218188,0.21853807961937827,-78.3554776264787
3.412653583152304,10.156685633162702,0.7808544591706803,0.5773741891920904,0.7012714637525554,20.469191376272793,2.7884348460212838,1.2122242259652738,1.297571854695554,0.7772978785552391,0.06803038441960604,19.52300121986379,0.1984217009582228,-88.29820031310724
3.4149285428533767,10.5762885812401,0.8054404158917962,0.587972890469967,0.7722205120123042,21.302129795180353,2.659491388512666,1.3059209918069696,1.2674053580580318,0.7203491032080694,0.03597893396642407,22.83751408078929,0.21089641494702044,-89.546731733435
3.4327105231584607,10.369835803068886,0.7067158215725653,0.5566548689290549,0.7463825355663429,17.24903983793574,2.6530140637298256,1.392320473334658,1.3409752696556165,0.7947545478398926,0.2285483805595384,21.73703903328478,0.1690912548252682,-88.92356671076176
3.439986799359883,10.404075133156768,0.92135930782967,0.5998844988589456,0.7546696311594576,18.243265284704684,3.022581559778888,1.3554331679676537,1.1744026310511135,0.7545054783020271,0.3761979515121174,22.502025312198626,0.15157405568189272,-113.2584644753306
3.412364151790797,10.386019892248266,0.9004372026929996,0.5470517752425095,0.7149266159142215,17.38550776041447,3.1781013464584693,1.1970745509050489,1.1200245760533207,0.7956330009233591,0.13866428175562462,24.12576222765268,0.18523936504300662,-91.13128994353403
3.4214267725702276,10.89889339055542,0.7061463917943892,0.6334732478401783,0.7298147458485919,25.231113974717942,3.1537769575065253,1.3546812797347072,1.2003287268455214,0.7234147915227458,0.4861159441801838,24.883554387226525,0.15854646147095783,-92.00215083438368
3.414072403550685,10.397682119818132,0.8576011915256514,0.6353786238451867,0.760327468624628,23.222854062791328,3.067215761135357,1.1840963463947247,1.1583723379747115,0.7521999234507105,0.42176009966871003,23.15586489404862,0.19824455619246617,-20.408027881220818
3.4065798067752837,10.465537197021481,0.7848425370903207,0.5589952594525837,0.714349039134114,25.129102292239544,3.019544897971378,1.3827992901062567,1.1972137133316236,0.7431154658333831,0.4924373452952994,25.628869689299528,0.193459357733957,-46.5218375270715
3.4249503930026584,10.156488332025893,0.9042106142485149,0.603032635015555,0.7604639962503922,25.008422475422265,3.1385736870152368,1.1538366764086334,1.2240533595925083,0.7737223131724301,0.052962331759823046,15.478988039888025,0.1547501669472464,-21.5681605530567
3.4050804429240435,10.388198033786004,0.9934433902690907,0.6260353997935394,0.7725560684419496,27.814795414833398,3.2508801368540343,1.3250965976805622,1.2678401632542553,0.7802340567521311,0.0020037038914979743,22.65087165818486,0.20574831110656072,-3.865171555250342
3.429707640860993,10.007309707455104,0.9139829992808369,0.5788144509885593,0.7242525975607236,16.562362033828748,2.8407320314116355,1.3932279835223618,1.2926167187956576,0.7263027187916563,0.05598979888745209,23.422626662590577,0.21426313553709786,-84.9797338607639
3.436062736680739,10.706754699751562,0.8974889885542714,0.6523281063727353,0.7623370083379188,24.66815985141247,2.8677978498507053,1.3473931280908085,1.3873886577052925,0.7977941641334864,0.02948120537299277,25.581509036416875,0.15959859146943123,-115.83060836020701
3.4335601403223506,10.77297708150435,0.8619859617090031,0.6572042207020454,0.7002919613072314,25.666505702632108,2.748620911564992,1.262223269209385,1.167115674928909,0.7597730443696289,0.3868297803368909,16.951058115290383,0.21892192960113338,-28.25525145041894
3.4393213211030615,10.66383883544128,0.6555648215925838,0.5444921299595562,0.7461814223155542,20.973530233691303,2.696130248482832,1.1485554143109966,1.3122279185482484,0.7941523278326984,0.03909770077981167,18.530164474602746,0.19194982268957897,-117.65415519456539
3.4329833846377107,10.17848241222505,1.0152857094932846,0.5715481560100323,0.7670997090124284,26.285896633572122,2.9077148414088545,1.3481835987250324,1.3036758789414657,0.7511208929619984,0.369130691095945,16.23886140265639,0.19269244603864175,-48.831603442846486
3.4110752014287957,10.881676294376298,0.6558515128813193,0.6622313027987291,0.7402510937257458,23.09801685640813,3.0569282809866043,1.246990831942817,1.2336865066355454,0.7014009693771354,0.2754628300896592,21.7043932605788,0.17460747111770963,-73.52257425530016
3.413635197505283,10.114476732042213,0.8188861806646912,0.5559633661574427,0.7350343365591145,21.389696397742586,2.721020809063799,1.2237450710916777,1.1335009242826424,0.7417237683955158,0.30992663949329563,25.99356234117335,0.17250311457689016,-57.48980026481773
3.434279299170905,10.462724716235149,0.952744013986583,0.5596265282683324,0.7350038563487936,24.131878113850142,2.7929942720241394,1.1630965799488657,1.132231706763326,0.7498113668276193,0.4015599264947434,21.275787968168856,0.16200242214566446,-112.389679603397
3.4125543109138508,10.286502037523118,0.6630076532450815,0.6748382962005641,0.7617287656622213,23.10664550483314,2.6735756498433996,1.268244181451892,1.3766672742058301,0.7284860869930885,0.21227207257183686,21.525733441313324,0.16439039980581457,-106.8235260143062
3.405218634440604,10.439827245212992,0.9287541687763405,0.5531860149032679,0.7622900808322871,18.867690859431626,3.2094063673581963,1.1358899801746931,1.3024792046417053,0.7774365469838812,0.23188595469355788,22.017471224666544,0.19826603225249295,-52.8633901328225
3.414095616626603,10.889873748588787,1.0108533462501297,0.5505905253991701,0.7312874189137079,22.600234701636793,3.0324634489081457,1.2206119465169987,1.2841047607265776,0.710965986221542,0.018605543920390908,25.938352349125463,0.16935750361697402,-1.3835734545117049
3.416646705279666,10.185217872583012,0.9580134815823167,0.6290628980431361,0.7139545580354782,20.63431035050473,3.269592695463698,1.2929981881076673,1.3659055221933047,0.7505714381794318,0.33063668061578133,17.290858679261778,0.19937812899543425,-113.81757816110454
3.401641289713069,10.583636152589424,0.8731281631554865,0.5539932477767304,0.7663414128998475,23.97701199172125,2.880538691990623,1.228991241378417,1.2660964301377633,0.7430422031517944,0.15572294890038432,17.048075599916487,0.2019526645511405,-83.18205143173535
3.4119901888747086,10.119117209194515,0.7414132018161784,0.583710461238478,0.7196176655748779,24.751112422232673,2.786317057893424,1.285603160238328,1.2439299302343525,0.7680062398537575,0.019624977849411997,21.67218717767893,0.1648469599439149,-30.0428112385393
3.437824040708065,10.165246363618849,0.7191592180165225,0.5520019869538371,0.7681817943042392,22.712760558771965,2.739322475309864,1.3986227193898595,1.1026239008573948,0.7097537149365539,0.12391948931948381,20.089017874507668,0.2037622320862609,-75.27536417754834
3.4121025052395373,10.329781603035121,1.0044593720777495,0.5783353794113488,0.7468194554098307,17.287741688253092,2.948192844077278,1.3468325121165716,1.2654875999934714,0.7732869834749526,0.050747694910699914,16.649174247039987,0.1912958762107299,-26.528809659835986
3.438662505535693,10.160167340769073,0.9057902940007116,0.5442283026454792,0.7181592025632975,25.205462094387087,2.974777707898613,1.1500236628256928,1.289283672444204,0.7405681217680742,0.2582566662319528,17.82311097413315,0.1611547624784873,-110.87980575193026
3.411128259314261,10.039597393972889,0.6900729868289175,0.6461284711093086,0.7089386410031424,20.668630298682064,3.1677232123061705,1.3664213789855264,1.3327037009791376,0.7410025939913116,0.08553224372178284,22.7224963691721,0.19959723538555463,-87.24597700776945
3.43171370906425,10.3905535183819,0.9299371352835739,0.5438357476785662,0.7249960635014625,23.202422137387394,2.830395472622498,1.1207949413185148,1.2971000079783237,0.7841348464086126,0.21654613113064897,14.92352923885946,0.2043076918686097,-122.27812845622763
3.407902216742181,10.763694649394797,0.8123277230551106,0.5972628418331668,0.7560088102713909,19.909216193983852,2.93455597408251,1.109661639467414,1.3839829039793976,0.7844240443250763,0.09732738371219757,17.307323157168135,0.2176626764444432,-34.284127883832525
3.415479200661904,10.632395716343872,0.812562742280293,0.6410464494006464,0.7735585792517371,21.243352842488612,2.972792450578226,1.311618065406763,1.2700300191589555,0.7927087429074384,0.4014821770649138,25.909842131069738,0.15631816447896893,-108.32384615650372
3.419337836211952,10.339763457822869,0.9725917717589048,0.6871068333500449,0.7323667441660138,15.95507720665823,3.089885334738446,1.3922758254002203,1.1115689111792384,0.746574022015748,0.3289962669075273,21.217685343684842,0.20641890441161964,-120.40495785267335
3.425095615507831,10.189458718554159,0.6915878615259157,0.5665187867566513,0.7469825788611335,21.88843981008634,2.64505384867363,1.376712024592164,1.2059280366400724,0.7777774637204442,0.09960060407720935,21.453478195467415,0.1838609810372477,-14.087901329120626
3.417854362233448,10.420671591858056,0.9036209134899544,0.5713596604508333,0.7563987080003793,18.957479221406427,3.089720371278999,1.1312812533799084,1.3890766695563952,0.7366187941298004,0.442170051162318,22.570586721935367,0.16319970107752416,-123.38812366944353
3.43869574465217,10.03114861419546,0.882490766108361,0.6740369490050526,0.7003795937838315,20.410566062636374,2.87200474963565,1.1618042750292847,1.1300377319652881,0.7368531116718989,0.1662794153626497,21.341623333904923,0.15376937807823474,-81.44476022014769
3.403161891643624,10.200074855788534,0.7059933903421153,0.6177882754407126,0.7515683562116706,17.338484271615865,3.109507248100302,1.134713168877373,1.2185888547987052,0.7303898567946862,0.23482325958063252,24.629491411169326,0.17789836638865006,-1.5175073895465374
3.400310359799151,10.174589774066298,0.8177621977070024,0.5999697136211455,0.7658726049453872,26.403214911351274,2.9546969743765064,1.3508102361500935,1.19148736264038,0.7644565706634626,0.4435055126303954,23.934709762547243,0.17073395664861374,-123.2855001296818
3.401738609990798,10.838397809399252,0.6950865625334162,0.559436336272504,0.7429937150811895,17.795250248021702,3.2274453543929704,1.2757162738271899,1.153752892893575,0.7052949345210283,0.40653649772114403,14.425512736771202,0.21698781701475933,-42.82196554966332
3.4134736790711817,10.28465435367415,0.9802073807638929,0.5627351433277269,0.7291933749681988,25.79797606356982,3.1373396401662355,1.1138363318454658,1.3432862649330644,0.7565305415358728,0.4543098330233673,23.274105031172112,0.19256180629222874,-49.73008536325686
3.429469282211811,10.796885312313215,0.8038084877096838,0.5710303378012824,0.7172712860655875,22.625948165842523,2.7971552386163023,1.1672151864521798,1.336311427702377,0.7700948901799918,0.17169657405327177,22.274042224521466,0.1944889529275459,-12.178400969963576
3.4277675456075927,10.45654490913836,0.9132998492050236,0.6345683317261374,0.7249326897287147,15.402776638985706,2.7629800080137423,1.2926648332945032,1.1586426136024355,0.7299131494347834,0.09281763493054188,20.709335995348255,0.20774867478444167,-109.31759406456435
3.417834363833036,10.27430252237785,0.7448140933804297,0.624031599762979,0.7048811905082311,15.308274547696131,2.8751101332052738,1.3442073766091045,1.1780625356977774,0.7318074061472944,0.3470527784693617,24.690968703151917,0.19701474073550762,-69.18235293793012
3.4092970656025914,10.237501910589149,1.0053792276701685,0.6619886472257468,0.7186972969239465,21.092789176592916,3.189796818567908,1.3271899579775237,1.1198880610667807,0.7628619187691335,0.2607254250085141,17.492728145958775,0.20365717603300043,-40.46871669870923
3.4191275765126994,10.638118182564467,0.8520167803100083,0.5915923972663859,0.7747973217603801,22.483020553757832,2.6493816196283095,1.244774023540126,1.1980019483255302,0.7622501481351518,0.2280396633857069,18.287295347976496,0.18376014454829426,-72.88848814533205
3.402157118075607,10.578974374399394,0.9981206718088393,0.6173896712229854,0.7199585136451444,15.570070563597522,2.865382570767391,1.346703395344683,1.2348675283976678,0.7376403425082463,0.4706260557345181,21.396028153207197,0.1925964451081395,-70.49805772245577
3.422839482373368,10.851433654681014,0.7826206079140963,0.6154575438188108,0.7643052740150266,19.16968869695288,3.2583819559919522,1.2225251994408872,1.3647140095524048,0.778549138853065,0.22838335197138326,17.1139936657636,0.16280607596593355,-30.29433123051554
3.4028623789924493,10.112445696500702,0.8479349003570609,0.637192831305085,0.7354419225443641,22.013836029561713,3.220358830050504,1.2874128256153086,1.2509134061672957,0.78201744388813,0.1826303136612889,18.652987101848566,0.17858325839779418,-71.37507727277927
3.4386025469413273,10.83349133386052,1.0000908606708185,0.5872203679908568,0.7321807145338468,22.018983314590198,3.2127069979477527,1.2789736650628396,1.1065149648392651,0.7295241444844469,0.38052776574764297,24.938205100951045,0.2117347491178732,-18.44488051954437
3.4018388303802296,10.292653292130668,0.6905759669789616,0.5980978691989843,0.7555081503047718,21.26510678607325,3.239032335612313,1.3867123670059769,1.2819672751588753,0.7240501340120611,0.12957951639087018,20.95623279658639,0.17864712268013794,-42.30058173617704
3.4190163764182624,10.324282614803954,0.9980478188948738,0.5699871379733062,0.7105595496221357,21.40423520479578,3.1890095142733177,1.3886566969462333,1.1617085336401285,0.7240684329836733,0.2635227117942163,15.788928795872682,0.17817913709377894,-58.62629605867285
3.4028538666325616,10.734872882343318,0.9248661794325517,0.6708547183998647,0.7285471514262002,28.1963782906309,2.686531791226661,1.348443746224469,1.1000309154534773,0.7282602388345017,0.2976334786747218,21.058170245655663,0.21852113664379097,-65.8001354828524
3.4279294706696346,10.776554865800746,0.8959539905308586,0.6413899994674759,0.7593149610195569,20.399932015438026,2.9757659565517716,1.3937881738662476,1.3083225048678941,0.7868368169534578,0.2809698003126344,22.322209853215902,0.17392830693339817,-55.65853753963626
3.4039485362458435,10.888297391991552,0.7743765020320647,0.6272813590005523,0.7676097080781114,23.62990946033274,2.783314921962079,1.1467214435981548,1.166691671337056,0.7248922057627882,0.49222554794406975,14.247541548465424,0.17962063239670698,-114.0702230452827
3.418253632781873,10.254577382751965,0.7580523075319805,0.6517044505317976,0.7641357963581107,24.02494842240348,3.0243013225718807,1.2478374121226388,1.114246583429317,0.798895611384527,0.22338815787912789,17.48817917595885,0.1845485122447717,-73.65168111433675
3.4085723541516524,10.828297214455224,0.8378996053251468,0.6947214806015396,0.7048964249166821,27.059565826477808,2.6565091006546258,1.2662901848837533,1.3305977497768056,0.7884030427227762,0.42537171506775956,16.604831750724713,0.21500741170579607,-84.08861841071119
3.40291086359443,10.616831399755618,0.8078721853680495,0.5843252189712608,0.7285138782706857,17.049798534919795,3.006989778637884,1.2033792864014856,1.1994057758701895,0.731435270887743,0.20147126920797304,14.6767369709486,0.20676247410483742,-93.66774367958834
3.4200312003040763,10.196111138002193,0.8890385358878686,0.6112090588731961,0.7376473915616989,19.711266965210584,3.0041783735645717,1.1717727047465964,1.1454365838110108,0.7049048242499273,0.2660967404463476,15.294804896489433,0.21395955514280934,-0.67636166196597
3.4302402151329967,10.290821305429786,0.7099635401565515,0.6479822679535905,0.7539407399646151,20.67527838665827,3.015802602919985,1.3909691098834858,1.1197786786303068,0.7047374396952696,0.4167577724004692,19.537479926810118,0.18125068674014688,-107.79597159450005
3.4149239894109624,10.581663740171704,0.89261582938462,0.6542941775300352,0.7794704510133753,25.750457404657382,2.672526452589189,1.246820220133027,1.3257238255787516,0.756351813349896,0.3339494815285158,16.17938220269454,0.19131466380060086,-69.68194584014732
3.4226229541137942,10.776780697263066,1.019804060894584,0.680560342869549,0.7201116526775626,24.465717023105967,2.8008378612303284,1.3493262538071829,1.1346119451047665,0.7622004231033126,0.47755520520888267,19.149887226452524,0.16149496952229367,-82.43866232791662
3.4181157045071053,10.035131021780813,0.9562544844364573,0.668709770252363,0.7278598322273369,16.217878890282922,2.8765456565469845,1.3608616758815093,1.3821211146194228,0.7336423442767503,0.4222858084113708,20.381064995834556,0.1994734336543699,-17.233392877913815
3.405847321290979,10.131151657080641,0.7943954992434012,0.5424309317463628,0.7621458614035743,21.475298792437535,3.16945318863039,1.243854656038174,1.268436173344741,0.7208863592230373,0.3020096527124108,21.200355785667757,0.20820973713599944,-91.67493184947523
3.4152515816347613,10.335791825150936,0.8348338252646733,0.6990143679545526,0.7706061072246393,28.389094898478717,3.083582404536831,1.2423584747780128,1.177562534919395,0.7974851119695859,0.38987654425339446,24.87835787713703,0.16468061248101798,-25.882378821061224
3.41594144153944,10.364212645348777,0.8555237343913343,0.6693134252923687,0.7325382728595549,16.96902003631252,2.8404578315716384,1.1143482777710418,1.2207061408543924,0.7895980256705742,0.4211866881627839,20.727135881063575,0.1502497210596344,-54.395138630949475
3.4065482212878146,10.382624868801265,0.9536986500662529,0.5585565592691321,0.7735384045264225,21.722953901788852,2.6801191898527192,1.1328663183744752,1.3194122068768968,0.7851840538544275,0.011804756218754944,19.889465650288482,0.16807057679665605,-50.15205919947991
3.417092055735879,10.42721485554999,1.025094849541221,0.6650375572924002,0.71522277377208,22.46586949723901,3.1387013144623843,1.3874991777792105,1.2637207599787408,0.788914047560999,0.39930758598181487,23.954185757006414,0.1684142128788583,-59.582999795270084
3.4164631914008656,10.093394099591688,1.0072211784695457,0.6716980072528771,0.7161394734172252,16.738046466904095,2.8132441029964212,1.3685483379463461,1.2344839673381685,0.7806255738436624,0.31078827354626926,24.042537633423446,0.17623230506866694,-112.8524607810685
3.4110530624689646,10.79490100028865,0.9556438041321338,0.5475468479826072,0.7678161394264318,23.267222333846718,2.9726610503822624,1.1807934009777736,1.232188436723805,0.7933616538126396,0.46451631337708355,21.663517291338074,0.16326203996845096,-86.32021152117417
3.400495967120066,10.076545958980804,0.9624854029470823,0.6764137457014325,0.7667831377863609,25.235152378193796,2.8984947233885006,1.3787500170202858,1.173083454183939,0.7822423813946481,0.07242645059432937,16.409833322083117,0.19851285365752622,-56.16239564805559
3.4035981287352843,10.748151300637423,0.6946179650079742,0.6114408197127083,0.7571656738162865,27.558629807064285,2.925034502833095,1.2890399111369117,1.2160062133731901,0.7067678991077209,0.42002183105395136,20.957781714579696,0.16671348804287164,-0.7206282693608586
3.4004093317881385,10.872065854923369,0.8284935449756583,0.6362942466117084,0.7774132918718231,23.044256509489706,2.9280477492066828,1.1230743774929324,1.295381545957607,0.7106534031919176,0.20923507567880434,16.307606560653248,0.19666728920465365,-57.52522500232811
3.423853007760925,10.590936691167162,0.7105584166327942,0.6821323652681792,0.7001923285173062,17.175874197767186,2.74390825744706,1.3785151296716815,1.114284466489302,0.7646050054714126,0.14945443291411634,14.30103497653307,0.17693940899627486,-95.78992458050513
3.4213093801341943,10.331741587723956,0.8959156950544946,0.5701581126023035,0.7793330740978878,18.061883416309946,2.6876430202086703,1.3238100839908395,1.2613061032968937,0.7563071701960518,0.24212145971762036,14.123713536516291,0.19637510174134293,-43.746822123446535
3.40338483827239,10.142993494271831,0.7796401503917096,0.599913361874218,0.7567764316371993,22.153266621637997,2.9598341713049092,1.2105262650299307,1.3510344779641907,0.7825732191676503,0.07193062302214649,17.67939696884862,0.16946321137995363,-66.22578200091135
3.404454540950128,10.57469369187736,1.014603927594863,0.6980326089971399,0.7300863794541282,21.429847797847625,2.6841399443191447,1.139746810783958,1.2062149956951078,0.7198020265938111,0.19246343094714796,14.90909284380994,0.21246850462655364,-101.30015806939447
3.40349291602068,10.569159774029377,0.7432331642064128,0.5940830953233273,0.7324086215904176,23.614450063281332,2.815641964217055,1.2777858962407231,1.1113905157874024,0.775366266324805,0.024430264879650318,19.480272424568042,0.20198528970203905,-122.72289512262122
3.4169493287439376,10.539858034379627,0.9693453765047841,0.6103261838392977,0.7499488516270297,16.287483150646263,2.8655163120094893,1.3632946944478412,1.11130276262381,0.760426868547246,0.15672682863902004,22.303796744174832,0.19353181232307173,-112.46336718153022
3.415081551718744,10.610799547223865,0.9054609088836278,0.5980035804246799,0.7169550956123585,20.48494811033394,2.7133793194919784,1.3771924089365781,1.1084821980914936,0.7378354854066991,0.3716550477782044,18.65701963785535,0.20474327006155107,-68.11897971615622
3.4085447011174272,10.781044930426356,0.9661348402701884,0.5473688688240819,0.7565676228495639,19.04546537334945,2.977034003628508,1.1459523092253892,1.1758132850445127,0.7553950222220469,0.491096027839941,19.698514816954738,0.1952827380024129,-85.95858272932097
3.436878284884929,10.54238980767452,0.9373140717122302,0.6410602732793621,0.7372485850962323,24.379759424151587,3.265166558932804,1.3620875295339607,1.3623916143460386,0.7827546058024024,0.17312719995986953,14.258747930002745,0.18421851229442313,-6.26168097324512
3.421536895988075,10.59161969261044,0.9718507838659856,0.689185976966249,0.7608115189816009,21.29045752968439,2.7792416707935317,1.2224730836882456,1.2949756943234767,0.7076608385379213,0.13431762338780726,17.889304961962168,0.1511164691294205,-121.90436541057699
3.4116134944047936,10.880788559073466,0.9005468816934227,0.5978012858695975,0.7643152263097001,28.217165576084014,3.0647386929601357,1.3228646590469073,1.1639113864563342,0.7240248860004016,0.20736098636357211,16.990216260470085,0.21656678392244644,-68.65628105819411
3.4027001813253244,10.25533001403451,0.9673179912901143,0.5876000982900258,0.7103613246764745,20.291441133733212,3.195050842374295,1.2402281670824737,1.3746962956451756,0.7566127807838151,0.1544898256155812,21.77198658285526,0.15817486094557184,-104.40730259881717
3.404642428278539,10.009618565104198,0.7688760740606415,0.6352400170881543,0.7112377535218497,17.019145332469684,3.2305511703883885,1.3700018721193998,1.189702175689522,0.788035493140529,0.4997476519214676,18.181123978874684,0.17537062283835422,-8.96363972651973
3.4118830159591518,10.56563286010125,0.8039026344418192,0.5428710992056782,0.761688738037969,27.20651119299264,3.1565601648874226,1.3973707766451229,1.2074932642047784,0.7640573694490262,0.03259685622764441,16.79167427614551,0.1902979320220916,-102.02398141657062
3.4314299021026704,10.796104405217243,0.9593538176622776,0.5686241389186358,0.7383075450076042,20.144072484142878,2.7648552742107944,1.245750821321155,1.1697840708782001,0.7085159401557034,0.10503108996093888,23.452069300195333,0.20805200273113744,-49.782702347490584
3.426225613702959,10.269072253180909,0.9332348945803663,0.6511192937261313,0.755534698505602,21.10599549871482,2.8094505239177714,1.21042566187039,1.344833316202346,0.7377037063700524,0.3000031273030833,20.689523276424797,0.20656126351887882,-88.17617368129008
3.433471634115903,10.1641803369882,0.8949671582905127,0.5910509696972353,0.7427674509224608,24.436212711601186,2.948982117995641,1.3882091052911096,1.1426971750470434,0.7063924435423732,0.13530891461634878,20.432250410165764,0.16100625731857676,-51.68403427851695
3.436295796108225,10.829237395927299,0.8158751538363136,0.6979273598351148,0.777809072852339,20.31668681502236,2.918415784823819,1.286989897693172,1.1820759333024633,0.7534428590204817,0.2981431149482941,23.932494017048498,0.17602603380589057,-51.74167528727388
3.4024123048077524,10.65114211744387,0.690480625267858,0.6562868724765205,0.7455198623087516,19.874620681447965,2.855546611902388,1.3813557939674619,1.111628525170334,0.7241568057717073,0.472531241053808,20.32057432617835,0.1721497663101187,-99.82294594128531
3.4283479073333973,10.540647530299955,0.6949574882171273,0.6348732780573835,0.749119239127251,19.219454310855454,3.2778545225235964,1.169327464822536,1.3877312786032965,0.7042865177024101,0.07030358756721297,22.695555880508813,0.17215548976005057,-100.3791474311302
3.4330052271683935,10.195460375117422,1.0218262117134642,0.6250328461168436,0.7388726657227611,16.466935342551416,3.2588158697012433,1.1543116131212592,1.1077629198999597,0.7603350229934024,0.19907203645873744,20.46860858371581,0.15265518869850797,-5.98339402876158
3.4317626537520867,10.071432604048447,0.6702317776338858,0.6173923351504028,0.7350759807027686,25.72758928932006,2.8742270123520086,1.3792331548030017,1.2861617058081165,0.7288399164268741,0.25092315473934745,18.783143106135046,0.1602764916895028,-109.42761506552365
3.421878161692806,10.74214629825277,0.671763878575618,0.6093332529138142,0.7546801051264587,17.06216451307283,3.1051224358244185,1.2020569655765143,1.2965290724316492,0.7685687179770345,0.18796159471440224,19.20516505269008,0.19376489769027933,-1.1452227206578698
3.435288580580461,10.33077955173011,0.9637088470350139,0.613734680624984,0.7140139693220395,23.221940672727065,2.7334971362051763,1.140895760154572,1.3258447540245237,0.7798997907093413,0.31839003326508497,16.648247407651755,0.20179939764773458,-63.84764746975126
3.4348520796457924,10.02430070141126,0.7583911965378848,0.5708008774318515,0.7016991550657605,23.368674059171468,3.132512362701743,1.1001877527113815,1.2866867503621482,0.7312927278171688,0.1852501049504463,16.419139125966126,0.1824176618329341,-119.64884365596659
3.417454173088485,10.04901977677293,0.9322761196715168,0.5930426792353747,0.7566133749725545,18.58969652413858,3.1662228609013545,1.2531413667120126,1.154796968261671,0.7209454471419872,0.48114990887102466,23.512711780578684,0.21431454956891272,-27.185479762259718
3.420688617809776,10.093429507610004,0.7757549764363395,0.6276497192068002,0.7182533778776437,15.922119378502801,3.2208669293104046,1.2100102239941235,1.2700487566694854,0.7293629038886125,0.2510793720709642,15.512331390965786,0.21320850991228377,-14.80583937807421
3.430057200866674,10.385697092792366,0.7118042224003741,0.6196868602246264,0.7483621006078035,22.90393891213281,2.763506224567246,1.2846672755792259,1.3758580228853985,0.7751720248943681,0.49979878868573124,21.964174387718646,0.15465925560271776,-6.910544169809782
3.4114970050726043,10.296488079805206,0.882624071658487,0.6732455928680445,0.7675432653435491,27.81977334352011,3.2280117247309086,1.3767786037738055,1.247270655305964,0.7043839889939058,0.003310453341441159,25.094418559757738,0.19860818728234458,-109.06482697087466
3.434312388912775,10.691175699683045,0.9342991375203638,0.5450195287220165,0.7709964232036915,15.478520787342692,2.8663644002497124,1.369735105876032,1.2227829605888152,0.7608381049954529,0.06728999861735714,17.587369380627635,0.19463373968678488,-29.096101213573505
3.4301532821348766,10.473584214404159,0.6770027247878637,0.6928278932595333,0.7175227562842926,18.011854258964487,2.9058008410825864,1.1607294498269758,1.3492813031614794,0.7090407877781937,0.18229771821278593,17.948879602499968,0.1610192525681348,-24.141042872647887
3.4162141358335165,10.532805998843529,0.9519563588300095,0.5620238978807457,0.7506463383723503,24.804159770003995,3.0820796118031684,1.3220570184209843,1.339884333355603,0.7259698829132869,0.421216686265083,18.474744519285785,0.17959313207740993,-66.17949416296744
3.4261781000255622,10.019760976073416,0.8084270791734541,0.6245487221637387,0.7346017935373589,28.26177553882138,2.992129073500488,1.3211115337622568,1.302155304079345,0.7301832290749032,0.04749992969113563,18.661261953608445,0.17990693161993646,-107.79195862764617
3.413382534113562,10.398613609661226,0.948342350481836,0.6912893303363048,0.7701748411367096,22.241888083206675,3.0790584323543064,1.336608803743211,1.2319368416989764,0.7352823292702899,0.05769440973490375,14.768953636896553,0.19134622080460317,-68.30380831264631
3.4277608949732765,10.070663986525288,0.8099342728094019,0.593291566900825,0.7354077962223412,21.048520881312943,2.9561706394941973,1.3394735368357786,1.2674708564107322,0.7971965983681927,0.38502066581504446,25.63105750959435,0.16865435732607892,-40.67539066014311
3.41114877690595,10.346242446622604,0.7593936332852324,0.5468256655661686,0.7168493879094728,23.554141737028345,2.9344076524352545,1.1969605201584361,1.2547661180263388,0.7476726415999181,0.2534858262004376,14.790590869328446,0.21740285909976925,-13.51567266183892
3.4252292579622967,10.291240153537005,0.8554123881720521,0.5477232867685153,0.7658185510140558,24.669885358787134,2.703150312860921,1.228591810090417,1.2067395924415685,0.7654905518447808,0.16010778129660627,22.400713008354106,0.1673182077611074,-19.973225965721312
3.433216559410404,10.22315486076051,0.8719185182392303,0.5683953264142366,0.7105439714375101,19.540965053760257,3.1033070873042297,1.348046659170185,1.2575053304185158,0.737658670220857,0.33461920997172495,15.728160179044789,0.21813751160329653,-72.02355717720715
3.4286964861167353,10.797226538924356,0.9238746828806494,0.5873390139115348,0.759899564759589,23.87153619314437,3.1809089645959108,1.3888675108508102,1.19145386569942,0.767230248372905,0.4587310080590138,17.586168883631718,0.20424052022944458,-76.64958444952055
3.423495955405551,10.443734028261332,1.0128997184680062,0.6669354541867101,0.7108026961201334,25.685048692880137,2.7447229422227015,1.2604470075226908,1.2770484818344752,0.7688507825631791,0.2975640873984563,21.44117207224283,0.1569324168698243,-109.45131273341384
3.4084181587479327,10.227352812952788,0.6813610250261364,0.6254369649950124,0.7407844744889952,22.442343255900788,3.0722354636880187,1.3278986845428005,1.2030091233496003,0.747223047816852,0.021613962119930902,20.097772722898846,0.20470972397454779,-117.65100282138384
3.4359867907849275,10.710853646224184,0.8336628032633822,0.5417166954693745,0.7560884853799091,19.493176490414882,2.9423949982023356,1.2247318425121911,1.1440212619391712,0.7290111122296719,0.22726632504800068,23.826271015041566,0.21512501207727674,-97.51678128448003
3.4391650709930977,10.05310991971272,0.7989066250354258,0.6854569986634333,0.737725765570157,21.810554293596645,3.1813830890314074,1.1129504038763058,1.1686185405397633,0.7927919032186946,0.31343306018186035,14.155965731148415,0.16275300335083284,-91.52910608128408
3.4047106040840087,10.267422649929845,0.9132255059143556,0.638713208287438,0.7619068618014548,17.114663864114767,2.6496363128528184,1.173811112977381,1.2905339755528646,0.7349952192617377,0.2673394324874266,18.64908667247701,0.2083069799700339,-110.7275978086881
3.4337257477091616,10.804089687298317,0.8046297257033971,0.6153316036586202,0.7207680556589879,20.152285680943503,2.9916226991545924,1.133794451714297,1.3354507718263735,0.7168341781401889,0.1013691490832924,14.246178190188065,0.1898025677215393,-91.3778889383637
3.424715508545566,10.13270322417604,0.6863514191009135,0.5627065055319304,0.732078614349237,16.060659618526657,2.828092691429443,1.1259756590944623,1.2608783257739378,0.7842375309534564,0.11778756142160426,16.885434645172584,0.19984114758951665,-76.3526145520144
3.4195143616800077,10.446153106228294,0.8086848141240999,0.5803181554600966,0.728102181974672,17.46136823361703,3.1082847071627433,1.3873917951176882,1.1815977775624686,0.7421692738039871,0.054371066212842566,17.77413198459512,0.16440910382703422,-61.51484937838383
3.41859028114922,10.387409454898798,0.8789839128632466,0.6884752610941601,0.7434525576795864,17.527384460111726,2.7560539874406627,1.1164527260225159,1.26115483382946,0.7335670402500666,0.3993799122586242,19.347717668570027,0.20527234388581728,-63.63239869791579
3.425266530021977,10.827537379520953,0.768676755050523,0.6597840380254326,0.7183410199309738,18.52446826464559,2.666257545298415,1.2974459299436065,1.1372808819437963,0.767521878528664,0.35309347712477346,15.532459083070261,0.17629631254665085,-33.26877492503664
3.415187873685349,10.251027066510273,0.7798493186648212,0.6769270222123901,0.7315128360919657,23.1452916606342,3.237680193559981,1.2806160910462925,1.1574678045955444,0.7962101728875977,0.24926405844932412,20.64368032064035,0.16002794442052332,-70.23950876351881
3.421561689312151,10.126167583914606,0.6658242735662218,0.5572351600364817,0.7250489747803023,21.190533594878882,3.1763058602527345,1.176208633377744,1.2547955450389228,0.7373744949460652,0.02513654095037361,16.016955719784082,0.20143866753830314,-70.15949634942754
3.4205542744208333,10.810203957050955,0.9669568901268524,0.5787652327817396,0.751114680918899,25.028059323217047,3.0112546340260598,1.1147927355337355,1.3931848578621304,0.7372176988362352,0.4027107940713226,14.949485681504251,0.15973762105291572,-31.295272092074157
3.4200557354987278,10.808450475384944,0.9640899396826161,0.5493994814395321,0.7622552208487633,23.261119144182455,3.1301594594615096,1.265156667593661,1.2270978065430052,0.7628948897883576,0.018757980600653482,21.49454704241962,0.2099491054135275,-15.876632291898602
3.4136258700322197,10.710648231108594,0.9864066505577087,0.6922210582394178,0.7224738704428856,26.26635173777847,2.9546187547538687,1.3093800017006254,1.3249375303161994,0.7412362629407052,0.43437483288193557,20.396283596235104,0.21416479033515273,-47.794452795714776
3.4240864444386863,10.396672585186964,0.9101071094218636,0.5981271347283571,0.7493897865208204,16.661089105182707,3.1946908460249883,1.3838601362519107,1.248017496293798,0.7275399286038549,0.3706528980306379,23.16696002648599,0.17963594082343803,-97.8954664240871
3.4143473675268754,10.847459709884497,0.6678687915877823,0.6149244007427723,0.757489927642005,18.806020414665262,2.9388328969591857,1.1827755071311739,1.1836464755378544,0.7365290839908434,0.212719317655482,16.413281878027515,0.16550386437586023,-99.53127079003073
3.406837999930287,10.51365745525637,0.8144179989418872,0.6237841857267152,0.7451895250449856,19.935284938739244,2.83072735747774,1.1748007376108704,1.1334719246053178,0.7981065591537029,0.42487249535261873,19.834226927915914,0.16959078527344248,-42.01168891592181
3.421788976411577,10.353289068532966,0.8822733864442418,0.5522536896367845,0.7771452700935462,27.747820377023864,3.085401858823343,1.3044461409460442,1.1254490874582763,0.7386768879517621,0.30933311982435296,14.237906319528859,0.20184310512000642,-55.01603264643528
3.437567915290931,10.159990517991803,0.9928897062066286,0.5730113502522769,0.7001890437071574,27.057869577455953,2.91577340569721,1.2051262837576702,1.396109508876959,0.7492315046575959,0.2995884175846384,15.818234615997017,0.21273117707170908,-93.90172260148236
3.417965660099238,10.49019820618935,1.0111628600405358,0.6479272639369464,0.7165415313072899,15.374457062661865,3.2083303370332192,1.2715971577148741,1.101990035871108,0.752811880803252,0.06456399483768135,15.737440000671382,0.1734078792751686,-66.37560167644199
3.426315979080296,10.784387819646648,0.7160265058406974,0.5852954535533703,0.7026968885239996,16.574965358677353,2.8842626761923893,1.136039252079406,1.3332545510194247,0.7414937457090027,0.4316040062945422,17.980610203888297,0.1978150752625649,-63.37769169324544
3.4296255955406583,10.861963409384852,0.8156772867588724,0.6873723778973871,0.7732668216515026,16.966671121161056,2.7390112232289727,1.323905012656644,1.2991717656850688,0.7077043736909573,0.36852332978541624,23.408124627764572,0.18696090744280616,-58.862102456947554
3.4385758415382397,10.181413010699142,0.8067074166716411,0.6784101249267698,0.7135804030054239,21.35910158653663,2.987352782572625,1.169779774519061,1.3508233356197452,0.7343260550228539,0.043717933090149624,17.29897786455221,0.20189386364411854,-79.51193795388974
3.427787123079471,10.673203759754184,0.7718508536441462,0.6765868146589119,0.7104636226843025,27.16078530547727,3.1616599141632267,1.119729361211113,1.1143400920560296,0.7960586657327405,0.23955089726056913,18.192785465475982,0.16754339592714684,-20.081947633145546
3.43525571370554,10.24374266822034,0.980740144773049,0.560081451448758,0.7104965802085685,22.116914178592815,3.146549008727492,1.2716472331403685,1.339731450501104,0.7063852301144968,0.44337281161649544,19.683829353753488,0.15459340077633074,-82.88907906279381
3.4165459250813206,10.667731108529262,0.6618082994186496,0.5632867209072607,0.7141567220051119,18.97351354382215,2.7152424880097703,1.2432339194667552,1.3118980003178962,0.7767995649247643,0.1809014714693649,22.44349025631377,0.21557040064936595,-117.93558286855358
3.415119751301234,10.888516302653315,0.8553246475598079,0.6093547791598064,0.7401382350972362,18.29820642091885,2.9883466917682155,1.1432058217249417,1.2375936374244219,0.7405569718471241,0.09813011727247524,14.955588624071078,0.1670417745710504,-95.7182928438566
3.4257445955696753,10.520482576853144,0.8026006335470083,0.6309944082702045,0.7037674364046052,25.923179817524428,3.0411122474712324,1.3706203236137975,1.158469305891615,0.7334790638293252,0.35037751062978256,15.926059929590531,0.20738935550571447,-7.350508707349547
3.433758837119117,10.402059227169458,0.6711003802413221,0.5466142141276161,0.7158929226309713,26.048397216365018,3.2396248965421695,1.341032314401029,1.1050468094267991,0.70176700850816,0.13525668249502343,17.05871780922765,0.17671201439389234,-45.5367265153977
3.4048699258353463,10.3345979344923,0.9524564819668648,0.6021972195677274,0.7543112569380556,18.08346354206387,3.2360434393782596,1.3013321085090437,1.2790489244245282,0.766723184585694,0.05646978505559599,14.866635405971259,0.16195414446264605,-44.5408693027195
3.4024202567443003,10.670555840544983,1.0225358300866827,0.5782945838320018,0.7073860487781691,24.204809043881703,2.8957504612063034,1.117543504009644,1.2716305502531275,0.7841875574158986,0.41184986773420545,24.23581351118069,0.1685000114810388,-0.26528743620460205
3.417418483133792,10.48804462969081,0.9432741536424425,0.5768222325639395,0.7207563865240689,23.08706979709224,2.8045552931270414,1.1594665854688928,1.2907910592581144,0.7096602581190653,0.43795994834886554,19.602148365267745,0.19283254810745176,-115.55983539729134
3.4252491222073873,10.756699893872483,0.8469443345717941,0.6421702952559485,0.7410325171656044,16.722826071067388,2.763347802034053,1.1167068187856177,1.2381146879591496,0.7925489351121107,0.03912551473470487,20.320222782016753,0.19158669026441533,-102.80350506679329
3.413203193148372,10.01477599866083,0.8239627977620855,0.5500567411024867,0.7488165582664168,22.631533804400213,2.729269257877071,1.2236356830645179,1.3545024703018924,0.7423394714169853,0.4970876253901292,21.757203381180066,0.17972708340817464,-53.66428745351706
3.439432663757891,10.605091836213251,0.6550607688827067,0.6424745546021314,0.7603094970177685,15.846196051269317,3.169186278451751,1.2192116661612231,1.3771519395748586,0.7824430073300409,0.12652359910295277,14.095089630914948,0.1827729756589181,-91.01222401911818
3.403501714788581,10.186095490101609,0.7358019680926134,0.5860566027100012,0.7777525416401514,22.05924086057035,3.0011248144833673,1.229213923420331,1.2665695569480648,0.7650902357099059,0.40437333205408443,19.56742994814425,0.16321145210482746,-63.8424952600213
3.420566775092943,10.097736433209073,0.7755140823412057,0.6678196401480907,0.7663776318106023,24.3061837080891,2.679093660720575,1.1606095969007213,1.2993434322075734,0.7491735108906425,0.15611054345644404,23.153278236208777,0.21288974564436453,-116.98013552918823
3.433089815176014,10.261849957783037,0.7735447601136192,0.5744755893973887,0.7080818473375653,20.627875669256657,3.021594447770548,1.2589328714339936,1.2856086902577626,0.7964458155657612,0.4209942041282253,21.74497534899008,0.2071256537971336,-3.432499979537269
3.4088207785138835,10.695971185794324,0.8134431499828505,0.6201043071466147,0.7713911842566572,25.021791948430394,3.218743669006833,1.2368028213848852,1.215229707516504,0.7438928168168435,0.18270734467048683,22.231049129557036,0.18961352150487482,-38.28015771494047
3.4197338507028663,10.482748786705264,0.9565161593302315,0.5623635811304947,0.7164965878326781,27.268843971955313,3.0748633386283744,1.2904265109912028,1.1310635966512415,0.7646183597768561,0.44503489187735157,16.81722098367399,0.16335585532651947,-14.474014667010465
3.4015100777766847,10.688351873660901,0.7657464276022169,0.5658542511953798,0.7683110832580181,24.248662411263602,2.6780362257787167,1.3716712298429758,1.3549860690672757,0.7711929398016645,0.4581136466079743,25.4058662366979,0.16822133234599249,-64.73780966856737
3.4049429122786097,10.375671983166397,0.8043091483845598,0.6295790347616068,0.7304907211905447,21.784320074281265,3.1892025926562915,1.2415181008206801,1.3130877105144259,0.7915353712614474,0.2540297452879885,20.894860471728755,0.15712492687142957,-123.83522389885391
3.426414960270018,10.700737200493938,1.0209975582082815,0.6982235691679602,0.7037708111447262,21.312146636970553,2.909874318436589,1.1531279336428248,1.196869398367203,0.7205214602618121,0.3909414461761392,15.0631825742249,0.21946018851769294,-7.737522322832675
3.4117692957581975,10.42581978874252,1.0115471100887579,0.5450381677454416,0.7475650441047672,22.056094707340225,3.077430382073179,1.1716568702964556,1.2607611365674956,0.7911066388061265,0.26616517070325807,22.66960226419592,0.21870286604741762,-6.788602079516011
3.4342086609919855,10.707287920025914,0.9646351781748578,0.6747424696550637,0.7740682543379295,26.67762998811759,2.8665697957058716,1.3268569969251205,1.1983609231380323,0.7440453740098179,0.005845815958793029,19.656305794780007,0.17176459497600996,-6.696538283576643
3.4336489324705224,10.065398105849091,0.832889427599605,0.6114766814916985,0.7568149994820581,15.799002187353844,2.690221199874315,1.175428443411945,1.3417907236221278,0.7650255948664263,0.3160536126693704,24.988743400551385,0.18847068358537172,-113.59360478343731
3.4037442115981444,10.676720396563134,0.7303717877271301,0.6019123010763566,0.7278890983878257,19.763150567065576,2.713123948026897,1.2823123503850906,1.1837068930162082,0.7265199660813514,0.1581659148106586,23.151438175986293,0.16025566211648593,-87.77388668343471
3.430909132175286,10.393690093262874,0.7815314553366197,0.6018465915431999,0.7734510564259278,18.582831579787662,2.7040374310779427,1.1465078467204717,1.358696590099688,0.7506067188811951,0.0014409310080500492,14.451187991798518,0.2054206467222521,-86.99080620935607
3.413737639035675,10.776433346452592,0.9421069436391234,0.5830720550150299,0.7396727929916904,21.166878029596155,2.9805398233094897,1.283418477048895,1.2639111496894515,0.7576903609550495,0.0750059979893087,15.58946024859158,0.2176758710536071,-25.276072537360108
3.419415624068015,10.28394695520383,0.9048051804017637,0.6409947919695799,0.7302553396167402,16.382334028439864,3.1962246108243213,1.1863344165933445,1.16445506433227,0.710817884168405,0.14957914877187328,20.038868608208276,0.16603118184110238,-91.81254729771746
3.4049008774246534,10.073113668386014,0.6749075000149959,0.6387281305895439,0.7716126678104257,26.87103692410156,3.0884242014954966,1.2036995516979965,1.1533752760007,0.7824377161448273,0.2605136059445428,14.127860164200841,0.17552375072059906,-32.83077299433013
3.437755239971856,10.167726788366197,0.877595693182363,0.5728651685370011,0.7665475412596737,25.89493863750944,2.861677989796538,1.1342222180966761,1.2534739507755024,0.7329307531878161,0.04318331622374798,15.156427973416818,0.16535940180799005,-17.04894748973112
3.4033727286144386,10.016337806941731,0.7401933001099064,0.6644004364517433,0.704939516742723,24.227099038188463,3.0258101638942714,1.1506514407270083,1.3852311426956208,0.7999347123662409,0.3357105430778514,15.255826194087227,0.17637867123994969,-119.19422239270357
3.4010725403855466,10.207423912901998,1.0032976127616988,0.6770433439233035,0.7752121489470057,28.30791065820577,2.8885032816969387,1.1055271810012455,1.1189577797697239,0.7957246478422877,0.045567369493778986,14.305236446884969,0.18634502903330866,-95.59852437904254
3.4380530796494977,10.022643690369918,0.7949233586506976,0.550997197346823,0.7412257870256939,18.69561050215246,3.1246401205815464,1.1526647546689697,1.3742465383047593,0.7778851771468261,0.06529331618226338,16.247680125106008,0.19687065346016716,-74.4737979224896
3.4336562005018054,10.196684280734917,0.7618737886327327,0.6753372871437843,0.7600478231272332,23.46540041565931,2.8783205384664687,1.3381067587742972,1.1616317930958182,0.7734884021560761,0.4041177874518941,14.473178575883198,0.1574885396329709,-90.01898548536604
3.4201220564411323,10.357170613703028,0.7816720707448848,0.5869117528326223,0.7011316656136851,22.819288921337503,3.03999928528937,1.3634056305258402,1.1405178482094884,0.7259574331229676,0.05988041949951582,21.72409652587197,0.18078409991567623,-85.72407093764977
3.401175861917488,10.445474355369479,0.7747481378866024,0.6725067183231768,0.7178253059196501,24.94442979467747,2.892770143153338,1.313984348887764,1.1922523142782948,0.7201444853465847,0.33919549440696956,16.636655095134678,0.16277599235117882,-48.867421858787154
3.4269660684129657,10.294640012529076,1.0148179144859972,0.6213641860336312,0.7342840254235854,27.661072167143917,2.7519802315428734,1.2902694487730266,1.3338959050410817,0.7946940467786148,0.0400404080254321,20.669279125550922,0.18309971082419235,-19.280529851034316
3.406956418009515,10.746612574916199,1.022022120074487,0.6109905345830455,0.7097057778981818,16.961583773927966,3.231234375524642,1.2056851231392074,1.1894076456689406,0.7446674212651432,0.2790737514960485,19.672849943981504,0.21872632756265872,-122.63492618677788
3.400478290203902,10.883094990256746,0.6668279954454047,0.5941575697103934,0.7609436435626205,20.11659763424579,2.7908562447088796,1.2041378632877038,1.3373034066355802,0.7530536796931807,0.4300349509812029,24.377354001735494,0.19175896543834478,-66.61313510105066
3.4327328438522247,10.089385314433898,0.8967507163788404,0.5538416408592848,0.7356467540353693,15.66696425132888,3.1676289248178717,1.111337928852615,1.263601945975171,0.7866908147047067,0.45783007063885633,21.3302429303225,0.1916140142807349,-55.526497389976754
3.4241091177179577,10.287936213382395,0.9982785762278132,0.5848239913217789,0.7704185650163617,16.510092034302286,3.260811674189178,1.1672356858298125,1.3165497766361625,0.7826375743196742,0.09052066349752427,20.82432503256861,0.15968089534140417,-43.58517748320688
3.413155263514659,10.314166108552039,0.77710357743291,0.6397858108162423,0.7571784818665853,22.94129813624454,2.6439757027165474,1.3166278815214825,1.1291681839483623,0.7590090153198977,0.2307339735940486,24.100030395559436,0.18077627816278163,-102.28068407446811
3.4005630827268747,10.106505512726935,0.7186588682373094,0.6376908478367107,0.7697893606507806,26.359194002639335,2.8974147537668906,1.3221613129989558,1.2203967590911233,0.719846793729486,0.1764090913519985,16.04294578968706,0.204650333761776,-53.118371175305384
3.426596593160115,10.398425443279917,0.8105979080150469,0.5755666634744802,0.7014859739222473,23.999998366304972,3.2188978189484407,1.2176555882366549,1.2985298983540043,0.7636517665556243,0.4417444503367082,15.171014646192297,0.1572192656531465,-72.76495502272103
3.431159248728116,10.874234070006203,0.769298992450478,0.671629523410354,0.7656743138828555,27.626399379152012,2.944525574078937,1.2729550575084936,1.306038148856396,0.7339934701932405,0.06198268146763599,23.183027633993024,0.16486804352599752,-105.606524270016
3.417409484069167,10.607196953626833,0.8125805802492339,0.5693319957200282,0.7551926591751841,20.991064158048204,2.774522061572699,1.1196394349759071,1.3680565524368025,0.770629439972824,0.034793169123769764,16.945378949449868,0.17179833649590137,-78.04600844884631
3.4399895722320566,10.844360930063726,0.8173704458388188,0.6541123757565832,0.7451395361616131,24.581733847501624,2.963553370315591,1.112366730237842,1.3749805733577927,0.7751119087634429,0.34390089272749214,22.654465437590236,0.19976637090981758,-14.917685599416231
3.4198204466837,10.864386435566587,0.680160123717742,0.6529894315024185,0.7586933349171454,21.260550090078866,3.0856648836644274,1.118338352732578,1.3927533600380309,0.7414030341278322,0.13684229618729785,18.000152720262946,0.196511742687548,-99.61976216638571
3.4252937709061118,10.707157711347726,0.731664928212718,0.6758037629949131,0.7683748796762209,21.20458793629026,3.1638578384898315,1.2575636857306756,1.2525847773863197,0.7997872192195372,0.45424504120940595,17.425572089924703,0.1950226968568896,-32.6875215914299
3.4063289318100844,10.160697200201794,0.8999706348983263,0.6181842496861054,0.7154635070027419,23.04068621614445,3.181483341095142,1.3210859374290533,1.1543338778364254,0.7676167203767871,0.2582448380376645,23.163363979891933,0.21227215029275742,-117.59162558092522
3.438081460028648,10.87066737605356,0.9397373715673819,0.5648085005223674,0.7000590388222132,26.552771864671186,3.0005394869592834,1.336188665334959,1.2507711863053106,0.7960765862546744,0.07439792402510467,14.083360736154159,0.1951242586437574,-42.77478468219891
3.4375131894558733,10.095849760656138,0.7994257340935286,0.5819244619383499,0.7318850864085027,25.224769249660163,2.8205972496477343,1.1529115780986139,1.3725122812890704,0.7381160411380753,0.1638684621891997,21.979644286311885,0.17302687430366132,-60.34655616886151
3.4232702020504626,10.781723142639828,0.9385692924954667,0.6685595777172648,0.7342434688120691,21.357072550668697,2.9904211684248017,1.1403272526659989,1.1784267794006655,0.7742211421444033,0.06759488792990512,20.749488493135495,0.17562987016976572,-49.670150570906884
3.436652251203286,10.45921229381194,0.6698840315914804,0.6616334905100829,0.7577454222584309,16.251898076656815,2.813662943113169,1.356317303930988,1.103205298458355,0.728746099309139,0.16351076176642765,19.16105513465711,0.2026583350221367,-61.39980037247774
3.409757003172796,10.0845013895292,1.028686775679451,0.6265167758290764,0.7364368724856432,26.543198957534493,3.0687797892284645,1.1651579637130647,1.369530918118764,0.7715669353136944,0.17035699718024366,23.96887053543085,0.21412478561865977,-96.67787194086894
3.431145299893933,10.757510485568746,0.8133997713356736,0.6739538109969816,0.763179839046215,27.25021592133225,3.2148213462289905,1.2273338871134363,1.108455263036686,0.7976578866145917,0.08117294845521673,24.183309450131745,0.16083584037545845,-71.01059747434937
3.4166197639891895,10.623354587301488,0.801820832559747,0.6899433215456361,0.7513486530880317,18.936666074629446,2.749862683670096,1.3102287185324304,1.1621760082527237,0.7298499353647464,0.2297197763109388,14.724130896253167,0.16490554429152884,-107.77799936426437
3.41501773935452,10.380637256952308,0.9108482448978658,0.5882933550486092,0.7209340987948973,17.4646964856152,3.167597112572222,1.2376586303994965,1.3141067020956374,0.7285878619946352,0.47381285647073684,19.256393999153033,0.20235033497084629,-84.90592879072867
3.4365124429923,10.582025884550653,0.669572962259271,0.5669964488533866,0.7405578857513387,26.443684465319997,3.201753880744164,1.1152000622835787,1.373213938907547,0.7553775300496359,0.2012597424920206,21.072193167674854,0.16428113277337997,-89.88230600816723
3.4264940175191096,10.79877889639048,0.8094119640453146,0.620263890501997,0.7441106295652875,16.6972019096482,2.899624147687303,1.3216052719001337,1.2735535041954602,0.7676927797032356,0.08369787937949673,18.219427913061015,0.21712285917070545,-37.116186696661245
3.4051291916408912,10.441063604502098,0.9865943709617699,0.6306802006851995,0.7456766930816838,17.481407255591375,3.240738430351592,1.2551801587081,1.350475812579525,0.7737019296926004,0.3452282937617381,23.338502690303546,0.1784114881678873,-93.52186744540236
3.4168237462731605,10.256914800639674,0.9079979296389957,0.5464111832283074,0.7051689922877018,16.057385835023215,3.0363941778513626,1.2482824250095461,1.2969230183754765,0.7297817738502302,0.1396081761155307,24.83779186531678,0.21038651877667885,-36.12678433824918
3.428177705496534,10.665040592122995,0.7107745689874508,0.560395954451505,0.7168411771807685,26.13200756447347,3.140661214290099,1.3008038334650045,1.2598398849158567,0.7464093735166429,0.4123216560337147,24.32979627193481,0.1650015771491567,-76.13200805846785
3.421094702600794,10.204993954110458,0.6579289248198728,0.6330764394228852,0.7093299247895278,26.824045224960535,2.765621158604708,1.2024529438498712,1.3245748197060225,0.7863307151229593,0.17710311805573362,23.293384393290943,0.21795497832107963,-35.65053805888874
3.4255733171967555,10.643055533979481,0.8255851796224574,0.6968977184314208,0.7443532739335542,23.458204472462107,3.0103200416515947,1.2478494304868117,1.3038233784358426,0.7932932741198054,0.08025953171990181,17.751955959578705,0.1885555520121429,-24.40826555100078
3.4372418331761527,10.881379412436,0.7688309325735424,0.6025069019749157,0.7591690182773678,16.151519653228743,2.7391254785519408,1.267874039594246,1.203652497391012,0.7584762289760476,0.1531552673319938,23.4421446264873,0.19819149150361182,-77.1125022131201
3.418807431121694,10.75351715069955,0.8374412479171458,0.6068905970340245,0.7330708366989157,18.592061105952876,3.0057862278295184,1.2802450160121472,1.1781412806348137,0.7018208720780478,0.4135269822373148,23.256742540441863,0.2161961050286219,-67.57337041519517
3.4202418459397124,10.871127065866167,0.8693070551933144,0.6599778215368977,0.7247744867985153,23.38267768590086,2.848904336427313,1.3447364184732726,1.2098475827023267,0.7311350675946554,0.08718048557548787,23.997181879685407,0.20596751951498976,-30.717948412442908
3.423187965910412,10.474689259744299,0.7259558306555975,0.5657803773387955,0.7558958454247405,22.50651544922543,2.723541348955079,1.2408467888916186,1.1832642661657293,0.7741507026696832,0.0033643326608286724,21.56155967982351,0.19813591586862855,-101.8523143224345
3.425923355519102,10.858643989182603,0.7675978152366036,0.6822603799371498,0.759495649100808,22.12469327217956,2.7795057121191515,1.1621372189154096,1.2008489364224915,0.7586285004035803,0.4589275737873347,16.018140045273626,0.1918097976799621,-15.400809718558435
3.435886840492578,10.47254521628382,0.8937977481129954,0.6183783834617839,0.72583898771423,26.265175514536324,2.833607681795544,1.3011199852032937,1.3973258527959445,0.7626771265096352,0.14908527403956615,20.219067666943914,0.15708195109691883,-82.35156495327502
3.41931814616588,10.761131012308567,0.6953646686517606,0.5967678750478714,0.7326185763542206,17.482502881787514,3.112860318919167,1.219141898589532,1.3385333922522102,0.7563327775687273,0.4597858259404514,24.336138914818875,0.18110012978091203,-9.994601350792138
3.4073377550863793,10.46947161980079,0.7755757457542904,0.5498111020400677,0.7769722516952815,21.2743796984024,3.0269961830922796,1.1965426243405501,1.2475897053524823,0.7468582574037396,0.41912916055699473,17.45345960534074,0.1531153811541594,-76.26265123620055
3.4018686037028165,10.842772834988725,0.6903714589939229,0.6953689280510091,0.7254292989826593,19.637602373711985,2.8776327064515,1.2800805357516656,1.1656505293613386,0.7340562277793268,0.039151784334519,16.00475750648936,0.19807616147103585,-95.23070804141653
3.4293980088902543,10.468323663849626,0.9125493627451848,0.6713093601036739,0.7000514842455229,15.778682751852408,2.7034266788442953,1.1900101749618393,1.1176033734804691,0.7446477331649807,0.33502864991867404,20.033000155139256,0.1721278537347596,-17.44311990178545
3.4244699054488583,10.284408779182854,0.8597137954249838,0.6243961431875734,0.7568543172791996,18.36431212057254,2.8854389324449357,1.3177488113001898,1.182632321425447,0.7325346362530298,0.4324184669588707,14.120927987821352,0.17822514949602428,-17.93071716399494
3.4029749849811672,10.421192267302635,0.8502180760129608,0.5514912243975658,0.7101907647711697,25.925113898070418,3.120103517162873,1.2221099552663375,1.336273709378906,0.7903263424415305,0.36818241340776015,22.70567020866886,0.1882690742123339,-9.266101997560696
3.4249820372697006,10.713599097021845,0.6732109397587851,0.6322861665754452,0.714978171607771,26.036624040960362,3.1570944160301826,1.1896277677625977,1.3959002690225404,0.718253541179255,0.22181985934408943,19.174076692995346,0.18670455532573432,-66.44235570455335
3.419923245735208,10.12762595975774,0.9560646720069329,0.61931712471031,0.7646442358071807,19.002226579423514,2.751651217235036,1.1134377855809432,1.2221343753907354,0.796926321758758,0.16805776256554397,17.543633464639882,0.21987596091938588,-36.51116384528471
3.423776695929125,10.132243702510534,0.7124542123130573,0.5618572927657578,0.7674509467844028,25.57579998789069,3.192850867407085,1.1311733494578895,1.1429182353116458,0.7513302754746761,0.49366495480293454,16.815732201516745,0.17003594992745757,-16.341544729720425
3.4339910168685948,10.306085435022878,0.8962801793664746,0.6497185210761003,0.7422040873175013,22.354641327569695,2.82937400883309,1.1325254282699921,1.1639769687106232,0.7875315430686175,0.42019832783196215,17.776649429271355,0.19424362053181243,-9.552519188081206
3.421418133623021,10.704765357719063,0.7002584981085581,0.5818217805973321,0.7775900034146601,16.40284919430354,3.0996883216503033,1.1918268465131758,1.1676239101116215,0.7326834390498154,0.33559664919359544,19.361311724808193,0.16286918211881904,-61.633884976014635
3.4156676704982605,10.39353107525206,0.9338237025396097,0.6581103152451245,0.7676418416020684,24.8240352239215,2.9337206371813203,1.2615489527034975,1.3243214908958463,0.7299632255458233,0.10574848670305394,20.607899035907252,0.17012678561438907,-78.40893996045213
3.43419691558189,10.737250212334303,0.6555948115023367,0.5463195599696485,0.7524578464066234,25.00625885748336,3.018685873905457,1.1949568140604023,1.385737379242133,0.7360062476431453,0.46112816349741076,14.544799395200268,0.15847492845762512,-115.09147218653546
3.401280345670683,10.121850797974528,0.8924026653106586,0.5876794870326241,0.7731349661125541,24.58704056850922,2.8118306245615856,1.289155126052907,1.2570989730733795,0.7591357329971675,0.28872017744135614,14.684404675966187,0.21451087279967862,-0.9801498957136374
3.4300183232021646,10.251993619212476,0.943872697550543,0.5992315603943644,0.7266072514259047,23.828606292203048,2.835171014281559,1.3723354077044068,1.192692072216974,0.7052839754699515,0.33406469130309135,16.05786151575444,0.18032200120745737,-51.493652477148046
3.4074751282734463,10.870193913089164,0.9945483386616054,0.5686594424843626,0.7506588289799364,21.902181763611072,2.869656171217735,1.14316491489258,1.3504305352370265,0.7107163626351136,0.07493213634076205,23.2027658063837,0.18457940811358403,-99.452507182154
3.4108731628610727,10.691913904516024,0.8352442258546791,0.5754391175510788,0.7006007763028934,23.43515389870478,3.1997054990294114,1.3714863751397517,1.224030679273602,0.7970390551717407,0.30126819589316983,25.442005013729673,0.19228242229623252,-110.36111280332693
3.412170152955729,10.474819676524964,0.9429269054092282,0.6195649753274395,0.7788084973466335,18.088154386839946,2.8814015623712073,1.1929660054664537,1.3348022578013914,0.7745509679349711,0.09616710312392529,22.03148464383823,0.1639466590539327,-84.70625822042969
3.4270842432958646,10.380854389427983,0.8535631989774849,0.6575648146859577,0.7578240184827043,20.418617249306415,2.6974971641688006,1.1391843822679926,1.1492671665123304,0.767518860356017,0.34827256614053903,25.956337978735725,0.2056412888793311,-26.268020511872834
3.433335789847594,10.646874424175477,0.855113273339094,0.6943408512412982,0.7613623312090794,18.85118331642073,2.973447074954189,1.111955483347203,1.371391938483253,0.7201152115682792,0.1276480158824826,17.57007525898288,0.162402926904127,-103.56453928335375
3.42897161577433,10.437492575070383,0.965281669550403,0.5906522903205694,0.7754184123921246,24.96706505131391,2.93402061394739,1.130892020202161,1.1361027269496735,0.7739931637109697,0.13112907989046366,17.19222431211275,0.18168684677594138,-32.83893942384947
3.434953051551279,10.56214478481633,0.928775784569611,0.6647169847885988,0.7042612077094037,26.70124357311532,2.710017909282637,1.1468846793232055,1.2964864427414402,0.7638392519238814,0.08701706090966345,19.83244641471722,0.15052609098169767,-5.309459376180627
3.4130720651805597,10.33103458423361,0.9154030606383935,0.5593897700304731,0.775862555290351,22.849851950961877,2.9922925158651834,1.3304772988564946,1.3333295899539988,0.7353600074380542,0.38038760373495245,22.842492789162897,0.16876271495387288,-72.03614898315962
3.4044787034469897,10.242481354704907,0.6790756499455821,0.5546211200679672,0.7082629357235796,18.96666123052654,2.6600379990801932,1.2441076902185164,1.2212215761999434,0.7829658497248789,0.29856708611109944,19.28268405759848,0.1784203398877457,-80.24183099648985
3.425136261177538,10.117138457596901,0.6679402628202732,0.5596851017697267,0.7423449747546358,19.37772237870624,2.9346983983342194,1.1804153952552259,1.3477025623009031,0.7368138120350852,0.4301491853466561,21.157408708452998,0.20796412950089016,-112.99572131727794
3.4323208378325942,10.808953251164755,0.7201085695695895,0.6842487043643798,0.7671840578361493,15.457260045624112,3.1613499137429524,1.2004249312336732,1.2561947231905666,0.798885244087688,0.15886233091911292,15.860610465574862,0.19047761310084343,-25.617449791660107
3.4366392729046042,10.143069322516578,1.0256082802849855,0.6389140921565073,0.7652492160710964,26.178100925234233,3.0450036363651147,1.2390248330091558,1.3171980161920205,0.7289448695887298,0.3572728704092945,23.377661113426853,0.18355676281684916,-110.34080824759445
3.4069976264964006,10.711337513291694,0.7441072267632968,0.5701395396361865,0.745262842941357,17.100301597680065,3.162129438252751,1.3367034650903828,1.3925416117823863,0.7056117737311329,0.08128868847786382,22.521865974529568,0.1525768221165654,-104.94054277415268
3.4261180523613577,10.526911917172358,0.9290394370074047,0.549156501330716,0.7241923085241802,23.1901689372038,2.690511077527706,1.2454369097542515,1.394964280323885,0.7697262755256652,0.3954307739177025,20.687995042269097,0.21911306402445146,-121.60613614542679
3.420925866467771,10.235734167767069,0.7527585041320102,0.5405284156061105,0.7413441801332541,19.823653458052746,2.8012117149428373,1.250314252216154,1.1509078498183578,0.7921725189461659,0.22206428031459655,23.445233345967964,0.19995995150764734,-100.56162254184991
3.438497587295657,10.460926540093867,0.8736976871541565,0.6111144305911751,0.7220154503465069,16.008989422724447,2.712736552849253,1.242075293758825,1.2369979482275522,0.7995503306976252,0.27392037311320644,20.73840013399864,0.16752721653346322,-64.19413133978384
3.4100034448937784,10.70507729157038,0.6891023152224839,0.6191745474171061,0.7735322360952932,22.981896652766316,3.0474123942287794,1.1435053522939107,1.1891323036241306,0.7564450546320679,0.14020401448984673,24.192128098644943,0.15988465949812916,-98.69430508741844
3.421227796265029,10.636686854747712,0.8816946825554494,0.5899136847500882,0.7695863220227207,19.663260264769132,3.122834644813849,1.254786329979342,1.2146131112676646,0.7948732107642664,0.2539212628813612,17.11052126449634,0.2119803214389716,-114.53616737553693
3.4237370190588146,10.755986859776591,0.8065465356992711,0.5622318285943901,0.7697634644603681,24.10343597212626,3.244699442781413,1.1293681596673937,1.189683457559081,0.7565103886126505,0.37463499765221026,19.022527822060752,0.17454435653138897,-115.1725916454238
3.40935052172125,10.868849078791227,0.8448981683221942,0.6427458037349503,0.7283153078327178,19.436889234076848,3.0753376671312367,1.2523141232121417,1.293875465289184,0.7906006225347827,0.21373455704522457,21.709159781978933,0.19247186254354248,-77.55447317299965
3.4382000723738857,10.82277845517327,0.9763057802975266,0.6210515927277458,0.7067455896820161,19.8220137975221,3.2778930963771384,1.3556189289705016,1.340158348551073,0.7816413372603409,0.2273686374241704,22.512884723505547,0.1821735380658528,-30.076049721042835
3.434673928036749,10.826619919675897,0.8121419323658322,0.5698678538826142,0.7645623932916628,21.990596214955552,2.861701316374182,1.3538444694249978,1.2428060991204466,0.7622727588366651,0.07521226315586603,25.18467490263035,0.1806489140718616,-115.88043069558468
3.4159934676115906,10.06432216671758,0.736871432445813,0.5460512542666918,0.7512149765383545,17.856113167200505,2.889750424067313,1.182231683407816,1.1196129527845415,0.7670161747248806,0.4230663688906899,24.255597636189343,0.16407724197260076,-77.58882247560314
3.421407017197523,10.484657995800351,0.9786802439344947,0.586135501971198,0.7727829723992745,27.237769476687156,2.756699366671695,1.1920002926109399,1.128267291363029,0.7246301318975275,0.066632333885322,19.900478436388,0.18532750853937235,-18.095117436900395
3.429681806342739,10.745847288980157,0.7535595834608799,0.6202160851284997,0.7214182245587399,16.390707368652887,3.0920774008272893,1.3939906086930276,1.277027376731278,0.7220440210459712,0.19345595825607356,19.305168197789403,0.15262259229090108,-33.9580333638754
3.4269416848018803,10.657887370105668,0.8760992243652335,0.629391741981081,0.7470496411809207,15.694407995595045,3.2120277254657466,1.1878246182219743,1.387409992522664,0.789514006147235,0.03963037704582667,24.536301747690064,0.21599338393039946,-89.400824931796
3.4395220079993014,10.478448778378926,0.8477500174715741,0.6409630234911831,0.7429123526518748,17.88574507292068,3.0783995191378493,1.1761371776535021,1.3261496790149223,0.725826438443333,0.43271695634592977,19.88379402816502,0.1537502688203204,-123.95052922171183
3.4022754306879417,10.753218710988342,0.7376380652941326,0.6122298879518182,0.7537644789334966,27.688596017526958,2.7382758950719683,1.2506777452257087,1.1234654421878347,0.7574879238576651,0.10146239806859528,18.6421741306966,0.19815055496339845,-6.005355152437062
3.4054442960264866,10.802708383331261,0.7094912707297694,0.6140606908443786,0.7554611586021353,18.185360924139797,2.774639702481261,1.3975285025789805,1.1141388419206903,0.786922787464607,0.2816973539731467,19.878663968094102,0.1980924518083915,-74.97682328200074
3.408015391619756,10.830740360214726,0.6599917421168713,0.6641481685077629,0.7598443019359814,21.020579388199035,3.264031375738594,1.253255632829576,1.1638647235097552,0.7222308885279319,0.4766087602970532,19.65915761270569,0.20655256193856691,-32.59791466659529
3.418257156267437,10.45693421135726,0.8469829559066493,0.6495702426066813,0.7696366865706786,26.931991047189804,3.0126783336047938,1.1476636688451762,1.1248423697595475,0.7686268656263648,0.2168568521093998,21.5228968050452,0.2081215117545105,-40.17195112352745
3.4263770743906297,10.269713634866841,0.8238903844812354,0.5858132912034469,0.7087244641889603,20.644435187448707,2.673902467684813,1.2123386328407024,1.399200303894017,0.7140982500227394,0.36276288197017786,23.74809188588692,0.16916420283365366,-81.60712756807439
3.4330345995972373,10.89554276942992,0.8498906729601758,0.5991205292725815,0.7537889249335287,25.790177734948273,2.7470292872782136,1.3038725101697186,1.1908397936788782,0.73145221130227,0.10133431792790726,22.717091102497537,0.21201529646350217,-118.09850859848368
3.4115651682139436,10.676345810415809,0.7568350927464444,0.5415437332007008,0.7117848938739302,20.473890655398456,3.105372722581634,1.2036280740911112,1.1010321329660067,0.7463329582312684,0.4034302140794505,17.107765777212954,0.21254340177684894,-119.26181027534179
3.400466254106579,10.6128866486087,1.0285895122006574,0.6934998217086689,0.7147889494008658,25.029535528975366,3.0631656945417425,1.3642867604466637,1.205503913074812,0.7585871798194718,0.38975998637407594,22.924520182071966,0.21341826272103595,-60.86696957494425
3.400893825310345,10.338490156746179,1.0095612617092429,0.5789318510709158,0.7598831903638636,17.59636290239076,3.1404068153006603,1.250933571475759,1.2860342849199755,0.7464987739093695,0.4519683647879277,21.20801068846089,0.20441892843950316,-36.4266677039988
3.4103881792732063,10.862331084210622,1.0168187681302074,0.6540435592862922,0.7166576365161389,23.805856151513865,3.277398414279414,1.2369857108134514,1.2872274042366545,0.7298681592695517,0.44708541587884104,18.071443676245405,0.21779277502068853,-56.560364572452045
3.4030936477985945,10.191338154971183,0.91445633726874,0.5806883203371762,0.7375143909810515,21.508028177846597,3.0312211980456274,1.1571132603353498,1.2416439220689242,0.792984844292578,0.27830773928400176,18.34289184861706,0.2112409313090424,-32.44168845945465
3.4078228447839622,10.319980356451271,0.9463015808663505,0.6014049704778468,0.7063711367428952,26.146995674570654,3.13406722590318,1.2688646843379032,1.1537002096886446,0.7851153455145902,0.3571141447088838,21.68300935649414,0.21880964768271438,-114.93289190161457
3.409907986247007,10.531755938053522,0.7710946604687209,0.5487154510295695,0.7515957850455622,23.909504896610976,3.1180090970250345,1.3889760471009585,1.2997666567382384,0.7887684183423277,0.010563899050996101,25.607821096283846,0.21643818839397924,-56.89943410409812
3.4072355740021374,10.392879528039057,0.7129357940491434,0.5437487909931346,0.7093792803496735,18.352762594828164,2.6583305362493888,1.3790852279555126,1.2712579649773017,0.7340623882575696,0.288982808118456,21.082233372371824,0.18908448275824402,-86.12393852111242
3.414689224840866,10.877751201410772,0.9349255561017531,0.5604883520628898,0.7292326104999882,23.077272563299054,2.8884140872590742,1.2737442912896453,1.1452473455182133,0.7897047124070321,0.20318472252069308,18.559315155601983,0.21026467704408716,-4.172178875804931
3.427435878089541,10.808268189735509,0.9581479583183543,0.565540366525045,0.7382550752364108,24.961834089619188,2.745295851989921,1.234906806656852,1.398507508264255,0.7217844911958778,0.22061943049597157,14.171147425602188,0.20891334956598975,-6.869093513321332
3.4033683482030024,10.756228655440333,0.6760653403356418,0.6986088543073978,0.7628195795480126,17.542457184375564,2.7720568141336077,1.159834273856718,1.113138449538002,0.7464418901511087,0.06928461147044827,21.637527275503835,0.1775839709426682,-31.11468215875523
3.435491435285559,10.084293209014932,0.8927971778552987,0.6336142349506022,0.7302917574352873,26.568322119789837,3.0576722439233723,1.2818227178574815,1.3830555719129851,0.7152761093029905,0.13926068712673526,21.011779541551366,0.16315548047175044,-25.19273859900828
3.427473380804206,10.578299858936349,0.8858901552712086,0.6458081465116801,0.7750299815900281,25.455550338776092,3.0870262124578245,1.1094240424936361,1.3935774007187938,0.7069733516144107,0.08430168624712246,25.51212965170074,0.1525680302686524,-85.27063548143548
3.4283870325894763,10.620436317370263,0.8190455192038419,0.6341046180959063,0.7432088052597828,15.823959339567182,3.0427858849468326,1.3555457799520831,1.180301664144798,0.770219045393771,0.3257723209422253,19.637181548600175,0.20089633649953956,-85.49948976119246
3.4078572323007092,10.485661695649844,0.6663561862747942,0.6671718369404116,0.7172124804013367,17.116539012093117,2.900315487797244,1.363602496686489,1.3013062162211377,0.7428671843925176,0.4083915543895365,23.810145666122196,0.15688450763367465,-32.71122846080695
3.402439988106538,10.030556371822895,1.006647865308513,0.6281262204913116,0.7203837016496135,20.512837052782785,2.9182607803441556,1.2469508253211563,1.3757358779809048,0.7827125722338266,0.36744287402916387,17.95346103811295,0.15498002125549296,-105.24550035852805
3.416075712747094,10.015225535130124,0.87519706949139,0.658605504565256,0.7184511190126256,23.1749298073267,2.797064036953359,1.2554705193755435,1.3571575965149942,0.7812760178897428,0.2901522877819427,22.38470766068221,0.18992139969400995,-109.854698724272
3.4228645041915033,10.21568975136558,0.7959829349204814,0.6342846998622871,0.71184245653096,22.620585737804006,2.693526023935171,1.2634466202709123,1.13287793335908,0.7647719174855596,0.20053097178007567,21.46547078175186,0.1987438502883121,-30.897482635475725
3.422900039190285,10.583718380786388,0.9568546079586417,0.669933435401222,0.7550040519065548,18.95461816898252,2.9258742802114606,1.3079613099604936,1.2434537485389892,0.7318556412704017,0.42855380992463715,22.582724806966674,0.2139769889872651,-61.74402652096538
3.425784134497434,10.718113618028902,1.0008581948350237,0.5610483638194103,0.7194331743608916,19.208619722459822,2.8212129593982413,1.155208554305183,1.157009266206512,0.7342918741917245,0.14408273496679305,24.019960277441886,0.19988048780094186,-32.139442827826144
3.4004575305626648,10.86332559726759,0.871189345267837,0.5592595449941016,0.7736391499983665,25.812604254862368,2.817368171655849,1.274547836194087,1.1336682412249286,0.789552630785202,0.451200768382031,24.03502058880227,0.17492290858746568,-103.55016900635225
3.439229502081788,10.090876839799506,0.9127390573577057,0.6568276226017677,0.7131670483725087,22.9748706432008,3.2366152825524197,1.381157583883276,1.2130747240001147,0.7349608534641189,0.4758171604772178,16.465986859859424,0.19088737083500673,-58.81141850163546
3.406687821979138,10.276938712573873,0.7339552388796027,0.6307647990178861,0.7381365798968796,26.02668865064158,2.773619263383873,1.2918452501731714,1.2043241160844727,0.796488432762386,0.14919483195059127,17.94482265972313,0.15676620985516151,-91.76876001753027
3.4255003373364206,10.161879753440504,0.9729259704221014,0.6535935964338955,0.710004921668715,18.220106560942106,3.245731470849176,1.3405089142640891,1.3243658478123455,0.7720019340616422,0.14424472653467862,25.784690392683785,0.1539319987572953,-33.33367418535373
3.4383932225511216,10.142030708303777,1.0102501675999696,0.60188160109821,0.7155976873153325,26.814779384631386,2.6907549966819575,1.207749580538561,1.1505110624460562,0.7983302248152975,0.44787668177692874,22.726472104817265,0.21717974004579804,-68.18845005902531
3.4090923210166393,10.060237197572107,0.6598514242661775,0.598624930145336,0.7495653625443907,26.939938153640924,2.7710181979581043,1.184464834571857,1.2757972260679373,0.7762772301302793,0.31944793781715386,20.59461850267318,0.19749622874791925,-80.43056693875673
3.4277964604908147,10.060666959272655,0.9992404445303524,0.5901269323100674,0.7673755290158869,19.322410746614473,2.9176312950086056,1.2338233738995081,1.3807838479699028,0.7887813265455208,0.34975774747598265,14.461119457581423,0.17499534232062158,-64.77318016487233
3.4064378624169405,10.107851783926483,0.7521798726408032,0.6139083299465045,0.7362600900542611,20.581404828909903,2.9522403098692247,1.2782052331730511,1.1203928997919175,0.7658068433000089,0.4813013103088098,14.348017368741386,0.17280806413702005,-66.58480511622074
3.4344765820042418,10.862574169817504,0.6951814779103799,0.6153085712267609,0.7011413145144921,16.875114237787884,3.2386971007092935,1.3915952572359167,1.1528969998814558,0.713756716035812,0.20409742633714353,21.24647950825309,0.21748871942753994,-82.07628482639808
3.415260585453265,10.393588214661023,1.0018932916048864,0.6912543799087483,0.7191012769150371,25.10031063823608,2.968189341186442,1.367861228761086,1.1955137181141169,0.7577252088733563,0.4216298348850518,24.545580734563963,0.1696937144767661,-19.352491492463614
3.401467145260095,10.359387077524103,0.7759858838311002,0.5838850164120464,0.7515769318708398,23.548064497338736,2.939666562883374,1.2207168998291307,1.1299121832683472,0.7065490267047255,0.14399887055231003,23.839451173504486,0.17060863818088734,-24.335860174436675
3.4328260353578686,10.059634962279548,0.9425663179674285,0.6571772973230456,0.7259867663541597,15.709081605767295,3.177383708242437,1.3591262657751197,1.271699018270928,0.7856661716229715,0.26680712953323865,14.7547283562705,0.16857900245589957,-3.2620940571101897
3.4296847278306766,10.693569294122636,0.8861111066100452,0.5545190597465679,0.7796176759451205,18.21831605511179,3.2236733621149893,1.2516123201791987,1.1602237084916083,0.7278724022988705,0.2602599640926993,16.381929528515734,0.2135496627091007,-76.4322636541565
3.407523261070068,10.893956224104896,0.7603311264464977,0.6751659790725786,0.7705999257488787,17.65692395594531,3.001388678035763,1.1618646386606166,1.151046264442032,0.7180521293878007,0.42348540576554616,21.99203967722681,0.15195546220998932,-95.73148752653246
3.4295767838124323,10.49696072540716,0.8500431320669644,0.6060492868071159,0.7784981548513766,19.705716078937797,2.740193301501369,1.112915864951555,1.3842233418920762,0.7091718926323114,0.14669473410980863,20.2995728735728,0.17065054459025197,-0.06387439299224695
3.4249315013846484,10.563134565671309,0.792733009590852,0.6397567193575674,0.7429399653292196,18.259616972251457,3.2062514609390775,1.2137373871140054,1.3139387289769218,0.7330676333994888,0.046060812036861576,23.297412891888214,0.1895681578603183,-72.00420077340995
3.402448935873539,10.765531984439818,0.8634408871193798,0.6011490723226083,0.7707310976304336,19.091884526133754,2.715499698319888,1.3454443498656503,1.30465892472025,0.7981342032544184,0.04038959985564987,20.061723223229137,0.19893777204417698,-15.67587443114445
3.4189255838275607,10.288420646558682,0.8765977775335663,0.5632402911513633,0.7341071312961364,24.906749168985385,2.8498439543470337,1.2567014464831785,1.3017961286239776,0.7177115211333297,0.444316804617122,25.638227045561553,0.20687996209210835,-26.419218715400703
3.4288109421396644,10.487105429302458,0.7308654537452408,0.5754443004788452,0.7288564801938803,20.197144653916574,2.765541424007804,1.2193204399213622,1.1606087231440632,0.7438275332839944,0.28688666275782404,14.0274467931699,0.19757302345248384,-86.4854905788757
3.4016308733631915,10.54291448753381,0.7206170265593728,0.6769440434874441,0.7271255880577607,18.8170542223279,2.8157372796140785,1.279942947880111,1.163479813751118,0.7698689476254093,0.45574774062635165,21.973195687538286,0.1606895666814685,-45.31830697535817
3.4085063999518366,10.078910038141741,0.9768334275421479,0.6586703776821952,0.7111405398194265,20.528197351238475,3.065154690699705,1.2405419528997805,1.2839255838958277,0.7561546859742635,0.1563678041961799,18.076726917148854,0.15589910053628733,-61.79472517052152
3.4056249461217885,10.145747484082785,0.7180459637522378,0.56083384395372,0.712304441081601,25.593190143514757,3.0880464663180724,1.3561025627717616,1.3109844895455995,0.7290021822295855,0.27559675836083425,19.409440301060155,0.2042103979586314,-25.675939110748757
3.4363875830366046,10.328110009622558,0.8690687538350748,0.621308961102402,0.7289489976320783,17.14728106657032,3.2102894778750457,1.2470225577093985,1.1929173824650687,0.7628225455293349,0.4934843999564469,24.900219633495844,0.18011137685093206,-112.41290619123598
3.4073276142403603,10.365253177538687,1.021681433646743,0.6711558716816604,0.7227883499126373,23.333351114723754,2.9236988587823656,1.2788150151207656,1.3226233066677433,0.7474225833675119,0.44226623188665565,24.602493569575238,0.20744823270172036,-105.0683061344153
3.41811691140113,10.877388520389829,0.916054921585477,0.6200209802174671,0.7136858897791923,26.66312772862988,3.058500747273245,1.1464568610404267,1.3706536611462035,0.7388316946633947,0.2709935334430704,14.67041056892501,0.21122497704512164,-96.29113537430678
3.4385455252069574,10.41985821661276,0.9537693140407443,0.6195420666144806,0.7783016340120904,19.725131330019366,3.1218594178733166,1.1866578992457322,1.399966367583628,0.7926137578411512,0.24898202209157977,24.7494521717758,0.17839276135498677,-42.80531534070285
3.4284456181832517,10.679426458325384,0.950747921270261,0.66566945646071,0.7790937607032482,25.740673998464633,3.2679085567988597,1.3630203576496416,1.1706326421840176,0.7539345007977398,0.1713524002538434,23.602653467863725,0.1787766616537487,-55.38305471664626
3.428169841058273,10.286469031395525,0.6858818438080074,0.5403532098233376,0.7081427947177302,24.621020630548955,3.2195410007391776,1.1736952879342493,1.2188539545787795,0.721637894485754,0.46809064873502854,18.831291520559233,0.21809482590471752,-72.76296617456288
3.429661390283131,10.112369777011452,0.9630667741306542,0.6031798438473842,0.7490600359376238,18.04074552894852,3.029104042611109,1.2855407309208413,1.3671656129045318,0.7847119861035535,0.192141181200767,20.326944805855973,0.18136148026330315,-51.120862760132056
3.4376268890824706,10.265213485217584,1.015940972819964,0.6262654446183065,0.7074994250249084,19.97005467103031,2.7607520019797165,1.1658399895535907,1.2235708509505772,0.7161499131405653,0.1022996635946153,20.290626493280143,0.16010535879412835,-102.91609682338034
3.4066244118859235,10.643647921990091,0.7772577842194731,0.6101685341900044,0.7005106282360846,16.95191770756309,3.0189164121887537,1.3335276692464362,1.2071212383082297,0.7059029172464555,0.25690887024033765,14.77046407054271,0.16288700696671965,-28.605564626453386
3.4040664619574525,10.555153391061538,0.8960395988990679,0.6578956468266023,0.7693423135172343,23.865998378183516,2.9529458486170084,1.158754597428758,1.2478258966386768,0.7189479003979405,0.27191939076513577,16.798398044069483,0.17590845885628353,-16.201557455172406
3.4065903345858555,10.520288577709275,0.84365026013621,0.5706154858881746,0.7205467917069436,23.252935195124,2.713220378486384,1.2603119709467108,1.166688409044569,0.7339000705919604,0.043478324919497074,23.375787615787274,0.17639055708537069,-89.07558717946058
3.4026713356981118,10.792915970823096,0.7673047802784391,0.688246390445745,0.7397792324669001,23.40107404368336,3.162264456035803,1.3999353839219766,1.3103973453377908,0.7607742495322819,0.11316792790978075,21.778844339998987,0.1876629967917446,-107.06015955309009
3.4386426076787284,10.423977480938738,0.7810630383988114,0.655799125701414,0.7790830105136514,25.682439269043755,2.9627624023231074,1.1619360474122822,1.2738208432046763,0.7361141872770388,0.13375915696683907,16.71210094062032,0.18507120658163176,-5.400668271436501
3.4084941605580608,10.014570274292792,0.8136990138926976,0.6924498192121451,0.7527462875687666,20.699152412269218,3.2710578587022328,1.2178191380104113,1.1639901213473547,0.7801209326717581,0.30109326629787964,18.32941956126331,0.16221288627046615,-102.29612720589796
3.4152298104231904,10.887279549287593,0.7078845815276165,0.6552241919632714,0.7190900093261388,16.602593639244795,2.809150532384698,1.1063507271346458,1.214539218303728,0.7210573090166035,0.17844299884280318,14.707871830255458,0.19877024386561998,-110.05887855235899
3.40937002970017,10.253565989197764,0.807009587114436,0.6794769118373899,0.7495122401959768,18.169967060829798,3.024484664689658,1.3961670821752714,1.1427852734831903,0.797897861629551,0.2683039315158348,19.78261591997373,0.21886214731410208,-116.90312067791841
3.417927090349038,10.639528596673465,0.7111110906040738,0.6825174092535027,0.7118935554765677,16.72924410037078,3.236963567609076,1.2708273526110752,1.342365035236285,0.7660169965187142,0.004007537590961466,21.01765588230264,0.18345427170492076,-58.24469407211551
3.40094483469489,10.326234738772786,0.9164856325838981,0.6606970952404689,0.7709697632513534,27.069455847337238,2.992642495495329,1.13600079486428,1.2582315194305627,0.7410448733382469,0.4044608268645257,18.073757271801874,0.18847224284240474,-28.825898915151114
3.4322247696554955,10.298568359559278,0.9534737132573878,0.6457765917117457,0.7389424060284796,15.885861715410595,2.920672644754192,1.330068950064736,1.3317404500897703,0.7634667865193607,0.1778115334560271,17.07479331261994,0.1531449304940672,-49.43233543726859
3.405048380922233,10.40895106965129,0.7746791737505816,0.5626003254234638,0.7082046624114513,24.073579150240544,2.8660800763103533,1.22575402674585,1.334122463494396,0.7902720824780509,0.35452424721362746,24.32090171873253,0.18502123813334584,-85.84114253879858
3.407024787868533,10.1701095484241,0.805231663803152,0.5967375361692642,0.7005315206213375,17.570270120937096,2.749338216681732,1.1515250505509906,1.2552811301909994,0.7615919048088745,0.17321967755053677,19.11321084100613,0.1579583130163428,-8.23791695352162
3.434225733117995,10.224469514101743,0.9327149873691967,0.6302058449890031,0.7051507201501693,27.097804079182037,2.8615694961811635,1.3611409057120627,1.250834160777591,0.7809898806454005,0.24130158615469724,22.219618069359537,0.18203536644024054,-60.536483197143966
3.42086239795999,10.871009275578919,0.9380022198013183,0.6070553691588868,0.752672953621145,18.110132466128018,3.1089531600353095,1.2313755450561281,1.1341733586087657,0.7641039847871407,0.06640830441447654,18.715379744967734,0.1859834552025784,-99.69992674115888
3.416904195239788,10.643928102418547,0.7017971153231787,0.573958390340993,0.7271560013681115,20.878971411558325,2.9854444172108607,1.1153012296074094,1.1802321433895548,0.751968993160987,0.1659463028495034,21.875892775084516,0.1880681368355988,-123.23314094541489
3.406045274055469,10.572534267966333,0.823389505617584,0.5667527862466518,0.7722151894248215,23.407320513541904,2.8426036774248313,1.2072377396930032,1.3993514333672155,0.7693173416847476,0.29560994054301676,23.143626946173,0.16311688668061833,-63.69941177339805
3.4044140846484288,10.054725561954761,0.9840051566189498,0.6512225320548248,0.7234229913809741,15.856202018521843,2.808587312366783,1.2545258386869682,1.1048369163733769,0.7061580202714709,0.31800057730099296,16.25373635260626,0.19646004610370688,-28.00583091083213
3.4228003495597785,10.782987467054394,0.9885209702591922,0.6736969364246083,0.7390883153622271,25.417739499748173,3.064472725623003,1.1169024456172247,1.2848137409011517,0.7151054603690057,0.12003764249320772,14.715370206949196,0.18035704623577034,-122.94885257335321
3.432103397040294,10.83986899288136,0.8598619133745559,0.5758071402806068,0.7700545956275676,19.60868339561572,3.0718342403235988,1.3136092914150885,1.3306479711183459,0.7584075228506711,0.4197529087900901,18.45741859569799,0.19451956444607882,-36.96650651517017
3.4053921852144673,10.694841242789229,0.6875788714619984,0.5558824450913044,0.7054391557858828,26.10409890392332,3.131705579300826,1.154511568490377,1.1798200453079029,0.737798314069921,0.2808113669613695,15.036589452578122,0.1776976335376677,-25.872151359651113
3.4122079651587796,10.671086018279508,0.7351980033399698,0.541816937135091,0.70471770506155,20.533095748254365,3.2288174501391067,1.2869532087141142,1.2623429609268053,0.7769167269022144,0.12330212436570448,15.727966601369424,0.17085669171801415,-93.17559508199992
3.4328036298507683,10.25468217451836,0.7690381164838146,0.6453565860111697,0.775424450683889,25.496044194726785,2.811054782915447,1.2940882004059726,1.2520787784282184,0.7457094922093145,0.27155103936463776,23.643662608649965,0.18847992485612516,-98.38249427507841
3.4139274009578093,10.494929496494041,0.968696062760759,0.6649523177727495,0.7448856772612008,24.001467019087915,3.076848208179282,1.2416742725815844,1.3445679811381457,0.7263729088327555,0.11199593805470472,18.99435956282857,0.1528712459067098,-106.5103602672868
3.431515585905748,10.265050841578011,0.6867321411811388,0.6060645745588613,0.7797141138444169,16.802955469112693,3.1341695850666444,1.1903223595224033,1.309201578101221,0.7433843907050663,0.4782481352631685,22.881669637719973,0.2025436415999664,-60.58084762670973
3.414518804953572,10.496557258850212,0.8825625538422478,0.6883715011816718,0.7193984712151769,21.74881754752083,3.1427615959837922,1.1802716371644444,1.13258408837751,0.71798024769827,0.42750960808269606,16.757693465760532,0.16059812245830912,-13.369374784939836
3.4311175939014436,10.406174023758535,0.8486004191027465,0.635231287980554,0.7280707425763628,24.59051666455177,2.967883134699657,1.1517665466764693,1.2993998430793836,0.769575469112482,0.44839625544589284,19.775047429539242,0.15583075389661824,-117.48158232081175
3.425680482834774,10.187652168586599,0.9245560111747879,0.5695441637500073,0.7597107361972701,27.739092988461238,2.8960779527733806,1.212561885664852,1.116490195503692,0.7953295940605711,0.1546384406755028,16.556718813105732,0.20260332589171884,-34.942556891964685
3.4325213948958107,10.708334204859025,0.7357309314692169,0.6565924348545376,0.711997557623519,27.324562178269574,3.1813613696977265,1.3688011754643203,1.369088130764758,0.7137784480278647,0.3316716341138935,16.657866184605354,0.17747899299571063,-2.831631217993504
3.4334304164211984,10.001515119427873,0.6702597438443428,0.6029002479930348,0.7446047871011936,25.954600874655178,3.237498302471928,1.2768514539364917,1.2325223581804825,0.7725482680735263,0.3175104159724589,23.104435162714537,0.20062221830515653,-28.987400551716632
3.428034798741539,10.138855867229651,0.8578016330440766,0.6942288525059804,0.757367029681637,17.051221498627232,3.135032329039241,1.2441743666833716,1.1868565349442997,0.7393359071641065,0.030687511158134135,17.648214584060455,0.16873342737269376,-18.042192482859207
3.4200970302377054,10.26072113187972,0.7783354578555131,0.5789241051700549,0.7134001586412485,25.68717911164098,2.906469714652137,1.2051141421735467,1.2204704153125814,0.7765023953167693,0.397636377991592,19.909371193819478,0.21424395575598057,-119.02344882595612
3.4394792001465566,10.705888060155337,0.8369127155951497,0.5433936263693496,0.7788954170210624,22.170548777134666,2.935882000481435,1.291985950411763,1.2024762336246837,0.7382485125677801,0.24225136629525487,20.49970883030539,0.1639079440942953,-52.59108761607706
3.408441235896703,10.389744200812771,1.024828180322564,0.547280956048818,0.7716724063970978,23.616975927863383,2.7783163448345816,1.1510180667373258,1.2419548468425623,0.764760004379135,0.37456855145060997,17.53467657449318,0.1836138911727708,-119.14839599532087
3.4023136811938453,10.591144869111812,0.6959758962792656,0.6702621435592486,0.7494761110378839,16.938026117509608,2.7121824245749964,1.178873926445901,1.1903921708169234,0.7466001730801084,0.007263130635315915,22.99888548102777,0.20543642643266463,-88.08281262873189
3.4113805157659676,10.30523790695593,0.7802617210243472,0.5517063108189447,0.7334162207268566,19.597262358775524,2.8397038408959867,1.3285557343315408,1.3324026419911863,0.7119893234046144,0.011796863986683937,18.25647397286108,0.16426805517657422,-59.08472884429162
3.435166206527451,10.398549207932358,0.8222395818138231,0.635004046267995,0.7317412389909888,22.3131092127354,2.9271094242780586,1.3363276971736027,1.1336914653945762,0.701258194542264,0.07039787659872,14.004564951562092,0.19300274894465097,-19.751837925976375
3.414797640340228,10.151989276563432,0.6973907796877468,0.5845160917670809,0.7733994080720064,24.880786132486936,2.975424999835583,1.1451701382579254,1.2428743455723086,0.7138430581530156,0.48761386969805154,20.141791834506996,0.17517515074701528,-69.81392011328592
3.432374187220377,10.768361392246861,0.9838397216534038,0.6128412178758524,0.7068080802887288,21.141118949390247,3.079235730252016,1.2832061458133792,1.2702217989004208,0.7091055971677169,0.006326852660872679,15.029889527888294,0.19790472425071526,-12.174313401844415
3.404198952194467,10.721578915949278,0.9028229736580757,0.6256851402488517,0.7402072606360284,18.629093509092105,3.2481861468008324,1.3596713471632857,1.1126735112785537,0.7821876775246532,0.30376609348487416,23.177518246935072,0.20523076780361557,-64.00693270945449
3.4167303993038725,10.17553136065854,0.9331460665944862,0.5521130723456318,0.7792404903284497,23.39726558536872,3.1968252583521735,1.306813802769103,1.1114905001940791,0.7970661756734739,0.03296948937531984,17.666496991729964,0.17151520916613722,-8.77931906003262
3.4290118639299534,10.765738320865207,0.7256466785380352,0.6066853934605385,0.7705373626842047,27.260220881301898,3.1407012177649616,1.150704070598697,1.1156773443827976,0.7236318307116775,0.19132070374692128,14.534045471336917,0.17984211713706605,-41.124230932408054
3.4310432591884776,10.55255049122548,0.7114453873248813,0.6991469144150141,0.7089615220751035,25.374841313695818,2.917340413068693,1.3196073109737578,1.145680086705194,0.7584835976212289,0.24072238155998624,22.887696158721724,0.1689934219697682,-85.63814670638234
3.4049740659453773,10.398862139088289,0.7491307423280426,0.6997875488310026,0.7118870151307002,18.21738207371508,3.023827031964288,1.2781533486698502,1.37686297311227,0.704143438434712,0.17917358071974784,23.398532921133544,0.18252609668723535,-39.77224617439309
3.415755511446633,10.491737987693641,0.7233579664676244,0.6039490521544585,0.7305644365540563,25.489899408440067,2.7189215328365632,1.1312146167324972,1.137791982346604,0.7341413006638213,0.4145387471305742,19.56429653011859,0.17807118530416047,-4.992241245701166
3.41684720998004,10.835348733633184,0.6781857065275395,0.6457464274715783,0.7684939569652698,15.960254276612652,3.162530481232301,1.2053630558265336,1.2134123068808054,0.7295499020073845,0.4797885732679015,18.918944415388182,0.20659974568936407,-86.07684017639195
3.439293260653099,10.69977041944601,0.8485508442842207,0.5677854528785294,0.7324191020777127,20.35000335896036,2.6772623340238693,1.3609025217044863,1.166631664658864,0.7994031260992887,0.47766052530044706,17.05563642337136,0.19154229198897088,-88.35149615989242
3.4211273048228024,10.49335227983225,0.7913785594626594,0.5851721860558868,0.7173669192158368,21.632923711325844,3.1836164411209054,1.2316467965136642,1.2166303483174568,0.7464366538659156,0.24362039357730136,14.69290048325265,0.208330778487054,-69.35320765353083
3.4196031217616523,10.773523320614782,1.0046960298335281,0.5608816069979357,0.7494593386508356,20.121650116190104,3.0735968191716205,1.143562127009453,1.3050899075337021,0.7270974812226136,0.4289177507796744,18.517909451956257,0.20686268899504706,-76.76325778852069
3.4367232512975616,10.255133537808325,0.9811605813182263,0.6440445916125955,0.7540923345102457,16.128280046530215,2.85431582976975,1.3714322706525404,1.2151903653892657,0.7676704760689967,0.07421915936780481,17.809512876371613,0.19596493846571217,-33.71779591089823
3.4043281916203387,10.679069962981432,0.8842677948618269,0.5553144229812951,0.7742466082616744,20.72777109806574,3.1426886160708425,1.2289174863912458,1.332542917884411,0.701560698881604,0.09898121449541569,20.5383753168774,0.19645233360420308,-25.10184762423654
3.4160387223543376,10.215505602920775,0.7265763076595192,0.5429046534137335,0.7262612924630887,18.295420087312234,2.7097366448971547,1.2219738215511882,1.1016874204863203,0.7944852090402971,0.18531290967881953,17.09043056676529,0.164899675621137,-106.78381224094068
3.414854109655973,10.484836589828031,0.7929758969548445,0.5929610516499326,0.7136655896962361,16.714256660887244,3.084812423211176,1.1558390123194278,1.2691631551133709,0.7057311369412882,0.0401502266682963,22.882634816938662,0.19873269435927435,-65.24806548482483
3.4149948892584523,10.766662526506142,0.8231293639959878,0.6292239088880024,0.7534768485780858,23.916103368066203,3.0111072234530503,1.2548072700421045,1.39971908433044,0.7032041125977189,0.23580246408525563,20.92494730826189,0.18480152127123925,-122.39145591934967
3.416496360665277,10.32284996265478,0.9806204036625781,0.6791759944019595,0.727543004400423,17.290526560405656,2.6560706783255683,1.204049529988413,1.342599959997065,0.7054492063810026,0.42930006707401513,14.301717816304345,0.18280024274027287,-21.733892422986145
3.4305799094799694,10.803458045166623,0.9616650885665399,0.5982489436307548,0.7354993165542194,26.122462566191274,3.0741009446727166,1.16875841471945,1.10748920989998,0.7185329633836448,0.4138799679069947,23.395671519819086,0.20904787141021156,-34.533019541901666
3.421108109278895,10.31066056055084,0.7105774149388026,0.6144057294803387,0.708120852502018,25.52431510213961,2.9215246188829638,1.1114944887363403,1.1091537081158709,0.7494718821109461,0.06968518425240987,21.985831154300765,0.19554342311770745,-90.57188144448524
3.4289577318759865,10.574749072191189,0.9085734481645742,0.6017008212576271,0.756890925013848,26.656978843405593,2.8067294684055746,1.3451586499019843,1.3199897119506123,0.7326109925694703,0.4221972505153477,23.262822815596184,0.19030081022271708,-5.373017479852464
3.4317535565943706,10.87153902896532,0.6506640951356865,0.5468933712505502,0.7510931552676929,17.404375470763192,2.656420044026973,1.3648711371108229,1.2819437279587391,0.7734637702154272,0.06740083967228258,16.324681456237574,0.18042113391792033,-59.51791566356536
3.4345956467156045,10.111712538725927,0.8100791003556532,0.6120074001499808,0.7657087821843707,19.88001849817712,3.182156967136961,1.1820423072011326,1.294405875642179,0.7203711834905996,0.16836528551930668,22.344773315774695,0.20437555496245535,-62.20845006349512
3.4334230191476527,10.49148541997031,0.6593150766504566,0.5427138480467073,0.7157861244435927,27.406048757242495,3.0638960889284474,1.2491639896096491,1.3903892764224728,0.7244523518957415,0.3259539951688923,15.6338966459689,0.2075939002902779,-34.51800514359222
3.4163411295487753,10.403447092977078,0.7702114180191048,0.5704158506074616,0.7035884526539549,27.203026877364145,3.0744428044329353,1.210180982592536,1.1732396556735551,0.7200098772605806,0.05310290378197904,17.422838861548406,0.19504875764044124,-11.796432353710301
3.4002193906094553,10.786530296880866,0.9829375172137969,0.6574834504614091,0.7689919389494205,27.789020988271595,3.0981581882554217,1.3830077325130594,1.352447741791818,0.7188330900779083,0.011601393052779513,17.63106024494752,0.20704873835789528,-117.69610214965883
3.4372760729700635,10.458263679574001,0.9016513633856096,0.5421670954446504,0.7595999822682463,17.57210025354847,2.6708415272083514,1.146271254079143,1.2591089171406318,0.7016388689978409,0.05791266242220184,20.185876543303547,0.1514821844238426,-65.09228091307563
3.4359216492057927,10.827437142435578,0.9071992683779463,0.6861167957370966,0.7432844407310493,19.142681044312106,3.2500505148392977,1.1141899270854,1.1431664269311372,0.7612016738374994,0.054542137974884615,21.06257143182387,0.15227733418214884,-72.06242808934087
3.421806712330921,10.814860838476855,0.8744640162934749,0.5468068641957715,0.7514609070498546,28.188098043625693,3.279537307801582,1.2083523226914763,1.1079975163952467,0.7972748004682996,0.10355027373486674,14.815487080531351,0.2126437500763449,-50.876593536310565
3.4149546688274106,10.289171171628785,0.9260342527922127,0.5401475215648688,0.7559718462980597,19.020532627166837,2.6420363419728425,1.3200572008979363,1.2941422561844815,0.7018045490495546,0.2576280674053461,14.810374717417048,0.18099423396632075,-101.1726995564756
3.4056508377092554,10.1171958749351,0.8425252345411275,0.6631082914912116,0.7527059728170526,16.57684403901496,2.91683799631296,1.381222934031813,1.3684560297267445,0.7716809965346931,0.3937728132960969,15.662087913439205,0.18593619108419496,-31.276970332991283
3.405034134105788,10.85668984519286,0.9307366812023028,0.5779430956819028,0.7757188649423186,21.164782998332246,3.0926542443701552,1.1353950255690184,1.3767641920609601,0.7129740141323293,0.010114726428823856,15.795996319355433,0.20346908370074546,-17.461703991629705
3.4265517647622805,10.510013781055214,0.9306570083123356,0.6905247071516751,0.7444477531578519,17.91705649661046,2.930892443891185,1.1569373610813196,1.3994270160385085,0.7426616510716864,0.28393760537674373,21.29828763449784,0.15606141628059,-46.14589294033182
3.4241928500144767,10.355262520623313,0.6993273390602271,0.6013074786551706,0.7209392438497818,15.681784311161318,3.1839307553763856,1.3388482730652664,1.2743853394165348,0.7911329263259712,0.31044998602706814,22.549819269337377,0.21172552718076412,-122.70417429804633
3.418650166414237,10.243886533113294,0.9864585338469174,0.5600678701297898,0.7238580932577355,21.453880372007117,2.9349883604606952,1.153651659994913,1.3781396006618742,0.7343179991578149,0.18020515094685818,21.70715472085,0.17131720848950668,-39.59322885297455
3.4089475562986395,10.368169041762528,0.6822796622583558,0.644837476987667,0.7135453687879626,17.529030643876467,2.6633971667983998,1.3398802939204795,1.1460980342877725,0.7811001511247011,0.25654747536508554,23.909284063533942,0.1701018298846088,-36.627025557291205
3.4155967276108252,10.048117226627209,0.7803740153566854,0.5505076667956089,0.7405148890056261,27.14593975342435,2.8909553194753532,1.1503612878225,1.3282956348480872,0.7044927525483553,0.32242855376712987,17.07827202719861,0.15118463351110162,-14.153368236548232
3.4053466736155316,10.859600687294954,0.6685809534839056,0.6844052486697281,0.7604265312922392,15.904298017559137,2.8288746460759033,1.3304427930141798,1.3910588442876617,0.7944408700274692,0.19711551760150633,25.175691345934144,0.1822079617740873,-86.94139823294267
3.4120790340742255,10.386722019954576,0.6500758810715763,0.6081009564908822,0.7587232665455634,23.126065827072267,2.6728550523707892,1.1064006821269552,1.1519416884199656,0.7497594639561909,0.1092945986178231,19.559470940773444,0.1812015978087594,-34.24546540837308
3.4226833152671614,10.891447718051282,0.9759693990852726,0.6326292495884687,0.7237541075253769,21.513618760406082,3.0976017988133786,1.1640752455197467,1.2933886803388486,0.7057736242319345,0.1750661873490085,22.634290004365443,0.1768534705728614,-88.03098132816541
3.4265128169562695,10.890967790132716,1.0294570012498365,0.6189939182264195,0.7395383857324264,26.729577965436302,2.6778357842825264,1.3957357396903973,1.133363424868639,0.7574079405698783,0.4639083038983795,17.63410841531085,0.1961885023325453,-100.0220229183717
3.4162590035099303,10.682385530054828,0.9967850965171611,0.6469720912278273,0.7789140652955464,26.21702437250097,2.940566057182716,1.1874461146537074,1.2485310184851328,0.737286056426643,0.47903835399390765,18.680014897203122,0.1565304246511303,-98.29207419876654
3.422926473904512,10.352055312844378,0.7605080748416735,0.5570825961507205,0.7762761191611963,26.921625223146627,2.643624695698258,1.1551117913431448,1.3025757285308983,0.7404569112340554,0.012906784433776455,21.76271094575958,0.19810468844076062,-47.90029429488001
3.411326657295167,10.37796118641414,0.6980982462981792,0.5944821203175896,0.7465554999751349,19.77703523235764,3.223396576258394,1.3316899388112327,1.3679679285317339,0.7695450799741148,0.13221678712536122,24.853992597054056,0.20816933188983594,-3.3435205464878237
3.4386819536795095,10.30173926295489,0.9262058430033645,0.6129069947181092,0.7064956808256302,27.12511513195473,2.8585669770396134,1.1169339248282915,1.1107553610642233,0.726810321035499,0.2322658819296353,20.791712565959074,0.1778566612815769,-17.03633040313872
3.4371819151195764,10.019144780196687,0.8147130568881151,0.6538105927383207,0.7657511747195846,20.082810371313776,3.0522282086012686,1.1987088379122746,1.171662165402613,0.7144458138903561,0.48662259983125983,22.429633893058114,0.20473712859101414,-92.40071819032222
3.416493281051219,10.503330002620784,0.8015034414470161,0.6056472481893224,0.7126467012738541,26.73561537781625,3.218093748556909,1.2329236238201589,1.3788231635924382,0.76297579233413,0.44954343180766043,16.948577078363734,0.16699154264134203,-57.00738525672273
3.4278159389436946,10.038275906917843,0.8362439649852946,0.6786387213648838,0.7191320916364018,23.76339315985225,2.8576181809989922,1.2982038631130393,1.232500029630131,0.77392752838282,0.3787081476609318,25.03107594980634,0.1551061175196897,-68.57587404982773
3.4292824807853366,10.248016476353042,0.6707109388584261,0.6656212300290496,0.7680406900562377,17.07649153553345,3.0866191971460752,1.385309839822063,1.1958411934231012,0.7552241766978169,0.05343991857875077,25.87423038716782,0.16784180921965886,-72.70042916484283
3.4147625690482566,10.62008297850863,0.9704999982941664,0.6944885542749575,0.7738217893270186,26.826732257847333,2.688815637149198,1.3682132128178492,1.1544132128851363,0.7945013514191108,0.2347464280268215,22.39154129795065,0.15223586580771492,-7.430312879783585
3.403815110362423,10.710306352507715,0.8121797235723861,0.6438415081327851,0.7374588657411567,23.683411887520435,2.958301647843561,1.211718261838527,1.1293381191569354,0.7419147110314162,0.008309423399257762,24.98702102499992,0.20070177939874373,-96.7615880028705
3.417598229191029,10.10375733857002,0.6936311315560713,0.5503221556925214,0.7257627932755558,17.198491601405987,3.1434128126091556,1.1553018886619293,1.337730376916503,0.7412507200912831,0.36588690865660006,15.451131597327445,0.18798623556214386,-45.85996326454082
3.435584165959216,10.221029072182802,0.9506738470752423,0.6532238772052787,0.7535811249559048,27.73311255552895,2.736767322828415,1.1186125207417816,1.2665437059533093,0.7571250506386887,0.22395445091317576,24.39700641798496,0.18940348431319703,-98.44793532436344
3.4000515030699723,10.094102627970658,0.7329588499613192,0.5853158734293379,0.7609911661741007,24.858941309056885,2.917734193309367,1.2281406052556765,1.3252438029682456,0.78713223401093,0.3303415731956577,24.127480852025986,0.20652078700480234,-57.73562716679116
3.4015728982996234,10.30994763614573,0.8539438584227127,0.5952536485556112,0.7098810792895188,21.18912525875311,2.939956934061281,1.2442091696778252,1.201797622283063,0.7428488765418315,0.2156162173767748,20.276790150291674,0.18544908739292357,-53.89665701962112
3.426092548918372,10.563617778586007,0.8030755797702227,0.6545505292916611,0.702462185081963,16.892309564438428,2.8269756644807815,1.3551943962242687,1.114602972822247,0.7590637421705329,0.18363850022657502,21.95285868441905,0.2036378230343883,-107.48012489689327
3.409394071612154,10.770855809965981,1.0213221688106746,0.6775480918373195,0.7382930933066215,20.679298421924535,2.8262520243654667,1.2355655177802745,1.314023492328006,0.7041853365037996,0.061472963204722245,22.649281872449343,0.18781502226744098,-114.42093808478025
3.406029457598148,10.311484895735523,0.8649353500646643,0.6147638439413666,0.704850077595291,25.072705026917642,3.1448398461433706,1.1971433621160534,1.1745782483261813,0.7410121716501,0.1424517280643981,18.580742332067224,0.18716391323993747,-88.39947729483524
3.429478399919493,10.535406635637965,0.9743883221639527,0.6494336965043189,0.7106655345242844,28.304823592252383,2.965594875261395,1.3827198515931476,1.1108689132707399,0.7981713266597756,0.49980869104940673,17.301825490655204,0.21363836330501484,-53.18627790011064
3.410122866385332,10.647283792066736,0.7010602189589302,0.6555235175221912,0.700490290723612,25.639170819723574,2.699726862347737,1.1869902465975926,1.2948782517104087,0.788021462088583,0.3629905554791989,25.60509894388725,0.21665112438610742,-111.70623814705564
3.409450093585721,10.266024265564957,1.0275845447485121,0.6945273553532239,0.7116532449084026,24.382721973146147,3.132047294774881,1.3797018166899333,1.1316503928992026,0.7715437015832304,0.30650686400539556,14.032774931824179,0.17382115085707123,-15.36285855514626
3.41246316535779,10.523777130480598,0.837550738066095,0.6160964248761887,0.7750002540805627,21.18433786772298,2.8206366561399885,1.2430759984470587,1.109574251652365,0.7873562055170271,0.16355608878164804,18.806015718946142,0.18431802301946837,-11.048331055252959
3.4019597989843606,10.202821181079361,0.7856384352882182,0.6907537018157164,0.7601483661922007,21.534016050930536,3.1066077880891467,1.2234598829105754,1.283856549236901,0.7991297710408221,0.3914844179653234,25.463635424632194,0.21603239858417508,-45.415368693628025
3.4313486456337405,10.109554361838782,0.6783393504550806,0.694171949208196,0.7126364062928502,19.657046272938096,2.999000479909319,1.383823882500292,1.305171808648679,0.7729315160274774,0.14633199750341294,19.988925760366783,0.19227555914086125,-9.236096211250597
3.4228437074321865,10.613900072008398,0.9604848777659183,0.6953520360876745,0.7456707018684617,27.37253105253061,2.7411997708568014,1.3199257819966297,1.3069204697756494,0.7825476031211156,0.40630034014220806,18.88425211271296,0.18143113952040474,-114.84386704412702
3.4218516592202795,10.898962806577543,0.8287673532471697,0.6809799172345886,0.7488121228699123,21.681065329670155,2.807173510109545,1.1755726366990742,1.3027231658108922,0.7549683488814329,0.3315704960167476,22.28096246065027,0.20650280862827602,-114.44271789555128
3.4352685135315775,10.52228184287703,0.8708258239614298,0.5924932964911912,0.7321024231048661,27.153041160085316,2.8812555525284917,1.1415358676315903,1.2199208738392808,0.7450173191740023,0.45404085406543554,22.175359150032488,0.21084114837566226,-21.12180247544478
3.430497409087877,10.788316138616922,0.6688743526339982,0.5753166578140704,0.7464354125946826,16.31992318938574,2.6746413155626354,1.1780641927408606,1.105402862349212,0.7484259456733944,0.01834740954087143,20.87608487024496,0.21095715706285162,-82.59960533368218
3.4053891515181394,10.451874198249065,0.671706689141828,0.6875403174282155,0.7275677822686838,21.37990069906121,3.1672986642435967,1.279546064653685,1.218036505837613,0.710616018278581,0.15285736103444783,14.038533342780775,0.1845647268754753,-68.70926911599192
3.4107770188572735,10.778536576021356,0.9441593661901231,0.6639968338285196,0.7496874363820826,25.87047585889946,3.219818066684617,1.3465161339198395,1.1303772510344672,0.7638814937445002,0.33201742039410387,21.164151659060188,0.16889997925804168,-58.51883764446559
3.401146777031911,10.558635444182157,0.9385018946824579,0.670644710431513,0.7795040973970643,16.94153804492731,3.021454620353589,1.366385385380243,1.1937553223510213,0.7555450580332526,0.26873875400425123,17.52347341691833,0.1534066713165062,-97.74511908172691
3.406112105939548,10.798935289646654,0.6802509107854594,0.6106403412765258,0.7499061481992539,23.510351697644943,3.058909867764716,1.267086806382902,1.3704344342817123,0.7391676313592942,0.10446819833284818,16.550598367851,0.17516900115581335,-76.98962891237232
3.415534313289737,10.786346604754645,0.7438028999843386,0.6545393017033414,0.7075894885651698,26.57602291129369,3.0014272338006887,1.3732685528349522,1.1633758538517618,0.7904987984792909,0.2327767135650334,25.647794787700306,0.2157505321298117,-6.5032757141814415
3.434460598690342,10.420022722572913,0.8865416028085098,0.5922112956025543,0.7532386850348383,27.151703860059975,3.251889919974994,1.2139039928081983,1.367311983646204,0.7814954081771576,0.4524770749691464,22.102407623365917,0.20681368457965407,-29.205443774323484
3.420396404458415,10.644420787323718,0.8471829908457904,0.6906168884581845,0.734800328358657,24.067287992178976,3.086809537272244,1.1954355528236282,1.1287753048998526,0.7976356585999108,0.4474739765831777,16.98630773323414,0.1944422485622509,-62.317585325986116
3.43494376441562,10.503598214570692,0.8140250538887635,0.6705548592135913,0.732147897011577,17.46892772125405,3.0002724754431056,1.1258985231431091,1.3438546860260148,0.7121952814303955,0.21139030879474652,25.51309942311434,0.21577552343735856,-120.02195604477453
3.432031093304895,10.168718072013505,0.9643685496596561,0.6484555983267225,0.7137601208269159,19.62202492822151,3.1986398237553817,1.1270030480377162,1.2323654038265226,0.787389493023482,0.3481337493765663,22.4162886843431,0.18660878879043075,-0.22598882010882448
3.4210139297373137,10.326707385764493,0.9743525382857887,0.6135170832782166,0.7347134483109639,21.880909571392667,3.1753093781337105,1.2820482625102807,1.3737821767322507,0.7114810210755268,0.02728971058389936,23.64933440954573,0.20245054861289566,-118.48764086148023
3.405710729907613,10.294051667053509,0.738525747690678,0.5443637383330593,0.729619842951463,19.574954254490997,2.9959952225711857,1.1847098011250778,1.1917138159889238,0.73247357646527,0.17465563108294277,25.626317703850603,0.20705768002483627,-8.016156391624847
3.421679010125036,10.861783298788078,0.9470140588079324,0.6954872614483105,0.7131081269273615,25.218680828254726,3.161243665627821,1.3895977257249852,1.3858125209162242,0.7427738589673558,0.2856772643209762,21.539286444468093,0.19547301390492597,-66.4920206042336
3.416449473684256,10.555913573015095,0.7512517094692848,0.5691878267491558,0.705869973162594,19.90244018481299,2.8578283045496082,1.22448629270901,1.3990777120319797,0.7015158350006312,0.2984935594670459,20.301053304739014,0.1809789752975758,-23.93577649602659
3.4038542728943364,10.788948827932177,0.7257480503481484,0.662976468876793,0.7213342952296999,18.294363762963652,2.8259529306704336,1.1501439714948947,1.2175665800287523,0.7423068254887586,0.2125394783930968,16.76246325457204,0.15964503619192896,-94.7381148244327
3.413000719706043,10.07970278319435,0.9270606531391357,0.579791997691897,0.7356179738703987,20.19911098298558,3.257581534734677,1.3303651811258408,1.3005133299589355,0.7500961916807191,0.08324983809365982,22.822796642111687,0.20718834100435635,-36.71447658476042
3.4320106540036948,10.735902188377223,1.0120939282698944,0.6216212385715351,0.7053048980532568,18.716222188589356,2.7593609615489023,1.1777078691708172,1.203938726965909,0.7903509868223386,0.23244436874956534,19.486525767542428,0.20610183633949086,-53.93446614447835
3.436697078270939,10.176780227521771,0.6595955583832667,0.6308643007922708,0.7635747108639229,15.972859918326249,2.8274057152282035,1.1647222643870898,1.1637741500157532,0.7895884293597544,0.2863365805471327,25.102041596009443,0.17532683862404086,-4.2620322781964575
3.4375929283370357,10.528697622921474,0.9969146281171899,0.5798783171681338,0.7541153175765983,20.84108912134849,2.819493393396212,1.2611831253028445,1.2053244623155985,0.7607198003459575,0.12057763538748958,22.036808137059566,0.1679672600619161,-83.82168555482401
3.431816279340462,10.351743277134423,0.6834841320399235,0.5746864076853304,0.7422151481173805,26.872993651748885,3.271192273733433,1.3703787620205907,1.3065105902688514,0.7925571035398737,0.22941462769916499,17.828547205542026,0.1828422528360717,-66.68569088474332
3.4007920958798787,10.175786513207957,0.6808584531771749,0.6134374582733135,0.729719793212281,18.43290577288065,3.118655050685785,1.2803770986350136,1.2327955428247772,0.7850298919826144,0.4369409479086974,17.903311845654656,0.1580449945724953,-68.53061092627871
3.4339945853685716,10.6756364676909,0.6735689183676064,0.6084476712637954,0.7639518690384511,26.320073266583314,2.770074352651914,1.100832744787462,1.2048310333557715,0.7936282838162567,0.027809868580471585,14.858683307456184,0.19308513355645682,-122.00479173197337
3.4241184874894888,10.596141972945116,0.661152490947974,0.6346370329267803,0.7640204037268935,25.271283960499673,3.092963178839304,1.146632533887889,1.1749687708029175,0.7814430813235126,0.24934670962217004,18.086703707445885,0.15374266122630256,-12.797703543314924
3.438745124805978,10.338629416261057,0.8313958442990887,0.5695353963741187,0.7108707022501382,27.5255300760766,2.6433804392314446,1.1963244273164677,1.1455040589477563,0.7383164768027659,0.31069821774022516,15.89896379115443,0.20210534530079077,-95.01439498576946
3.425826405078432,10.457303863381583,0.8104972418245,0.6393332702496368,0.7164928964388418,22.78128116627568,2.819569026820442,1.2957092705114719,1.2277532995100675,0.7455006787036278,0.10073581225087305,23.741586657437022,0.20889426094684785,-115.32770218555947
3.413939525517265,10.59600181157839,0.8375812470816926,0.5653152788665664,0.7053175017887698,23.525489470375945,2.7868768397438535,1.3847338206726056,1.179521627259013,0.7773066965333333,0.1423305662364828,24.559128391089573,0.17935510615516848,-89.74585947688357
3.427976499806247,10.67061702017251,0.6982905323774681,0.677795707333993,0.7153351076791558,17.273031673336668,2.7622740898290474,1.3150009284692894,1.342913837695672,0.7539984798972451,0.4678196970044569,24.959926773864595,0.19114025302115775,-106.54512678365373
3.428934778584714,10.625356650592387,0.898751989281989,0.6657108322813857,0.7089849606257432,17.359743142453077,3.1305767509162044,1.3518067905917364,1.3557622159793348,0.7622214477495824,0.09315419206198546,20.44324538430703,0.18301335718096823,-90.66648568895454
3.4185351252464726,10.859141577816509,0.7067777634806378,0.6471517182493941,0.7163706621037895,23.816298940562135,2.6805423534685686,1.3171501470987457,1.3156759700549028,0.7343593644279567,0.2151679472884583,23.28719322509187,0.2006321994348319,-54.85502560240894
3.406478960764283,10.163418242794332,0.9150810671963103,0.6901962662989111,0.7281110801865035,25.754506275833137,2.700161061111745,1.2030296899730553,1.1794277160001814,0.7557372063292168,0.37201449792144436,22.320044372843753,0.15059173754389524,-3.0145620470285905
3.4204016701132374,10.438730972874916,0.9755912915289923,0.6113380615347486,0.7085746787745151,19.46977849843057,2.718163661313661,1.1557211010980277,1.399030653826796,0.753874589988811,0.10866661189296745,24.055817638056638,0.20132836768834794,-92.36572573800134
3.4059990061332663,10.519005698403218,0.8456487015667786,0.6607946438003726,0.7023332490460298,18.028518182985035,2.812114231534443,1.2495718525030408,1.1659240950688508,0.738543174405976,0.28558773558941214,20.264694674205167,0.21921621023791132,-99.29671754240057
3.4340784893514815,10.671873026659018,0.8700712430069204,0.5737593574376375,0.7146953611698913,21.432597784887236,2.738119274778745,1.1081120014572907,1.3478296147870772,0.7304653255792558,0.09383479191729154,19.979434602660163,0.1667689411734119,-24.687852549321093
3.420338967619515,10.115699117617138,0.6520208566163611,0.6280717737715856,0.7052251282013744,25.64042601791018,2.9129660530569623,1.3594184071196591,1.160295166062409,0.768521252655752,0.09563286856313793,15.363205540953032,0.21630974497932182,-86.82611299325772
3.4001673585470944,10.41082981178102,0.8804852686697738,0.5582518713759363,0.7649470391441172,25.63029864649234,2.725840803419293,1.3165905429187286,1.2561176257966238,0.7945718066800362,0.24281057143894944,23.33755265101292,0.180858935243697,-104.71615647768604
3.4267520711679653,10.465154315609492,0.8907844533897741,0.5637037143446751,0.7083831363214128,19.877719587129175,2.900454129435293,1.2207462197909122,1.246003476741277,0.7179904978044772,0.10670337228165751,18.970357032650888,0.18402647703409816,-43.14746201195214
3.41659469498568,10.857807274703378,0.6869672177486833,0.6638485846530129,0.7281520360513972,28.37924004942411,3.050461266109374,1.2476849445732303,1.1525498105207361,0.7736818005535332,0.28775744024414024,25.947165927888427,0.15892226173657792,-82.49506479126838
3.4105307935862204,10.305025542498012,0.7218079444626814,0.5602568294927095,0.7229870128236051,25.307931926457503,3.2777614066350287,1.2127880806546556,1.369250993901188,0.7742491161838624,0.44019204083326696,17.11275204957366,0.17647700588751586,-38.8656682530947
3.40003729116572,10.254855022821724,0.8662098915414236,0.5828965439683693,0.7061009949129458,15.935584072207396,3.1606711337175355,1.3106500900698006,1.1280899287504205,0.7365514105736324,0.41012730954432564,18.18810117137501,0.18180419318735958,-82.649344544551
3.4290016396453535,10.125026064127555,0.7111537745417638,0.6613193941029848,0.7487934179244313,23.66077358519268,2.6706685024562784,1.3911858175264786,1.2366820655044353,0.7847723917826847,0.4853135336408831,15.098387255350612,0.15759362759053813,-97.88492961900553
3.4034455399443004,10.58714778728996,0.7958581097332446,0.6381487313166012,0.7161642026322793,22.226549228720557,2.959905848166039,1.1987333910292626,1.3661461885945454,0.7162285783776775,0.1946488877976578,16.35921654975865,0.17778830537813273,-18.50916161332566
3.4269729399890525,10.680402706975975,0.7347607841969638,0.5666152664278565,0.7397618488884758,16.827866847217006,2.9246234583993025,1.308340063653045,1.3825113427520535,0.7953900172658496,0.16762499024965408,19.27785991803125,0.21027900355169205,-70.132667272963
3.4014340568604178,10.890244279898107,0.7182605883201368,0.5889423292982898,0.7695025161873899,17.495362597472937,3.026375068301894,1.3140043671155985,1.3555539699580827,0.7365349713353707,0.21194915955790763,25.422028737238694,0.16148879170298108,-14.59994022388824
3.411231843874744,10.330878892886288,0.7779121556186968,0.5600498424659789,0.7236661571830634,19.653906943112286,3.138625724603736,1.347627626171732,1.183414317826689,0.7662404464116961,0.10301625809881398,17.155207783243362,0.2070224087179006,-47.17540972460017
3.421503405110129,10.32937641790196,0.9044076387997084,0.540109173952315,0.7451756194048894,18.876293792549568,2.832636617518008,1.2938132229080872,1.1735145718791822,0.7871449459511135,0.4170394287382012,16.88902055775122,0.19939851626605962,-69.03563395936033
3.4150790107829128,10.723874740756978,0.8619364496936167,0.6188380191874471,0.7140955038675255,18.784781868931905,3.179394615127391,1.2599795374565124,1.2937820890093192,0.7920187248872724,0.4331920659202969,18.269644514450572,0.18679399393056265,-1.5748118484944342
3.420370691408653,10.858035306450605,1.0061609799661568,0.6317889023639044,0.7078954871141154,24.63624447790731,3.131867967487294,1.2315945650469586,1.1313307419189527,0.7412285650411009,0.2423398335590499,22.18835711236977,0.16829650781363154,-123.90531927022784
3.423487383466897,10.578933603643085,0.6665823493170017,0.6285527198063073,0.7474288927197844,17.887971538087463,3.170051220075865,1.235447320031786,1.1174250621172952,0.7846713765337913,0.22913278233550005,15.970238192530694,0.21914148350633705,-114.43050242425088
3.4066583718122043,10.664631486970483,0.7832066291496187,0.5487942517300405,0.7070173776853657,15.845330249400764,2.983085681665503,1.30227322410999,1.1857616400715352,0.7369685364641194,0.15996531279166643,15.907796098926365,0.19433163391227337,-11.247744683794508
3.428743489524758,10.668123117307974,0.7915696099458543,0.5621718249715029,0.7333180702014949,27.49126808406902,2.741618227487895,1.194083791986065,1.199269495304476,0.7891645169633466,0.0857822043856618,24.724397087681048,0.16824902704040115,-8.544742855943525
3.4328142523571126,10.166179709391907,0.9682639596307306,0.6655984329856364,0.7693198855864675,24.22622460500787,3.1481775613236156,1.249705961621094,1.1853052577265153,0.7373343182634241,0.012285460980024015,18.37274528183304,0.16727717871994685,-70.81951567794525
3.4035071869354745,10.662239746350387,0.7049531494008835,0.6303547694459899,0.7545047282372419,19.383885540023645,2.6756797191577535,1.3071847108261874,1.2298777239619232,0.7322549855851179,0.01197616620720947,21.961631198418708,0.15656315421955302,-102.57212423759671
3.400491034497995,10.709218416450131,0.9809547923322643,0.5633391789777943,0.7685021872788799,20.81533193784382,2.9765376136631403,1.3845042880735696,1.199110903350318,0.7422265582331478,0.43089117616703504,22.976782209589473,0.19799118842337934,-12.138786326605043
3.4040174536704897,10.437394817582993,0.998611220549193,0.6483382854741978,0.7392719542506944,17.74976747767916,2.7319300125852735,1.266028780189348,1.2698748413048468,0.7779192334534536,0.09134365542872212,25.96730696294386,0.1910438818019185,-66.99038186921385
3.4380011112988735,10.523091040312808,0.8718622124368456,0.5568192846719617,0.7200625343180872,21.06328182106031,3.1627339779239527,1.2050042652345236,1.3487266171651313,0.7679144490899011,0.47592547333584917,16.87229201582118,0.17621300342475493,-111.24671360386995
3.4367379979127017,10.556810006562053,0.9850023664709722,0.6401291907768358,0.7214327217653258,19.511963471802385,3.229118021749446,1.2895079885888394,1.3219304874692244,0.7141914064644335,0.1879302878283729,20.512688622920397,0.18787428348946505,-90.1543894581234
3.431764818819525,10.265433696237903,0.6628823628462603,0.6383444227614279,0.7547088339999518,21.462949488346972,2.7485572450376794,1.2981173691541197,1.156061392649886,0.7736992174978299,0.2038919355252534,15.547072961188027,0.18388500237131739,-117.22172668080036
3.42730412945777,10.089823458787667,0.785685074362072,0.635202671059647,0.7248908710661535,28.355420980984867,3.0819047369221693,1.2295206468933462,1.3471862806928796,0.7855578520180917,0.2852250690509219,15.931592933490972,0.2169550472073169,-62.0178536578725
3.4375066000056917,10.32774947965083,0.9364705420637189,0.6329009577485685,0.7382454163960287,26.0998179696748,2.9657524626841245,1.1153713153403555,1.3458281363992075,0.793763941765969,0.14158261958788687,14.719962555373666,0.2062283892368329,-34.41512260102502
3.439891382261262,10.858962095997988,0.7669999344672693,0.6427725373591564,0.7709821129994524,23.941533675122088,2.9387042994860755,1.2881715424383646,1.362248979936012,0.7025719952167702,0.3774760015166071,20.222078863615273,0.17554338049500362,-16.015231078516862
3.4074701936147003,10.763500515352932,1.0153865174177321,0.5612130553643342,0.7032251821524318,25.94440230628293,2.7473742882264767,1.199238072207792,1.3291735811194818,0.7922844181325727,0.4895271924616154,23.879795982829293,0.16087352827050694,-28.326812072619873
3.4129349688052417,10.768831759197269,0.8428862490330578,0.5433804142869966,0.7607410243498188,25.38012006498918,2.776779682622642,1.3379280835253446,1.3807411207753884,0.7382980572051798,0.0898799105110962,18.35256633055136,0.20034090191829057,-43.183163752423354
3.4339317824361624,10.720572742635477,0.6790506278686519,0.6627712315099785,0.7641609088405331,21.703324243580692,2.8223647299154746,1.2609245774589448,1.2033261488193894,0.7722193158548722,0.10622607051527133,18.052283574262766,0.2099268909357556,-87.42915969573995
3.4022694852802133,10.257340391514559,0.82510534541618,0.6149461237891961,0.7011782344996679,27.936909309407156,3.078957788021686,1.2970996836779063,1.2598941169527038,0.7872816827890657,0.19403803492958596,22.50159841036222,0.15778398525173312,-5.140625660025194
3.4316681782060257,10.221866979929972,0.7462740188795257,0.6042470412989466,0.7704509726229586,20.47427581158408,3.1582542579332467,1.242169877241554,1.1539283431685137,0.7830004547875533,0.4388421839575315,14.138227831924016,0.18562486685786103,-77.79752691877579
3.404605354013192,10.506522217384163,0.9739710569424139,0.6321979556456709,0.7439746736200338,20.010586937739617,2.674931105306148,1.1603146873242058,1.2700802617440219,0.7851753612244229,0.4006842543988901,20.78062366490932,0.2042343460938429,-113.03913953173462
3.425812988432158,10.2881825725528,0.6879148799941237,0.5578165723586928,0.7356059707308727,15.525913119313469,2.9775621674438453,1.1704932555987633,1.2184937239222458,0.7558820015909304,0.33519963417777,18.13242717190891,0.17308566928053837,-71.57666514584906
3.421778645339593,10.502697965819758,0.8027621251317263,0.5795058586659786,0.7127369617612548,18.122728094450103,2.6825152086679416,1.2168629217993987,1.3206230042181752,0.7139300056660948,0.4039208829977217,18.712749155289934,0.20856939803069408,-1.430748281335326
3.4259869841158044,10.601353564521922,1.0081699915576112,0.6897343133970799,0.7580411444095022,25.226489923039686,3.1734458806072245,1.2072791957552513,1.1012565214302557,0.7738341867924386,0.23525425104838854,22.0708340568574,0.16464773549673078,-111.46178854117035
3.4166706248909513,10.871440377505479,0.9906898067862733,0.5681657552117132,0.7469416114157215,22.856334881151504,2.9205852181085676,1.1021328557017884,1.2246609470080456,0.7435177877965059,0.37738627024003174,24.508297164159313,0.16375412606577514,-83.84917200463494
3.431833869540356,10.845872663669756,0.6967249013023495,0.6111660384021476,0.7660751138433273,19.904718077099922,2.8542180068190675,1.129268517026068,1.2579739607800404,0.7416151825338325,0.11593446887886376,23.738669450549736,0.21587960366000897,-112.44683901955202
3.427051188925864,10.531855093398615,0.929473873807547,0.6059886862710605,0.7135404440904024,19.012907247805554,3.2738197606526946,1.2578615964789073,1.2707751664476041,0.7048019903216495,0.4846529781968725,15.95663813042877,0.16043106868174525,-39.20297617928179
3.4010381121915714,10.736694720323454,0.7651713556869105,0.5686787367850061,0.7777652798071513,21.495142862601494,3.2027897720016623,1.1830951425661456,1.249395731805988,0.7415094052419029,0.15683824748803973,14.211112439750677,0.15441217633975707,-102.24792909341454
3.4160451013619886,10.799835187155386,0.6657255681983386,0.690779023881541,0.7252535060319687,18.174369074643547,3.11817462932226,1.2388668966987355,1.1201025647436798,0.793466823957076,0.17586710498352545,15.301649979383368,0.21796530364202726,-41.988823009051
3.4141679079584732,10.688655006293853,0.8286543031690127,0.6199040296463427,0.7689935618502659,19.360286610299653,2.665998667914879,1.321309357247184,1.3603498087795296,0.7977097265468149,0.4310041035527382,18.412053518209706,0.16251038985036478,-117.84458311264125
3.422670382056314,10.604454876183754,0.776344093527446,0.691439035792688,0.7647037911453782,20.257369910241188,2.8593569635222913,1.2920918981703833,1.2182048457588939,0.7810227167959619,0.13496450683385586,25.391209162964614,0.20850282851481453,-50.96217148863464
3.4322773026973374,10.755303967866489,0.845264597129408,0.5806723368761915,0.7542316975669803,24.64038311655628,2.710947621060861,1.23378344925982,1.1180465802858828,0.7225380164273493,0.4882419049481233,14.251057525589955,0.20989108349289115,-51.62219864049811
3.415126566100868,10.645309151549808,0.8130271382776748,0.6175130824101424,0.7201355663450892,23.89006237661839,2.8412322431873833,1.3142618475641819,1.3628326213113513,0.7601936025664731,0.1031908129398507,23.087611991716294,0.1772213128552842,-116.65918767765082
3.406499919496734,10.638296129238531,0.7000786431706556,0.6078078747514529,0.7325330584576896,26.066372466365294,3.014278807375995,1.1027236831302873,1.2503970408296128,0.7948389925980441,0.31150429970674287,17.92461809159785,0.2052980368939002,-33.831648088353106
3.432328839737149,10.432197673741305,0.8310857268372558,0.6349701523255832,0.7248643771504776,25.948842256368383,3.088731258111984,1.176645486579431,1.304377676158477,0.787812700109119,0.48672835350532867,22.046249903177532,0.15745698176718226,-94.7563000601385
3.43054625086531,10.25741807567959,0.6996310601434134,0.6766025189073148,0.7725257541417052,24.405105889188565,3.1512578302042247,1.33529336185976,1.1429848735618704,0.7039711084415742,0.0833640888190784,15.738251116126683,0.19661295932889739,-18.799546610347647
3.437034412276618,10.745242050895204,0.8680242447203009,0.6519506296059611,0.7309790012375557,19.168132779241997,2.9801251699597913,1.3490094594748678,1.3838416370473734,0.7497025148418875,0.13956023213642882,16.08563049313103,0.2144983250570788,-102.58332482644741
3.405736120973197,10.569388677638898,0.865873649602019,0.543173691267976,0.7130192146627923,24.52021518528918,2.8985634871548607,1.2239383383089308,1.1737339007128305,0.7154337377837052,0.41421515024851646,21.5436148885082,0.1526319112622812,-37.787793406577165
3.413837123815635,10.4886964338902,0.889453033782946,0.5633253227325176,0.7314471536545216,22.99611437664985,2.8146237968149115,1.2083212963121404,1.312129923089538,0.7291838032554384,0.181391427546719,17.504333238672885,0.19957277472720886,-90.90719994973715
3.4116751281250846,10.602605052202785,1.0275561400803412,0.6723705646817226,0.7369156965809531,22.281185869408514,2.7148380435097224,1.1192911209416283,1.162112812292937,0.7962245521905016,0.19072653729931585,17.937983398486537,0.19146299502179204,-16.05311893235016
3.42818488048384,10.28454823336329,0.7007775265475189,0.6737132956602756,0.7673601639414563,19.780474712198902,2.7314568401805195,1.3313150632637836,1.2187628185046702,0.7558172109968228,0.14130563038649782,20.038107424289002,0.2068689665613876,-122.3298977696905
3.4273934107011668,10.380951382805064,0.9967489327588073,0.6718830808889371,0.7080217242015819,24.413995433200412,3.0386414657855836,1.1729119527087257,1.2565004483830269,0.783518352217777,0.10984417783286667,17.176979380912407,0.15791206629314009,-2.6809967865927433
3.431575741716183,10.635833278837657,1.0156782531326112,0.6090592935241066,0.7568031942966486,22.043721233963502,3.1085517224198393,1.3354963624539598,1.1143859516034433,0.7392558924737802,0.07928372651345324,19.362620171296058,0.1865646184166078,-15.08472655279229
3.4137126521372827,10.201323523112295,0.6852022526289706,0.6942711647853081,0.7481497615666939,26.211026056503016,3.272509980961004,1.3112003247876576,1.348992632874754,0.7759058459598022,0.40808040329174655,20.056806964221437,0.18907619165778228,-7.54942971605611
3.406811925410254,10.314011692832402,0.837411414409869,0.5438879594650483,0.764386615307058,20.055280837226842,3.159065249866964,1.2840051575225906,1.3219533289516492,0.7731565170592412,0.13691202017747245,19.58734242860185,0.19089632023786818,-58.9588458650762
3.4018249190639778,10.099945416634432,0.9337869446063142,0.56737053986142,0.7633617722818464,28.336906410077734,3.2000649180301344,1.171503114588238,1.1672692167901946,0.7742124209515335,0.43993002201912557,25.37444993166082,0.18367930632835866,-69.78570715744574
3.411238382719668,10.690088515701378,0.8460303185098944,0.6290334485430955,0.7289175634235395,23.36998290910401,2.723807071561177,1.1529540895287078,1.3282012430339292,0.7996605791990208,0.2643969546023624,16.28359506939145,0.17743084918636604,-80.76955083414254
3.406812051190696,10.711025071638817,0.8067975416444783,0.6002592192772201,0.7404311726066205,25.717109968677573,3.144918010414223,1.1065226443308438,1.1413488230166136,0.7664247534092424,0.11051083139203423,18.31068622710331,0.2109178175398262,-81.16489269766609
3.4372185101000365,10.071829734492399,0.9177995941694804,0.5698304333055328,0.7772897079499502,22.71126851934782,2.9101615912401897,1.2003737962010284,1.134373964420515,0.7371607205964934,0.4978201440382764,15.732170468690555,0.21248263046091864,-46.717716449572464
3.418823004325698,10.263035326702786,1.0074280262784934,0.6653578962484119,0.7575646301017516,25.34065449405494,3.0252212831348717,1.3160324057440274,1.1003017535288788,0.7020838269868089,0.4023520906671514,24.232662899690858,0.19361076832599494,-88.14635035929135
3.421262244607166,10.521908264540635,0.8293669808239668,0.5857847570490511,0.7170811655347133,17.74424219892579,2.8779673129236816,1.2946566330092466,1.2254493756482694,0.7454642644352547,0.3423945291913027,23.374415437117534,0.176318962215321,-64.06530890695106
3.4112533439661936,10.593274693086165,0.9101122883301502,0.6767394810341427,0.7507935974302911,20.636984796698965,3.2425002657994364,1.109260678168453,1.1743516401576468,0.7763570544657444,0.022095665503631942,20.03230028085824,0.1661528844186781,-1.4690322859833174
3.427191284759192,10.68792048313273,1.0219083292940918,0.67655535436992,0.7182120982766339,20.034733988101138,2.801049660259093,1.3009514124908879,1.2253946432179768,0.799278761437591,0.1743184734566937,21.376590953696027,0.20127286121211524,-120.07302341310987
3.4076940609409245,10.06880081080131,0.9267113938643293,0.5568358854563348,0.7683194463215214,26.157288984952483,2.8319837874444174,1.128520234409435,1.3703217296714603,0.7843892725846909,0.07457854425619381,22.34484283144449,0.16892246626987123,-12.848317980757528
3.4399793096322413,10.562119394916035,0.6527264500114165,0.6820501893481576,0.7591642488179795,20.966422169049093,2.6937617362795336,1.3486650275072753,1.1431923049090795,0.747924060750438,0.17427018330054364,24.06196282053201,0.18218420255977644,-67.65358648011275
3.4139084696899062,10.364511990569806,0.7119701852532081,0.68023995181717,0.7008236487940938,23.903889586169708,3.161320224432539,1.2605747881557952,1.24885960676145,0.7610040385693629,0.017906084691530898,19.218593423494838,0.16531030193806573,-60.68024974652428
3.405684327564629,10.67373970624714,0.8419677243986565,0.6089754908308314,0.7410542568844272,23.085269116201747,2.9511095572190023,1.345214156769946,1.1451703849425343,0.7110010977168457,0.2682840442078613,23.586562956404265,0.16208306525239052,-118.11829719690208
3.4371735332803297,10.779158926576498,0.7073119846359306,0.609134891083973,0.7321630920830565,16.733417953435698,2.9115571187287306,1.390414201505503,1.2310512444555481,0.7997472612522766,0.4987842902291214,23.600916722539914,0.2057203034470884,-113.03363917714152
3.410224872341256,10.248069292665054,0.6706309478201927,0.6549746566459352,0.7711712864062232,16.16273415700592,3.0832480485759413,1.2107892825692306,1.1400567657231604,0.7948591950957208,0.27440181602170044,14.487127407296246,0.19719018239985117,-46.33394519053742
3.4155269289236125,10.331714573946115,0.677890539863396,0.5447772658633315,0.722772622022492,27.475990566739043,3.01417593027487,1.2396366220692574,1.1951335843617334,0.7397810780340297,0.47791496195202976,24.246054203423846,0.17148188222722544,-75.55352986272365
3.4392462422709293,10.52832999060883,0.8610799632207202,0.6905876765757532,0.7332436793335445,20.17163969619942,3.170947592013044,1.3703215962217863,1.2511902239951587,0.7109933621212294,0.08423022306294328,16.690866759161587,0.1911898497114548,-15.88690282224968
3.407450289452217,10.431460560253248,1.0196386614253687,0.5751021898247968,0.7392211314088176,25.656138369004815,3.1817118080830538,1.1707855929098632,1.2486737984216445,0.7210461557606871,0.31650880555846417,15.281066398787805,0.15962104581233913,-50.0225494417749
3.4354935458974785,10.113219039566019,0.8682920515525407,0.6627301470423141,0.7154511281118603,26.644368175249266,3.0915098931185025,1.3239869217202789,1.3673485988476843,0.7196096949050641,0.351788268394758,17.274692405790937,0.18055249399783613,-88.33439525006207
3.4034875466730012,10.869162623544987,1.0056628459555574,0.659428589143873,0.7764560187315283,22.383411405200604,2.9690326067765893,1.1576439048927814,1.1693061171160068,0.7821985209986131,0.12902179997721286,24.43438141135754,0.1636592934079205,-110.61462511910544
3.4095685618459672,10.728913371017333,0.7136843028659371,0.6585405229624894,0.7444106515162887,24.7817263453206,2.6410933203146927,1.3350744870791718,1.1137902112274698,0.7918119596538733,0.23139284998841783,20.187312456863328,0.1882618248458413,-13.888777693925803
3.439862929340919,10.611057753233395,0.8340779338080974,0.6223499839973348,0.7570416416839207,20.541151697205635,3.229968066999433,1.3633414806298874,1.186191023175547,0.7283905363494179,0.12446381289966292,24.44384229425669,0.18694511258959254,-23.377829402984247
3.417432618148435,10.724342008167003,0.7422949380763818,0.5862242294700182,0.7168974217795278,22.13533246454186,2.676493165580574,1.3794644896473804,1.251129460248444,0.76300079132738,0.4492314101178293,15.99373159778944,0.2058596730664642,-41.58798268135304
3.4061091427486287,10.184956489019635,0.8557683132830465,0.6393624981528061,0.7587148515861659,21.139246950441883,2.7885557953736955,1.1085257810127491,1.3373945722239005,0.7617327188288534,0.29112796148745773,17.663252272761593,0.20669199897724305,-36.67557913007869
3.4293328200479567,10.103521788629765,0.8454801040510442,0.5945681452119459,0.7550264019675891,23.290910535943436,2.718795449577749,1.2929686714115594,1.3753966684548555,0.7408082741252181,0.453937413493926,18.137373559965134,0.19499304287045596,-30.758243491748203
3.436858033570608,10.178741468530468,0.8642823718658246,0.6452673601819244,0.769878754819622,21.18187559075387,3.134514738326753,1.1284461411797981,1.139524837225137,0.7444136400240073,0.44894991268137674,17.142062060665886,0.18069767151304292,-93.33667376035908
3.4271395970308065,10.13140257104513,0.784228215347313,0.6612360208513203,0.7662077468774096,21.528138440923485,3.260038927877969,1.3263389705123416,1.1130140850569776,0.70816299028368,0.09476190389660377,15.676566547238869,0.2105409233510924,-57.31619795815509
3.4326031635848873,10.35775417315562,0.9984269978602418,0.6853507316135705,0.7400193375847856,17.348429881349002,2.8999413990450944,1.3016070879484412,1.2604252833249223,0.7209743997254683,0.39777205007615246,17.656014460577325,0.2099656140105464,-114.56858756790206
3.406585375458067,10.850481269856967,0.9588531667485418,0.691457953011254,0.7458566121695538,21.12779237572329,3.002090969689364,1.2310070996191766,1.298569856406957,0.7151572714943221,0.2279699995367586,20.73603373647383,0.16284323465842868,-33.925928903885676
3.43021755442807,10.44501559012694,0.8859218751489162,0.640741135161609,0.7181984055251102,16.11233104998425,2.698545458086983,1.3952862680461189,1.1870532754942738,0.7931789222297312,0.21462397233726552,20.25987284312132,0.1603673658653651,-41.604095253140784
3.4190577802874538,10.706400928956056,0.8624762787516972,0.5718542889411886,0.7024408861768612,18.038932461863634,3.132660959453821,1.1723910955138253,1.306533867007336,0.7871074932471649,0.42689202284786876,17.22665730386777,0.2184940485666692,-91.19040374039753
3.409419850594974,10.365126470502792,0.7816230178387072,0.5865964749365897,0.756261299823046,18.662057542315583,3.0288746422249275,1.272838263524728,1.383924429388114,0.7501722823655608,0.44519372075897834,20.24258552249644,0.1992953780379365,-100.60253528974536
3.414163129484202,10.500314595908472,0.7675158681076307,0.6985891165491815,0.7212763297723592,15.953706696295109,3.0802269570884433,1.2052266680145673,1.1440860800510981,0.765279354787843,0.06659582362723179,23.637429979863413,0.15877465554300627,-121.77964661610186
3.4233626136573427,10.064520867764616,1.0276634358585028,0.5717549974761278,0.7612336589101888,24.28144796991966,3.2288916197058826,1.2402548387295405,1.2213869790678373,0.7644963797596196,0.08604278555113587,16.574370045421183,0.1545226109582933,-122.0481971078632
3.42326437228635,10.510739754975363,0.6925609111989713,0.5918890877601094,0.7010353335657047,26.29194380598213,3.1383533563502355,1.285409131834516,1.1756786507565617,0.7070477950605469,0.036995489330422834,14.351057555286898,0.17951847252215217,-59.18063116898368
3.402651887934258,10.52680449496728,0.9598055961611884,0.5898298950230069,0.7739954448159789,25.21080162504132,2.904978516057624,1.3498677966298342,1.1030672360247213,0.7568875614667568,0.17556853780137027,16.123396075134167,0.2121523033161796,-84.67053835023555
3.430698491251308,10.83685955879723,0.7833847679219739,0.5797570917985622,0.7363394796881381,25.634942196762083,2.8189130599264764,1.354885916141927,1.22639806657035,0.7245475307838865,0.36435365282183835,16.679177458972188,0.15401154307362172,-96.3537456661682
3.416320383318347,10.711549882629287,0.9664345485355217,0.6847423547266627,0.7632996489138351,22.16609192243469,3.120935535188389,1.3120915972654439,1.1624279949000416,0.7152247091020991,0.13139479213350697,19.960490633455372,0.17835564509805873,-79.45438832016498
3.415828260237582,10.505722686081247,0.729464905481532,0.6620012848624262,0.743504946387246,22.293173153911074,3.1444478695094857,1.3110658309766678,1.368259075347777,0.7589306767672579,0.01913024524154936,14.212866611455548,0.2156984197224392,-27.24085529881303
3.419423464570964,10.18076799689332,1.0246269044606262,0.6426046968223419,0.7298795983937376,23.506318597949715,3.089376523885897,1.164919558632934,1.1350345140702154,0.7269969197330057,0.40499025720257337,22.466736348921618,0.18728936532442486,-48.580422718143
3.4021251414348397,10.742982022458005,0.825390751450552,0.5660806871252941,0.7129603262828546,24.296378704611364,3.129517394487253,1.3855106018359924,1.1385832459743228,0.7561171186639825,0.17938263458174727,17.798053806508555,0.20149805287745545,-84.87289806252178
3.408425159873391,10.037607561689228,0.7285963285591303,0.5751421166537094,0.7741385829832247,20.56401856070332,2.7173114671281886,1.3962141018175187,1.382593363543592,0.7807865523327729,0.0636744190139895,23.569384286459286,0.17448755713722436,-118.92021920440799
3.407331888778362,10.58897458665095,0.8292960260838989,0.6127128721395092,0.7567029116400499,22.333547575051384,2.8244408943706336,1.1688232889272874,1.289870320099836,0.7312717676522176,0.21289020128247185,20.052370749791695,0.21687184982619617,-105.17148145175899
3.4103377849931644,10.151109928996926,0.8197587281042448,0.6633200021719086,0.7286033220169139,26.49278598699847,2.7174606604434732,1.1093429367615701,1.3320373388503977,0.7262901526544369,0.0045629331706902015,19.894385064214752,0.1709835781126668,-83.74018385019394
3.430258812765968,10.46851389628117,0.7986862232565983,0.6566676172638769,0.7686912943772772,20.880671385143675,2.7126189986400697,1.3708580345080104,1.316470195102946,0.7659813069297735,0.1729726745213807,20.345400617356557,0.19649777211444708,-53.41061283604603
3.4031307283845598,10.64503409289097,0.938683047990652,0.699922862301429,0.740067105953603,27.6720412637895,3.060289084390515,1.2595833973019663,1.3602608278167796,0.7949347508101567,0.49936558678050086,15.653654775713202,0.19604094757779822,-117.56863179655858
3.404520590275367,10.894645086227634,0.9721640365069071,0.6681140974308881,0.7695606253456841,23.67609061474406,2.898862937839562,1.2173661341256166,1.200670994460298,0.7893781252942549,0.3525761214717858,24.194280411381268,0.1924020039327442,-36.3833233244267
3.409741996781963,10.596933962856783,0.9513520487344449,0.622979742492756,0.7728047467047496,23.830667556402005,3.197993204666332,1.3787074673777728,1.1036482495475115,0.7582724675998325,0.40954535234464884,18.17941428597639,0.16333154855114196,-65.49183947112115
3.4128409138591147,10.69905972398039,0.8652386928205047,0.6555936289937494,0.755033731889752,23.92225823978511,2.6837155100402197,1.3947732792891032,1.3589819405039094,0.7566230852533835,0.07651902999023738,16.336772861443922,0.20014126110501437,-67.99016412141361
3.409434101211378,10.017633017927444,0.8915260851053728,0.6250119118138966,0.7103301194377095,26.94046304126516,3.000203538857675,1.2930244432926428,1.2645707555280052,0.7082594295360404,0.42389291874159046,25.720073675342967,0.1984405144301183,-91.48833100552245
3.437305656593596,10.493892415638259,1.0079025248516982,0.6291233159491476,0.7546551160466796,21.590749484249734,3.1217454701298992,1.1178326953231255,1.2126506486563422,0.7292668291122462,0.4683083400559114,15.558634044803522,0.21731155024251814,-79.84775739964545
3.4362467341075185,10.42036250517682,0.976374856872481,0.6888695941424167,0.7645193084023709,27.37430592841663,3.156134163091656,1.1828992179911388,1.252703578553565,0.79956823770018,0.14206141911914835,21.675294626517022,0.16986704380413586,-58.11000259949296
3.4001576181144824,10.613879751761358,0.670199682781885,0.5627947025413322,0.7444657252897,22.51681094249313,2.8294620749289154,1.2076676953301257,1.1988428594153768,0.7102266879407748,0.3738682094270092,18.01007796145703,0.15426207180652005,-87.0222306151312
3.4274775388905914,10.781193352158912,0.8338676908574293,0.6344323055240092,0.7749795378548436,27.194808463313347,2.839048713213768,1.2931378242660612,1.203226003282784,0.7558304412485244,0.06906722034423617,24.4790323671864,0.20445410233351172,-97.42520005670303
3.4277938865475543,10.377407799345498,0.6894794404752863,0.6782556459995389,0.7612786200120846,15.59066368417436,2.7595176083626196,1.1525290682056726,1.1976708830755909,0.7639026407078402,0.13488177490979053,16.99137491132068,0.15635422190206766,-120.7412831255254
3.419853507410671,10.022798725745439,0.7285437245252367,0.6768929774804924,0.737542228245833,24.575979846441804,2.787457719070482,1.1596483407754596,1.360673243064169,0.7465403977904284,0.44772028956124726,16.30258699839792,0.19070992018045552,-31.34926644278707
3.4307604475903615,10.42313814314292,1.0001385789503578,0.5526347598246643,0.704742544951784,18.52489276989627,3.243466713275361,1.296100193236134,1.3810574726827372,0.7580499577891692,0.009998052587739222,14.406955224930034,0.19761433362561517,-122.62015187064627
3.4257619547431037,10.348895909027414,0.8103257537803245,0.6702475749832586,0.7258550183777849,16.803583264454417,2.9758703147173424,1.2301630165047202,1.3051544838286528,0.7306436501370333,0.3096112192032601,17.088352567820507,0.2055043607376723,-111.01168164179037
3.415063308381381,10.082107092502673,0.9734749393623604,0.6943927682660223,0.7165833295532457,18.31719371644115,3.2406582599875726,1.2241932114981229,1.2260894019149258,0.7230875286757015,0.09521232640863711,17.896031760634514,0.15558822848367784,-86.20836725838954
3.427809037353423,10.700407899407951,0.7535244178192653,0.5595722062904226,0.7159178225586382,16.943176708027803,3.236166024666512,1.3908248235792118,1.3721523695994715,0.7659221660915783,0.049284409078309215,22.10906853235508,0.16174324086336886,-85.59966762990828
3.426905566576593,10.764145864368965,0.8927434694296728,0.5988515512660078,0.7301826072862885,20.708812507120886,2.687549557430268,1.281496209916829,1.316518721368441,0.7035866999081073,0.36559708020466264,17.60350928543985,0.20181044310389074,-66.95864473605086
3.419425440513447,10.184086985996043,0.6747116266385217,0.6779221153835148,0.7019735820672152,16.07728736199269,2.7237357442095185,1.3500968178282196,1.143937504759994,0.7535236040623783,0.18620988804727634,18.805330629067413,0.16134592066730127,-16.88650543727036
3.437935500773921,10.767932435181464,0.66287610892886,0.5737726085003889,0.7524514463664733,24.627108140067314,3.0080320004817813,1.3925286647818145,1.3907922400095767,0.7917068403663183,0.027480632773340702,16.033861459642736,0.1843466610681976,-36.35592447927556
3.4036613677977257,10.540007836847892,0.9038452015446092,0.5591591599268574,0.7573253155738946,26.45897005380697,3.277533777622668,1.3141672766017352,1.201873606688685,0.7633316805621616,0.20151421737180122,17.84352065604928,0.15868685364817794,-95.95027825919641
3.4056546806933152,10.077762971317533,0.8245619582925803,0.6435727283937087,0.7714597525028806,25.22754078808547,3.2316134070070612,1.1286404679986484,1.1415559416714316,0.7792244585683802,0.27068228406935624,21.834871396118235,0.16236037736436926,-65.67676787561084
3.4255338214096245,10.108132852127154,1.0071780905647258,0.6784679521743932,0.7045378725287128,20.962356018928432,3.102054327604737,1.2601052412322462,1.1318348577832489,0.7038441052247806,0.4625045616673213,22.664738381501884,0.21061923816638894,-40.20591407395234
3.4036817843402263,10.073504523005557,0.6766594753832436,0.6954530472861433,0.7054828029717383,18.040904010546125,2.716533781461008,1.1486657016748862,1.1907423438671658,0.7290393518367019,0.4545339568037391,14.041215159887106,0.20901518845995445,-120.22598948734098
3.407761391180609,10.873613373039694,0.9825705526128874,0.5416847775694099,0.7700181188869023,27.65900165006152,3.0310732617542935,1.3598617418544767,1.3534022363473892,0.7394817155676712,0.24798789995529594,18.320211927291616,0.17034232998875162,-51.10447247709867
3.417511361196245,10.307062933494127,0.9767346048292949,0.5736754569496354,0.7673210272420289,15.42207285946248,2.903418192636744,1.3505744058845437,1.3366931607109485,0.7080904692487066,0.298248211316295,15.55394640984754,0.19806989309062484,-39.308371022256836
3.433647627172607,10.075949694333309,0.6815969492032307,0.5945347905128969,0.7262306730462851,24.22426929926178,2.8328992776207844,1.2074971812094855,1.2181686258629563,0.7922079482896104,0.2967857772111819,15.813444400712724,0.2105440169359612,-51.08516046381054
3.418557677477013,10.786938080152538,0.8439211935601934,0.6282486425963445,0.722387231613701,18.9457495862772,2.7454687008185203,1.349096968158015,1.3139140966264953,0.7009297072021126,0.15160168376162042,15.331778355866,0.19425884537548016,-10.432384654647592
3.4134195841124235,10.593053407636868,0.7769471623489953,0.6347568899870111,0.7386591363271297,17.02676893891712,2.9770125164904635,1.372658343004562,1.3531194377321165,0.7344534175419576,0.3132907182826005,19.77659479165071,0.1885729964769588,-26.788786202251387
3.407615092522903,10.483074569359637,0.6775598116181406,0.6238184742817476,0.7317121953156367,26.793596900944273,2.9698966290794906,1.360348392602548,1.2100997531615043,0.751495355806787,0.03863491704924217,21.773840691516178,0.1723471582572674,-66.0914948814374
3.4389113670910985,10.123787423641913,0.9413560575622041,0.5458017291304781,0.7366393876078637,25.871961459320637,2.8180013501478167,1.1541303659781428,1.1897384879135247,0.7983612949337812,0.12124887355483496,21.61188647525386,0.19952503913382233,-88.22182010872288
3.409754454518856,10.422441380042446,0.7504639366405116,0.598418628488888,0.7655910851260636,16.835348908407337,2.67179526474448,1.245206936060045,1.3731366293131213,0.7955825343003454,0.07783069133673821,23.57781813302102,0.2076946534137883,-7.169138433319148
3.4162824615516474,10.236481516636939,0.9852346589181056,0.5709508531356171,0.7321358641467485,21.20046029081214,2.765404771396993,1.2827378876738782,1.3380212063269936,0.7955782691071217,0.47087168307880456,24.090024240860696,0.17236065171653314,-80.70750673221121
3.40891177658434,10.834230862609694,1.028409820452302,0.6804422744138726,0.758955162428358,20.303745988531475,2.760273509033554,1.1950582497629572,1.200301535170343,0.7597150416240259,0.44020628544019696,24.91049021025826,0.1942480174853379,-42.88207648675521
3.4024280749065765,10.770133453634603,0.9550895118863796,0.6674056178199497,0.7608883858269676,27.061812535303474,3.2260111311394906,1.103490849030694,1.3882731644261381,0.7338384222416198,0.0439933570612865,14.005951938504044,0.17388380048325558,-114.34866996524225
3.4321783949960025,10.421314776176239,0.8229165165149039,0.6526478563031538,0.7140036950700775,25.29968624366949,2.8931676268798414,1.1574657465663134,1.2596232264727558,0.7514474048451295,0.042087155498703656,17.287620300164694,0.1977002617574494,-20.80165118069054
3.4344723740389487,10.738840987428642,0.7822977667598723,0.6663307410710981,0.7196990651434576,21.07972719307984,2.8673245911384897,1.110046275003311,1.2922884440215021,0.7043563685663244,0.09508088614684689,24.01199693745027,0.16606985837986726,-31.046569725921685
3.4107539277851906,10.373771039997548,0.9730640115036828,0.6241411128730752,0.7763685617441545,27.039420348443326,2.8418604083278467,1.3033738124154017,1.1416650482383142,0.7087754873128194,0.021532472925764098,14.044724570457836,0.21006485740071387,-60.73586912513579
3.433313942300854,10.702157059326229,0.8242174097882587,0.5543366328785505,0.7468992813840276,17.988800356014703,3.1573956677574713,1.2398424922628908,1.3311254208850596,0.783881354216907,0.06046340953517381,14.291776071462937,0.16681452191466536,-121.95213311150964
3.4323089782484226,10.155235270350884,0.7251199716246121,0.5811205871340245,0.7210703480354548,18.60788257413294,2.6407343367950284,1.212933562599027,1.149736635027207,0.7803997979935877,0.14729085410282117,17.313706382448444,0.20409604955669325,-9.840457205774854
3.4288191734453237,10.406746495953591,0.9294943802820392,0.5554948397423073,0.7225914439338925,20.56066148572132,2.964003456476914,1.3487161153068017,1.2748737733464566,0.7818243223928896,0.027763197598687145,15.52370269900454,0.15181740587343628,-19.01526156988686
3.4264676695403615,10.412619724713615,0.9895006538725116,0.653279288336731,0.7068261437296312,25.39230104870925,2.8165745896519465,1.2195003856615254,1.1191765045135826,0.7985413331607439,0.39573047507807374,21.912114340136835,0.17986981660986465,-48.458257894564255
3.4379995009732003,10.270001390015565,0.6934347314524948,0.6554971456953514,0.7745217663957713,20.493099372290114,2.9743621654114234,1.2709085575433678,1.2423384522393535,0.7732679488419703,0.16331366274669745,23.834795061654148,0.16596199496148806,-25.790684587504884
3.4041374431310456,10.320522207693447,0.6753480498502331,0.5730602382546925,0.7546191584788522,19.02854647162482,2.958534205040615,1.3818298186023172,1.3844931809596055,0.7116640825979367,0.31170043554676635,19.433774160724294,0.15651277177204248,-14.388210527441899
3.419912743635617,10.41227877335451,0.795250404497635,0.6469245479968194,0.764045278889036,25.079271253106775,2.696004973886953,1.3362386640653585,1.3489486272573261,0.7347062320177067,0.18881463048434396,14.345766567564972,0.21761899960132836,-41.470307288983875
3.421380259993475,10.614576898571945,0.6579555430129177,0.6132011122486001,0.7504889165898134,23.631263895916607,2.9302475922904523,1.2181539906802958,1.380592282861266,0.7529173163947849,0.36217682983747224,14.548998804078185,0.18528227882061557,-64.04217974759419
3.413774935433903,10.326091402449078,0.885132224254684,0.6529731620765407,0.7251860842303149,25.409932322613884,2.689160842488336,1.258959586637522,1.350531802522549,0.7009353517566063,0.46285949308482427,21.769696750197028,0.18354910381964543,-77.52193191011384
3.4053808909071117,10.44267575136688,0.8753074146197918,0.6567146750365307,0.726986963156507,18.199941621885806,3.2545330866567084,1.1494111729710053,1.150627861306905,0.7608125658024971,0.0730934761433121,19.098732133551955,0.1654017689568387,-119.68531868289861
3.4287233106193864,10.14407322930053,0.7268088223264528,0.6687556276669795,0.7022490505092519,20.324141981321265,3.141160880262774,1.2220962955441954,1.2750757679991145,0.7591486244462171,0.12526402998916372,14.524841434067003,0.15536198673845597,-109.37021000255203
3.424539272805831,10.555734978459368,0.8614856039582812,0.6995249127601004,0.7425883177667709,16.04028747448507,2.7717182682716315,1.3681683050666815,1.1800423373461533,0.7619634941739035,0.34011827327355537,18.30452742771792,0.1673149064136653,-106.02753857099555
3.4080093469877872,10.198870454353775,0.768824584425273,0.6468899490708432,0.7341806829771329,21.52584308422474,2.859024895419017,1.2674087224263113,1.160547327147497,0.7384617628674697,0.20308675462450387,22.528865348434742,0.16067532911874596,-102.6217048168975
3.412680089745499,10.644097254188122,0.8913286055858192,0.62004279230518,0.7389902129284132,24.49235901358366,2.9116752193514657,1.196463138624118,1.133100245630822,0.7530068865583475,0.2870252947594211,19.65770518653504,0.19061029776214958,-78.9721719044077
3.425892735725121,10.022528456202199,0.6903149975192493,0.5686081711453459,0.7324919432713792,25.13010992589068,3.05735644194471,1.3586846833973962,1.189465598540594,0.7138910672671845,0.17702701989700337,23.64168207918229,0.19490336425794028,-86.85444915225706
3.4333456398758995,10.051740057245269,0.9309027404750583,0.6485945281087028,0.7295459408282174,23.82987753369435,3.2794367262058097,1.2544462803618281,1.3392083273578264,0.777817237379719,0.47923398971597486,25.328308432103,0.18778236688539884,-14.240767696613148
3.4344676498702458,10.129918935234256,0.728807623677403,0.5849488111125661,0.7760410382946074,24.895996628971623,2.850218920282187,1.309575276925803,1.2485684912007675,0.7693832087424867,0.4197452095796107,17.093568595453263,0.1864829336648278,-52.37719743484686
3.4032594474193076,10.075795586265384,0.7696575575067587,0.5913580079591545,0.7408152226829916,19.374686927061635,3.099516823773174,1.1533406452470714,1.3487819223404383,0.7701801571967958,0.10376646836895945,15.354883558616574,0.17172182472301717,-117.34383767915804
3.439318149760288,10.265759450199285,0.8776927860218251,0.6917912064058862,0.7631720245957004,24.59627337004023,2.9629441986275395,1.3352303819806197,1.2637583041645426,0.7056047014298148,0.16734291856896705,18.194325760031916,0.17016745110382914,-80.79489025703829
3.4242480802290665,10.182932112887498,0.8737258922105933,0.5439460441255878,0.7200275568966858,23.854800675782023,3.115073693999111,1.1224322951683279,1.3029086177676736,0.7706448978620527,0.11343018760841388,17.758954043167083,0.1912869008310515,-67.01169640398632
3.4339816849476477,10.294494874892699,0.7816626307310084,0.6204017809166873,0.7102818181056578,19.204277791092963,3.1713863126548967,1.206231285574753,1.341905876613459,0.7905883624496914,0.10768802321485588,24.897156186041745,0.19842787337177575,-62.74735592117541
3.406118705519263,10.613557565979969,0.7855333810226586,0.5437996392924067,0.7673822640304834,16.579856775605627,2.9999230570907067,1.2934238207460014,1.162531031457445,0.7006644727535952,0.08876347622277436,14.973738915847344,0.1823174163455582,-43.12618112780156
3.408881151392441,10.533166042541184,0.9259947083499587,0.5957512042633105,0.7440366045252454,15.319567777828462,3.1417003014720066,1.2415012273235737,1.3222028408091744,0.7189714195139334,0.27612163356571867,23.077050043249955,0.16853209554492732,-90.85719291149441
3.4146206997659636,10.767419209183013,0.7013929741681095,0.6462474703966767,0.718077312433083,20.093515917972212,2.7506141540230384,1.1912868336395084,1.3939683187682652,0.708479769822083,0.09573760443777787,23.793275544194646,0.2163838062327095,-29.12682671084609
3.4067340076199883,10.780090736110672,0.8574399853333505,0.6403855769890052,0.708756038635993,23.84763297519497,2.9447433151571123,1.2523547821866698,1.3078759408821958,0.7965020477573586,0.40300376735910964,23.89550015424676,0.19338300740942738,-58.401456853040685
3.411598878145663,10.379586736665328,0.8861981155075325,0.5541653777836171,0.7438412660874326,22.201794762690838,2.7536400055346815,1.1754621198390616,1.2826302797166278,0.768080349212751,0.42366482339971556,20.165214440557897,0.16653589796960314,-69.17032905871392
3.4398986537704896,10.76359981156496,0.7305077324478344,0.6590471191830498,0.7652431658280446,27.122522366690472,3.194379545627893,1.3226346156975808,1.1636796074339728,0.7485224697104804,0.48677295131729514,19.24480554582073,0.20493357152485148,-111.79368001180364
3.4117807566921345,10.150117596643222,0.6915542271769745,0.604161017003672,0.7046836480726839,19.92817556354993,2.991194444243822,1.3683592160313285,1.1626628988047663,0.7399840239475318,0.42400878133665487,18.506751146221205,0.18901695999254448,-82.56589332124494
3.4293158900787457,10.7163014319505,0.7876938119941864,0.6077395164994625,0.7771192165893994,21.899770847726934,2.894526430136514,1.18112005732841,1.1176306423550375,0.7236010876156591,0.40685496000659066,23.218295175400975,0.1952385947796176,-122.26195232486562
3.4202206223378444,10.785610710883953,0.8596332782216275,0.5734896945937661,0.7357418301555384,16.453395839051527,2.716166774442391,1.308614272146555,1.1125255857156435,0.7492846398063502,0.1763136851492168,23.527633764327266,0.15353613883720593,-52.09775972497117
3.43261500566429,10.380460199736282,0.9585353103736531,0.6058818826241839,0.7625081920330072,21.61621271389183,2.9746127967826705,1.3230726129350827,1.1598060636573295,0.7853298122707794,0.44889635054908655,21.825087873293196,0.21551338066291403,-66.7734638079011
3.4374568884621075,10.645202145270199,0.9970668689986721,0.6523046220831465,0.7078708560386332,28.328875401556818,2.785605715523295,1.2817711308040218,1.1883662042385459,0.7531602016130055,0.06396000628257789,21.867684123254385,0.1745338125767712,-19.10990735274055
3.4171216428752227,10.249125041424833,0.7352989241985999,0.6760095840177389,0.7160843783409825,17.2841177548077,3.2334019719299008,1.2468597137524087,1.3694000103722863,0.7919312181340642,0.16427074550607323,19.238748222138828,0.20143464278287718,-13.393598499590425
3.438471173532884,10.82934053490408,0.9130358572384315,0.5791615247931454,0.7077928827169554,20.609485586971896,2.9613599080587,1.1890048495780203,1.3420789983203423,0.7717651464992611,0.3472726914572148,20.506189826720032,0.21899075803683032,-59.95135463299866
3.43282056200923,10.565433620978256,0.7983535870154104,0.6497420606818392,0.76926800509615,19.556048497080308,2.6500888040970905,1.2691982815526552,1.1887292774264935,0.7422387240375874,0.27282889165638824,22.7352244686787,0.1527528642424648,-86.42627227675015
3.432155614945403,10.639132218641702,0.6933365031243092,0.6507247786273407,0.7558069834095003,26.18187431077926,3.038168837914395,1.3105429976469203,1.3750615162126956,0.7503884081280244,0.4914881521898355,16.83327743041883,0.18068893725449459,-29.630320279034308
3.422858389730889,10.389680680516264,0.8573990128964731,0.6823660793724986,0.7443865732091729,27.182561534604723,2.838130286178968,1.1813558296213262,1.1661762201978365,0.7533313016944128,0.08667287382332127,20.478208067343008,0.1690303077427475,-4.939526674708475
3.43073429662332,10.30742813058508,0.9438963921365058,0.5463709100097337,0.7497457754881983,22.28375408998623,2.8826785181155135,1.1256682515947098,1.1605358414670555,0.7970515618890528,0.1111074491897363,25.687079303191165,0.15618996648342304,-78.7982739470698
3.4196648010541013,10.40704936093949,0.7650961520134157,0.6893644328872107,0.7081965277709092,27.3166977203923,2.705410057991304,1.2351084088351805,1.2543812640165313,0.7870997807418282,0.46870861618708076,15.076285375022582,0.1526928221826126,-3.596102354014974
3.402741898953849,10.483524282351269,0.6825326402028081,0.6662421554495253,0.7333517552532731,21.68488628788966,3.1684623783094343,1.3887181686397054,1.1335598191378329,0.7628767171260611,0.24490595048274574,17.934205560935382,0.18548454946601112,-10.898235846690184
3.4082298135724702,10.794857365856243,0.8422725259312519,0.552724875971064,0.7758425299469695,22.809204496364412,3.2779925512408536,1.3091949011660617,1.3589301978468638,0.7394912283723407,0.3309786219250666,25.415104340320276,0.21703314268363652,-81.91646194911704
3.408633554274533,10.136591717578272,0.6514651092090493,0.6185902245276635,0.7366824793437579,26.200442107494467,3.197588379024306,1.3103008957592603,1.113692583547077,0.7056417504415259,0.13611148000902998,25.924380858854988,0.1721969866559043,-112.53302341246534
3.4027579068019675,10.027184517020315,0.8527252668133914,0.6193651770926378,0.7290773784429845,18.46026375529592,3.250494716529417,1.2063234274800583,1.2212764869290897,0.7135714925289786,0.048250188323486064,15.025410091794164,0.1953113127122344,-115.02513170595321
3.420273409727025,10.297940297880134,0.9484008532294147,0.6772641203106746,0.7115293928024069,25.860944480975775,2.955828337269656,1.2145449992633888,1.169129757391174,0.7306700521135508,0.41625954753001443,19.139317944670964,0.20993509195683577,-110.75340444842307
3.4381892435737638,10.15741785078214,0.9353979996418562,0.5781730591769552,0.7389248565604041,26.01796343105034,2.99156822307244,1.2057855873420444,1.2278360948521665,0.734630885441806,0.32455033104924497,21.98165028162915,0.21721677214359159,-68.69031089545972
3.4066470489890146,10.720468473340642,0.8669040751274215,0.6402613493859857,0.7790299133748908,18.77386235320597,2.8044035189275895,1.3197531502434603,1.2199822027214942,0.7016466631038489,0.03799321671433764,22.815169391859875,0.2024050031285485,-115.78087213928904
3.412472184817651,10.542046922202568,0.673790616849727,0.6063447079000032,0.7777392506862466,15.65464579711,2.885910954785306,1.1182402676902807,1.3547088561883014,0.7450775268963925,0.32874859614695384,24.299728869054256,0.18566918968479434,-11.898435333904771
3.4323073094572067,10.087988991997717,0.8653087658141649,0.6454938909498481,0.7388233252659074,23.947275824313195,2.798792320639946,1.374903871126757,1.1393984690813765,0.7826763807934871,0.30762035463208676,25.762863901567755,0.17939496835185262,-77.82822269905398
3.426679839518473,10.746240823098523,0.991838707386133,0.6141058444858458,0.7344154866442647,19.320812975118187,2.6455845234767907,1.3764086838242469,1.3465695715661261,0.7740492097386271,0.42917248943557046,19.823407254361875,0.20325941703819544,-66.19321849141531
3.4168417835646006,10.429884110231223,0.7077591651216836,0.6682883050328577,0.7668828514415714,16.32089576795605,2.7887513025678645,1.1444984791250232,1.2734076593320685,0.7159656079864172,0.3290411362241477,24.0983416899127,0.16352007325337403,-34.006673110275955
3.4223404032527123,10.702796153507693,0.6506261006341719,0.6499470959163007,0.7073727365013386,28.249953488710776,2.9942813749415973,1.2010312044608842,1.242313983253553,0.7147712582879994,0.31755309301414597,18.573733705667614,0.17331938865971613,-20.237970144217826
3.4260597576127005,10.704057394359538,0.7961826334861599,0.6392006672026336,0.7472085450662056,21.075675098004595,2.950462838039232,1.3600199772217487,1.1543880861095994,0.7472473070755127,0.3357672406552066,23.39331259723529,0.17320892579291225,-105.40378623026035
3.4256429903748358,10.894965523781899,0.7721420788241226,0.6389905455089361,0.7775213126471591,24.925219660982528,2.8406351395687146,1.2365019950067566,1.157348732319037,0.7926421659001137,0.4418224099747726,16.74162804537036,0.16420007765924252,-101.63406966265092
3.418291103305584,10.709821351960871,0.8374599109869023,0.6161213368843477,0.7429285134169861,17.711025019089046,2.8253294794776656,1.3471332066884452,1.3004182546827323,0.7202240852697005,0.3388427035131509,15.014575968635878,0.21714918106269732,-35.936253882392904
3.4164695041734565,10.71149257001838,0.9297497464789004,0.5425322050031536,0.7425073351941701,18.161778005202198,2.7337707267459295,1.1376182246057465,1.371884331495493,0.7774616232214915,0.29073466052561514,21.914415438859685,0.18223500162969855,-23.845932774111276
3.4039623420072527,10.895141484153184,0.9588887010766389,0.6886725674677483,0.7381615902500457,26.62271594253441,3.2175046477471527,1.1698508093546809,1.3011100258178598,0.7577169206585623,0.3697035685751303,18.555453454412742,0.19783577029792843,-103.05413904341255
3.4077920202463594,10.097976852323711,0.7547932684881321,0.5414139547962957,0.7434832266396489,26.25256858041859,3.2499741332496286,1.3441728358671838,1.2823826949851975,0.7546202248260346,0.3894363504195382,19.12408875964082,0.2085125104818849,-84.49747891035308
3.4016062110305247,10.236644869125707,0.6672054014034955,0.6553418576557639,0.7358169958563343,20.280672772981333,2.7150042801353242,1.2796937800696624,1.2904373361085022,0.7408287547234849,0.33869463056677945,21.362637495391407,0.1593968752713341,-21.7458978215503
3.4139234332310946,10.102818487466582,0.8435627086517413,0.6520959937889931,0.7741630788966655,26.1485862708398,2.6765532008253015,1.1696827000963117,1.2774884585188102,0.7028575308211559,0.15786216024673425,20.354477394504837,0.20117844017886985,-68.33727635621267
3.4369481580330494,10.214412663381024,0.7481089572574234,0.6439217001454933,0.7490204256350916,22.998590612933114,2.8316439746067372,1.1857037260541055,1.3639192524491743,0.7754257598874688,0.02410228149257658,20.003405621249158,0.19754751735190593,-33.64863332773426
3.4303393782899967,10.075213009695268,0.9653702553349477,0.6189648557302022,0.7069418472975442,21.28941139082133,2.9516606440092135,1.3947480477396854,1.33050131810854,0.755061769787083,0.17658535717534304,24.99399083738817,0.15123679767266793,-38.732256668004055
3.4046637972719975,10.484468680291991,0.9488889410872179,0.5710614943127087,0.7744851463734526,25.370377677249337,2.9282958780426185,1.1845352271894602,1.3147784297637295,0.7573245960277433,0.37630623171421823,18.177605556386,0.21808590526654797,-80.64754922435824
3.433453256783137,10.852065453767231,0.8943087136366007,0.6103042477512572,0.7511940489066081,16.694467008492094,2.8986326967260134,1.2612509008973627,1.3802172826443058,0.7923931670028463,0.4777098092951836,20.46022449757061,0.2156562541195891,-14.068745723092889
3.419566996975736,10.057706815620511,0.7984190633607219,0.6437332793329328,0.7324616470046869,26.678121511241145,3.0689234922580484,1.3428021100254477,1.1022371344918833,0.714024515535573,0.20563235824010123,16.182113416001084,0.17098726500952416,-82.45295466171792
3.4090339866435015,10.565830510009397,0.7316580339768769,0.6535416504323998,0.7262101182175138,27.359690960639718,2.8324024642910937,1.3347209845678343,1.3364526105886694,0.7436635180834777,0.48127807131987393,21.657365401532527,0.18938919467949233,-95.2906560033324
3.4186947146207918,10.851388411055558,0.7325708083770467,0.5832668849237717,0.7210469053428916,28.133441985070917,2.946488527559071,1.1314447102247793,1.3185983097831349,0.77642963949445,0.30498212398591124,16.24285055325918,0.2118290410980322,-17.839401591753003
3.4118292759902222,10.514354646345984,0.8668183465164832,0.6170767989915942,0.7381866453840398,22.09998892360975,2.8160501381863043,1.133620795396439,1.3574684305484035,0.7467805074186828,0.395285162477473,16.82712656511227,0.17238849211432747,-105.023562661294
3.4379150557611715,10.760966693978162,0.8240909260035082,0.6680240219976497,0.7599501482122679,23.92943214706522,3.1643538385870764,1.2472123515985873,1.1782245265135391,0.7095901698739481,0.3796855766829435,18.8141305383932,0.2152861825670468,-27.449984966983862
3.437202034568383,10.481522432695273,0.7379086082016696,0.6241563052326546,0.776258570215611,22.06319664693146,2.659435220984193,1.388231395139864,1.3647903628912592,0.7796637484638415,0.23798613404566296,19.92143666690533,0.20775176855935784,-76.04686490331645
3.416431499417266,10.134861930320307,0.7408997469564693,0.5849746887295707,0.7378172889090572,19.533712780308424,2.9691808460513123,1.2078688574982968,1.141445708810432,0.7799456978499318,0.2145458540529062,15.524495676099878,0.17187185634253938,-94.31973161084919
3.4127586355228092,10.875668768191588,0.982760574644103,0.5458902753724508,0.720951472072266,19.257303754531325,3.0271565003542995,1.137645039592857,1.2277164467401316,0.7119663498938664,0.14339709298233017,15.095164397225917,0.17121035914678864,-54.9280028465929
3.4256743305061383,10.399799373418816,0.6975911341255714,0.6874873567054383,0.7751153830824535,18.859405347088384,2.645895955413611,1.1386127142165534,1.1252767187130281,0.7029994947336979,0.016856636608884118,17.63513881248315,0.17247147745667513,-101.72159617585459
3.4112694372837344,10.47225823348416,0.9590916881140403,0.5622222287454224,0.7712863055111844,15.530353131787352,3.0956928829469645,1.3695941839551615,1.3466100838423682,0.7006252602275537,0.4818855092707252,19.16736671865253,0.21399129510798698,-69.04430038156735
3.42380362198032,10.3075274121314,0.8533892574651717,0.5708446764190357,0.7195379101879298,20.84906622383191,3.1982788181271147,1.1765036034058427,1.2365837808153881,0.7970881608493481,0.008926558465163012,18.570224121961708,0.18900504352068692,-68.36330431972343
3.4378138861600207,10.525790837615627,0.6727557942896616,0.6862152954158857,0.7653900872050672,17.761913559243922,2.6845322587915947,1.1223647875777931,1.1958130043100248,0.74088215922564,0.27176170204661787,16.472679625958108,0.16357909954332933,-82.37957821570903
3.401768821476281,10.624632856968104,0.7669205208495667,0.5672014845682182,0.7583680527260918,24.713971004241316,3.19773886944051,1.1628087005105985,1.1827306713385168,0.7469835542012053,0.4954217410931086,14.38674114758935,0.17079179827928814,-105.4966659128614
3.4047863381801178,10.033899366321856,0.9427069913163486,0.5855219827129805,0.7278142123912573,15.895784290446345,2.735470929026808,1.2222218899982917,1.3620200720069426,0.7381419167906758,0.294273186344874,14.911430496240934,0.16298817171356408,-80.5476979050457
3.4393368254019867,10.463954746480736,0.8501009852996619,0.6720136560040424,0.7142641710191534,18.3584610078887,3.1337709004794387,1.318741066277963,1.3995025774147478,0.7200908487623175,0.3622647192169024,21.241694637619656,0.15408188693097066,-60.29373619583034
3.4329271044011738,10.260734494240795,0.918105476285644,0.6926356842920051,0.7767395985160893,20.751475154854855,3.101188584504435,1.3024324654881798,1.3247880635775424,0.7689357335333431,0.44825157342670346,22.588935105251707,0.19969725159953755,-27.376352461703846
3.42035150336839,10.518529336559403,0.7221381260282552,0.5942907538405843,0.757988573284078,24.818738993084906,3.2153696853466966,1.2311144285120807,1.2045905751744355,0.7525397989384985,0.3824065126279769,24.684105623536887,0.15341967294044465,-37.735074445207204
3.4152222259498783,10.506835911698982,0.8774322724372794,0.688057139359256,0.7559645914039694,20.29476161740073,2.881287030629441,1.2549312845927094,1.2822693706749306,0.7495227973493382,0.4710851237294216,22.002487968604697,0.18018206766687314,-63.86978061790705
3.4108375013309273,10.066934008147566,0.6819587851997553,0.6680848339474736,0.743201056919468,17.128239051685433,3.1061821157747564,1.1081572147136882,1.2108214913707167,0.7501547561499122,0.31054507327728764,21.46468990190364,0.1524176743917247,-26.171659820966255
3.428572230660711,10.577891075415975,0.8266620525513118,0.6482666111429162,0.7773140054363213,17.81089882951097,3.260187324692094,1.1751719695700176,1.3569011731024563,0.7821557045749057,0.40983594522016903,17.103778518767943,0.19418096723943506,-110.43582236364948
3.4379070023268894,10.862818465558902,0.6881306808889813,0.6035188034607522,0.753404237353356,26.926238824094046,3.2113350348574907,1.3924558925292148,1.3539995890256038,0.7814360123863582,0.17269900984981623,24.242176916561476,0.15407412689997066,-9.159865423333287
3.4228079650499352,10.392823798871154,0.7767748598284614,0.6578786846724844,0.7745143903910925,23.150786132205432,2.6484768212892944,1.3400674556626258,1.2093958127888058,0.7653098346412207,0.05771783333031104,16.695363527910335,0.19438579159006691,-96.4103843323097
3.4205110626881576,10.795173973148986,0.9193164589244693,0.6184729735762035,0.7127657490919163,23.655640164741538,3.0604560302354864,1.278522301084221,1.1558312590614013,0.7265786383747812,0.022407838865450874,15.23704130893558,0.20871561164701635,-123.85832032462383
3.4375322816139846,10.184619857102682,0.9130953444458061,0.6839093829971208,0.7211822478873354,24.272980373124746,3.057011931143319,1.3170450367014512,1.317373502848844,0.7834339350082536,0.027445311148765764,24.586156067009373,0.17732542338254,-121.72553232327238
3.4200360235183087,10.274920580066858,0.9374139981808265,0.5981736255700746,0.7534300137515968,21.07109105482966,3.037273532160543,1.2596994459950395,1.2231812506084594,0.703276015762031,0.41409036565303153,15.773554942193746,0.21744443502921862,-45.821936561282726
3.400350077783002,10.574138075617503,0.8445790086586301,0.6944650794612806,0.7322275144128219,15.726885870469152,2.6777925643982723,1.3459386094829773,1.1083281689956759,0.7964341471588299,0.016644836461366348,15.529893715245665,0.18225300922862273,-107.62973930128013
3.4261546023500795,10.023812359523474,0.9693638724970557,0.6182957715578978,0.7169387810577739,28.366417775967975,2.835290198048131,1.3675532891543527,1.1854237651096162,0.75891729082576,0.4344089703737725,24.66916373390395,0.18228931133805432,-86.89465168532297
3.4155283750937677,10.739617385858695,0.782329803947278,0.6091126267953232,0.7169050455399648,15.751551048891399,3.189724416353399,1.1978608718308068,1.2054786331383944,0.7312106267226635,0.17440195579477055,14.436760122964918,0.18865220538799243,-120.27185071617615
3.436301415499375,10.20546596936192,0.75484501474168,0.551792859310262,0.704300243132086,15.551432398033453,3.252022268593969,1.1236760215658161,1.1795767707049891,0.7159217826571032,0.33056694966657985,21.26616953957303,0.1809995066821956,-94.52699361626338
3.4022146240336943,10.691949894102821,0.7920079998805202,0.6327989268447805,0.7002655167488765,19.245926614070008,3.2370662806005344,1.1250126618769356,1.3971236393932713,0.7993316392069965,0.3127998964091074,25.592654167640532,0.15164766275944194,-26.695870987863643
3.4239004972322147,10.273029184796838,0.938798998477623,0.5834960655683306,0.7247665780294629,22.907443379193207,3.127324450894442,1.1784767870047508,1.1175395978986755,0.705664175226858,0.3281209172386057,19.770526618570557,0.2134024895612658,-81.47801899228651
3.419903255141837,10.26667618082131,0.9320657624948215,0.5487736325249504,0.7223797812419411,24.48077646809568,3.264631599536172,1.3060951278961375,1.3836941194212273,0.7656345269699333,0.28660968521312474,18.938037077859043,0.1895994941784442,-80.78206591096802
3.411221854779704,10.85696567131619,0.8126037399038105,0.6672421408309009,0.7642776751380137,24.548652072813198,2.8653152220205085,1.1437341450729028,1.1973631342546296,0.7174336472080818,0.28433513662737436,22.831154282927045,0.2045664306350328,-119.82671204947987
3.4097086507733168,10.66098157741022,0.9164442523929323,0.5907671246318035,0.7494850265881817,23.389391083596948,3.2155697376892105,1.1011646835860325,1.3702023948641755,0.7635693531717496,0.2874829800520887,24.836727846704996,0.16364381272676437,-11.709778467062876
3.428363271237035,10.720118961024836,0.8138533169077558,0.6117369495747718,0.705934796659558,26.846542464749792,2.9322449839038245,1.2264445181370134,1.299234986964062,0.7624426665994741,0.14691372608576933,16.39288914582201,0.1549038414783255,-27.32489317283803
3.4074468916105873,10.603050358045826,1.0254589225715212,0.6243394867055639,0.7097977025550061,20.27230716035439,3.1992999133975952,1.19190322810857,1.1233525783796499,0.7011690665673853,0.25529889317885324,20.555191684655853,0.2114566705760633,-69.71175146626538
3.4357653513566673,10.04802691520591,0.8667381139179814,0.6364048428546776,0.7108096421805837,20.551248051348367,3.1104072759224506,1.385110264375943,1.2048048260075117,0.7035402559703414,0.4212572782581034,21.11865969077709,0.1972584689779734,-102.33092077493964
3.4388172403379333,10.167922150527742,0.8010870519777133,0.6915261610967935,0.7130109938010983,23.337411852864143,2.8644160994596803,1.3146878033309308,1.3581476829985655,0.7297018762019695,0.3591946749036326,23.330973080628425,0.18302638495642704,-111.95207672558116
3.4288218551256486,10.661271023694109,0.8811680049438446,0.6209315146095961,0.720708084413178,17.500400075880577,3.0361987523162215,1.159295521200159,1.148927995474142,0.7229725715668573,0.36797209510606527,21.97011762650868,0.1956715585449508,-41.68065979904112
3.427238364111747,10.518261130257162,0.7993412811710218,0.6790077112858521,0.7125362486963455,20.61896002018097,3.2489651117064953,1.1160120845267658,1.2295710711738528,0.7760101642650699,0.025177831476574684,19.280266554525827,0.2186458968623043,-121.41003074445067
3.434997308295544,10.056542736492208,0.7209310331991847,0.6350804225632098,0.7282141105482355,26.571559530616728,2.881964983004994,1.2417257114086258,1.2334441006080537,0.7416222012603406,0.1517933202988883,17.95981957494521,0.16013952717352556,-101.36279139077966
3.4100696633706846,10.756170350350397,0.7843197811894985,0.6070352595832529,0.7745857842967058,26.371538106851446,2.9359410281541405,1.255856627181841,1.234381327749981,0.7044866045870877,0.16866729952577486,21.47567225880227,0.1699452961518357,-33.43279784074319
3.435200879740742,10.01408954671666,0.9592556469036657,0.6671362180566166,0.7605332050310996,20.84507173037118,2.841974102071075,1.1908186040938966,1.168463888969934,0.7275037860303881,0.019490535411237336,25.93476383125674,0.15100680916062567,-87.30184416638915
3.415453710475418,10.28765922105351,0.6941018905914772,0.6115017273985379,0.7581313037771105,18.988859252033983,2.8919011605141085,1.2998458705363733,1.3778089776358193,0.7307272389188698,0.32692736259261806,20.486170212756548,0.19205595390103616,-90.24254584978895
3.422353892542747,10.849457456317626,0.7212683248140594,0.636883962429012,0.7622189628600052,22.506193755700053,2.859541806389935,1.369856916051274,1.3387295100232413,0.7621260789387149,0.19433460423532783,23.212266487734407,0.1640365547345143,-1.9269983472783707
3.4301299561553997,10.027955315027265,0.6814142174737493,0.5769687625010012,0.7250470571521614,17.742678132486073,2.777449221584562,1.2401674680819488,1.1914146442500637,0.7400029721736752,0.3386454533643406,15.624869065022528,0.173378041185448,-38.79826685822533
3.4105859959319274,10.26123539363962,0.7393066838893232,0.6371258624213728,0.7120800193857427,23.075975396207337,2.70860441397758,1.254692800782055,1.3244216167398686,0.797693706364228,0.48526185433714,18.795623555775443,0.15526060729836205,-53.94107826174768
3.438649854045921,10.836380039723402,0.7786580723134386,0.5721754039492173,0.7353981484969974,21.653839154950024,2.6602033639213207,1.3667571754371743,1.329142145376946,0.7227057936708084,0.25973476149257063,15.911227331016649,0.20020160091111255,-96.65136813015855
3.428022387317035,10.537127394935764,0.7311025411720067,0.595180975747885,0.7479441748022,17.405206026164848,3.1422238462648298,1.222493770719442,1.1963252123381785,0.7510303340092052,0.11825557869135501,24.757125178332647,0.18755862708236734,-11.44522754804008
3.4024536038514186,10.057996196543717,0.9544044034609671,0.6933009191914327,0.7755847428656645,15.837727254454494,2.665755461393817,1.3719161224512806,1.2083560178038886,0.7571837236123585,0.31995448076716293,25.2375732307205,0.2179380096519166,-62.56309954517249
3.410801770072043,10.355933467270827,0.8745452248854235,0.6598030017378668,0.7190760387536951,15.566376626774455,2.8625759060075566,1.296419758274218,1.1137118250717088,0.7955936227550712,0.32957404608360513,25.18561188281484,0.19182454645382083,-49.050172240618764
3.434497078690668,10.285569484893731,0.7453011510177403,0.5756874425954739,0.7402865777154841,16.397256568179635,3.174248099557889,1.2109876155551846,1.37061285997172,0.7140594823611772,0.11640516144078525,16.462469566932825,0.1895770863532267,-4.889460533506792
3.438019742669032,10.150353288082893,0.6965131552382358,0.5881751506393421,0.7150075616770744,28.375815079146793,3.008102158307285,1.2561484278955255,1.3026902535411273,0.7179139913306689,0.38045079232481405,14.886643632014184,0.1812456107945811,-56.81386555347984
3.4083304035917217,10.044798400557866,0.9201229998136427,0.6399354109143665,0.724484758810627,17.433859770787905,3.013454409267114,1.1657847404921178,1.2249327790921696,0.7002088251510481,0.12919403782506128,21.700661425529358,0.19350417954275245,-21.372225335699312
3.4133224215463156,10.495979332219706,1.0211749450489016,0.550783159760785,0.7077284630713244,23.412230382206328,3.165127267743787,1.2108271017060528,1.2382257256638294,0.7111937924084822,0.4169923575010097,16.56738828621417,0.182431537479028,-80.20465291434462
3.407985384473393,10.561869077243882,0.7029388406946395,0.5724043507245039,0.7259241863777717,23.861163616040237,3.053054874954196,1.376263582929472,1.358516177688718,0.7333316311562573,0.3368667375531546,15.855803848848756,0.17910694776693198,-66.23715519643748
3.4349016176466374,10.216769615093138,0.7618399868137631,0.566964197572453,0.7350958146329223,20.787141717439024,2.6447797021848776,1.3428453601598447,1.3999218305255305,0.7956005621069993,0.028369717396187186,15.473772594135166,0.1705178866243036,-15.503787685588946
3.4336820727414876,10.582569796124607,0.7334598782408255,0.6604710193256252,0.731554643420251,25.07465223174523,2.7062457704655882,1.1389497903761434,1.229485877202452,0.7434728215658035,0.17123873614180415,14.340644826861304,0.18284873127790416,-36.26396342425875
3.404766487909326,10.423686563661263,0.6904234000425866,0.5815259381054445,0.7137387642953814,16.125931920022357,2.6959206490148797,1.3750666170877286,1.321625986075189,0.7279318000048642,0.1064015225503888,17.918982387947644,0.21874176145337565,-17.220000455795116
3.4248014510272604,10.279872206584963,0.9803420403354779,0.6317081865766122,0.7679458356977051,18.33416675265056,2.764070126070809,1.3261399910817335,1.180504343938088,0.7526798232012919,0.05159649125984873,24.721703499957826,0.15916818110501021,-53.17789439054583
3.4339005630058175,10.684572638034922,0.8398400155255002,0.689698037135031,0.7077042131569726,16.53004130896879,3.245452660824247,1.3958256660808144,1.219443494115275,0.7314172515571725,0.264688373967684,18.697807335071705,0.18868383440021863,-78.57418610565941
3.4363407945735633,10.854240605104224,0.9616972179058898,0.5462339074584618,0.7162171378937245,17.525253539964098,3.0989588658328917,1.2628978892573295,1.1098002445322397,0.7243502456668266,0.33177608865757674,25.560328553964467,0.1900573753724916,-108.12418476466074
3.4359194928939485,10.041426845591745,0.7714116453164521,0.6757546744841326,0.7023243514714492,24.401353734751915,3.2432827659582975,1.3672299620375021,1.3727993027699164,0.7241000555186832,0.2180710367218822,20.980884489986085,0.2131759115444152,-103.80459563931277
3.425005567173797,10.502164706781546,0.9212717478999023,0.6775130546955797,0.7708809790044675,24.07222345507599,2.6524455829295888,1.252254985486128,1.383500366443049,0.7991445255436149,0.4407587288476607,16.40705641988997,0.175250584038853,-12.844598384594022
3.4026028837505247,10.317845697814105,0.6655461117326923,0.6601619504466607,0.7461483401116608,22.906417140558364,2.879905575534014,1.1327899227436067,1.3715779180984162,0.7325134358403761,0.09903065377141836,25.433215873957046,0.18166966107454316,-121.3808217382034
3.423932250392296,10.154874881755882,0.9370519982738786,0.6389077812756374,0.7186890538096037,25.071310474282257,3.126596849961762,1.3561606983703767,1.2390936616838542,0.7995227298309497,0.32207647420153346,16.018821248477913,0.1713080394196674,-3.680771196144292
3.4306868367875056,10.650739723475171,0.7155371487924478,0.5487029746010507,0.7558250872143265,15.42981303892363,2.83883596192256,1.1798172898738246,1.2820015589521288,0.779379937080715,0.02847688699748457,17.22474602421942,0.1770739212447313,-33.07401556735094
3.4297887373221627,10.39457749672571,0.7625865322510921,0.5476772172631927,0.7624533716863484,23.215320618838735,3.1173932666106396,1.2291174037838244,1.3160273663153794,0.7666185764967755,0.009394774414436369,18.004193565657737,0.1598366255231837,-6.692503609823532
3.4304286005457927,10.568963461522557,0.8991908244948896,0.5944473401479041,0.7549969349675247,19.90620228625032,2.948287835964589,1.3557200467991122,1.22113761772634,0.7950521141924785,0.13726022615440267,17.175195941194662,0.16707049169104848,-0.5706277670527982
3.410080375908174,10.564404596546844,0.7058624500632376,0.5420656399665947,0.7375045119203077,18.242201471113404,2.8054594251954565,1.2332376401918417,1.2409845261158452,0.726989336406322,0.24191363662859097,21.91783166346928,0.15664255859552967,-85.39794219686577
3.4262034229823572,10.37430471700765,0.7764748838536254,0.6315942517587922,0.7208865953422315,26.419004020300832,2.970418120593009,1.3773739389079123,1.3153831524851747,0.7364428396854911,0.39196081732171806,23.10680342436192,0.20210913572227024,-45.7429886632181
3.4352132890019704,10.482090289152602,0.8424638598834838,0.6556983122746192,0.7126093234278887,24.236780014436874,2.6965168035235383,1.327006447388821,1.1926627139695078,0.7233836124983466,0.1392303967129035,25.452331808366935,0.19367245112049225,-55.592344262879195
3.40551347383175,10.19280978583332,0.8277696323656035,0.6102103787134543,0.7723379836129352,24.49052263794102,2.85661332454433,1.1651008388342234,1.337514577008292,0.7735420834170181,0.43062399493609627,14.503741378542625,0.2184024501977143,-22.719283178013427
3.4161995230882813,10.273614443534951,0.792345887413177,0.659308173077588,0.7653388342362939,19.17878977446648,3.26636007904634,1.3094924467558249,1.1058800089312886,0.7161862528711356,0.19648998804429396,18.928346531852252,0.21644792872696414,-77.50122980863432
3.404635832947497,10.037626446591185,0.7453970552654533,0.5604259550948858,0.7587381849137975,26.48118193590298,3.211288948373011,1.343951671090355,1.2202507619203447,0.7816248193404227,0.19968694245583868,16.310271252987153,0.19279973788739674,-7.7005176490631015
3.4246619382876027,10.212838632704669,0.6962306554369103,0.612148067986048,0.7389964609163384,27.562695473835063,2.994374971650838,1.2888153785453162,1.1225560776955013,0.7012999690495747,0.21132665842556392,23.707526372266226,0.162262864694057,-8.810167617924861
3.4210459322697586,10.179973621276941,0.8116275795440455,0.5431502791056602,0.7224075692140948,21.958866598032117,3.0160923427911017,1.277179604050194,1.1599909113327602,0.7309965863088285,0.15217869003792475,16.49529579037072,0.15984507844135157,-67.26255111416864
3.417031861325841,10.73319746000033,0.6958965359908535,0.5758647755822147,0.7104486772350734,24.560217046487182,3.166962688324124,1.2409986690990389,1.2901895431572286,0.7398810232771317,0.0060662835648575275,22.707384380360956,0.17007103642693264,-83.86493678507131
3.4048507811669637,10.700602354546618,0.8946806933481186,0.685942274892267,0.7159848818436295,16.493340726596045,3.091217344057684,1.3112741189949013,1.2315088191548142,0.7698816511746317,0.0406812356899871,17.5538620847304,0.15143139847256,-12.693994469005375
3.4003710594360723,10.069731548831834,0.7358612779097785,0.6654759100543307,0.7125080553007203,28.25424567487191,2.953091245242797,1.2479830748550804,1.1111836052791941,0.7936382883231523,0.15027283832273763,16.257911201819788,0.1666246053644306,-35.7232645279862
3.421680325979719,10.874399448737647,0.9051353887526714,0.5973880569013464,0.7476733437390463,16.051105855468034,2.6930485801629884,1.296894596361164,1.3288097111527732,0.7953559650557175,0.44362834322048533,17.219255842281353,0.20657802172092282,-59.36816988260978
3.4301217599263083,10.899501128766001,0.831201936924466,0.6164482384124663,0.7266413775582934,19.46038470565139,2.7572371263797244,1.1333658516360223,1.2174012358089976,0.7974499114615525,0.29437679428931135,18.16702904172549,0.15871758336156327,-107.52620156362893
3.406966515410157,10.14653129776553,0.6899157091314058,0.6027835270408357,0.7188046340769214,17.513804341755634,2.990000427854955,1.3995894763470904,1.345462312311159,0.7797474430488824,0.256027065940526,22.58550567782194,0.16414675501148573,-30.661185770737077
3.419538654087827,10.463852376257506,0.6703065522850252,0.5529978355603774,0.7141984266292661,21.263482871895604,2.6653617551465945,1.366992673938382,1.177761859914034,0.7260390913756586,0.4669987043386216,25.175339189667948,0.1843654375612037,-58.366907383534695
3.4127857283539815,10.619696647961536,1.0091406337091875,0.5873944489513322,0.768861183841959,26.32255024705958,2.8649968550170213,1.173546938340465,1.1512084373213218,0.7624754938372936,0.218026587415469,24.132240105800683,0.18103337875023168,-48.18336349893747
3.439613787687246,10.799238944327533,0.7148163448787106,0.671844049367704,0.7529871093996532,18.976502803166547,3.0471377230717462,1.3258861685088257,1.3317905510673116,0.7030230475143405,0.45110163416967625,23.887678167309534,0.16741606077947196,-20.8442132945912
3.405889090580889,10.513492480933863,0.8007938938539623,0.6159154737618944,0.7079791428714707,20.33294091536072,2.7193069468828064,1.1795705529935556,1.1310928312021242,0.7664393724262784,0.4714131474746858,21.223079190065462,0.20035481876023412,-75.08287936406208
3.400362751687634,10.281732904183935,0.9569961767197461,0.6838690965193888,0.7793710720620431,20.326741537371653,2.909944865576167,1.1365729131442477,1.1265479372917304,0.7671117828226607,0.012788440269313719,16.027160386130536,0.18729778520071455,-18.305240029071427
3.4071053175924657,10.813756869250064,0.8787917723185562,0.6143282786815695,0.7435354908417803,25.835681337033144,2.7955619815185146,1.2228532112209278,1.195931357522478,0.7379105541751837,0.26079825148904245,16.939565150277232,0.17781439618074413,-9.339665328647442
3.434042023136331,10.458404484872347,0.9392671507932052,0.6112602520559275,0.7428674855197639,20.926667539578364,2.7142369595077422,1.1572632898785895,1.2750460197195508,0.7171745004313883,0.35876149843742383,19.401788431629853,0.16405937291064807,-31.396139621543057
3.4093430066288852,10.670812186658884,0.7989592580495186,0.5627672148659161,0.7702656886055905,16.94456238206505,2.9312355180609404,1.1685019008814206,1.1793577590524118,0.7846131644940175,0.46010017168182527,18.004611903774297,0.187681676474697,-117.8166676921241
3.4390362172137223,10.320819306801585,0.9812853575858471,0.5636285923870599,0.7232189642004919,16.13040223660249,3.1326836490464247,1.1593859946234981,1.1673202581983597,0.762140781001308,0.36113519918783543,16.187648156321206,0.2026526573231017,-71.98221781149289
3.4080049680628925,10.352319458167646,0.7026533088311434,0.6108792678818747,0.739416745463313,23.618724638331482,3.1731480389114157,1.1392867440282823,1.1369613730842878,0.7529962511951189,0.006724486820062952,18.182297182542246,0.19569703734946528,-5.772441133827726
3.438707198948027,10.398483189241711,0.9651877665472859,0.594459317901576,0.7133837015753237,25.851100424917814,2.7216326799808592,1.3446531809038058,1.3273967475254609,0.780325573368141,0.44496356539442317,19.618252376695715,0.19696435920864455,-59.93182252017843
3.407603957751601,10.114011701526884,0.6523904493881549,0.6644450484983332,0.7497247845607267,15.74133100624365,2.825621688479738,1.1702802670914505,1.2376430527909648,0.7095381016443721,0.49129063142828033,19.000025255412517,0.16746114281155539,-20.233703987496213
3.40019660956309,10.047475784231512,0.9941876458776917,0.672103509987401,0.7329953891082025,26.58019606950161,2.9089718468627463,1.345063795736516,1.1777188399484138,0.7179236785660471,0.386879945107425,16.105595642486815,0.21335078547727698,-71.01521209348749
3.4067049885751026,10.506904570885425,0.8036736889454742,0.5872602165842339,0.7371387693641981,21.909201319866703,2.8953253945800212,1.135500297039235,1.1207956440305038,0.7811811438755571,0.32085403148829045,20.674019948992076,0.1874048622925601,-104.87523242287659
3.4272429411706438,10.893200004599942,0.8393218483036529,0.567731531907424,0.7396115831497148,24.76113410337551,3.220816191062296,1.2013918464295719,1.1285696007615118,0.7651362183882252,0.08265571424973844,20.02868273764939,0.16734776654129943,-84.22447676634488
3.410891921829705,10.360002827602653,0.6675515614823364,0.6648264419282011,0.7104190791033266,28.279569820853297,3.2323207392718154,1.3798513609386416,1.102018433600898,0.7534095746270901,0.2775233396800581,25.18322321935146,0.16001312765479392,-103.2671847032527
3.420897570920793,10.092599011939832,0.8894877221968903,0.5760712459288553,0.7334291405006538,21.268108941995635,2.799784908915652,1.140528414228671,1.3647759609488457,0.7791904134310361,0.1731550648151021,20.933300764774128,0.1726339085757471,-8.47055259297774
3.40853500583765,10.278318118135664,0.6968791919603738,0.5532380159506751,0.7661565287511177,25.372922432603403,3.1943229862024465,1.2335219353225846,1.1417220170256035,0.7348935573967885,0.44938798144647346,23.746987401034488,0.1711458033956461,-80.41325805747842
3.414014588627997,10.043824397831681,0.7064839833881497,0.6534983852171571,0.7047794269123842,16.830101998871697,2.86260527406515,1.1226308346608604,1.206680026945385,0.7200396763019173,0.025745128627207577,21.446414302449558,0.18064442685542897,-37.14542461371916
3.4137283582978077,10.063145594526238,0.6606316188222872,0.6694778813072816,0.711561196479335,25.348651533447473,3.0546508136471693,1.2974195872538352,1.2318828135613404,0.7035326177142,0.48770790866273256,17.98038819120204,0.16340963995677496,-63.02246270030335
3.4383622690492177,10.62380287769954,0.8931744719649543,0.685977381404067,0.7271979656068236,25.916584941114774,2.9022272722916576,1.130231689319931,1.2920383616874067,0.7392411510310161,0.059606611845158065,21.239078034250458,0.18624887563544457,-38.527635750661275
3.421150570698219,10.404812187217447,0.7597745002815381,0.6265784797552723,0.7144097252502403,24.061968643756,2.8585549434753004,1.2433382566541393,1.2958159683291655,0.7783201323989744,0.01556170794450633,20.959577813632514,0.19634796311357486,-93.30199691763941
3.4221632708513496,10.823461085596467,0.9933565266649206,0.6008357743175511,0.7530741998739886,25.538989785417506,2.7989437359183995,1.1558169294498353,1.1193627071567258,0.762629434577083,0.4578824970375792,14.941806477015831,0.20670858644119167,-121.4723027241916
3.4016000586515207,10.808586392443733,0.9986694203937359,0.6224771743352695,0.7799486255689373,17.1193535262273,2.7239356356246005,1.2229286651461615,1.1358345745979979,0.7047506878859519,0.41544656199035496,17.24071943444315,0.1691977548046314,-123.61848761678687
3.431033207974659,10.882736382427113,0.9498591619950512,0.6760210465349178,0.7614422769890044,18.50501508126696,2.986685147026967,1.2585792979546624,1.2701098218649118,0.7531301933083034,0.1570098210463378,20.879732536913554,0.18986863120567743,-73.27441806674975
3.406040072570121,10.622409526927173,0.739502314640632,0.662614678969021,0.7349432110025241,23.860021588175176,2.8858815347731452,1.313716010325025,1.2441330245877977,0.7260256721286316,0.395827765308884,16.10115561037479,0.2156312713770065,-65.91908539286806
3.4060396058467504,10.677240483209225,0.8779797910172864,0.5431996192364513,0.7087306717819671,21.674779633977394,2.8345657176997725,1.3972854449330596,1.3034567541613882,0.7840751937983965,0.2662425696177589,14.081486202981766,0.16667029648410972,-74.04315732038341
3.4291336239911647,10.28213258902329,1.0114095857099237,0.5418930370638552,0.7657906322114416,17.269153116961807,2.693930857606302,1.263786157322564,1.158718031926815,0.7665287083485836,0.33625547748994455,18.302160799818658,0.1926614655730947,-73.92190997957923
3.439388178610982,10.79258527835775,0.9899745615992317,0.5462824113541956,0.7088128613750663,26.33323588436317,3.0463259094758857,1.1056336211370357,1.3342580336463616,0.7760436495326503,0.49557042453017813,18.368454695734467,0.18133978378607757,-39.52092099032653
3.4243905568554722,10.012764937197646,0.6994637850941136,0.5500406541966543,0.7032393738669549,15.495279384974154,3.190558202169714,1.3308945154121756,1.3854555198569607,0.7757650957852688,0.07085425216348834,19.193532570938814,0.15498439938178954,-110.98935276306601
3.4269286546788122,10.45285193516694,0.8066542371932056,0.6558517130819875,0.7215400455476672,20.583602494940486,3.154415101343625,1.1140427079622113,1.1481924312478624,0.731628689454529,0.26374102036529035,20.557753963779895,0.1883258496343783,-101.42209193259858
3.439168996657461,10.660629917066604,1.001112932517624,0.5919254846413667,0.7075210581498838,27.087681628917203,3.248006918022396,1.3015030332950202,1.348614176527821,0.7585374226466267,0.07895439270578833,22.183987516365743,0.16274266842374346,-5.345417507180841
3.415380154587799,10.15303825063547,0.9567432797626823,0.6189032333021458,0.7246044843235019,20.605939140413824,3.0144722017513748,1.244316701594637,1.1828493557497626,0.7607590675721421,0.1261061332990673,19.98263889819314,0.17314862509471077,-33.22548337570814
3.416884672878419,10.665958475103066,0.8222869836735982,0.6802982773833399,0.7612540478300241,16.905591460129493,3.010024122123237,1.1770633293408563,1.3452131358402495,0.7640994692406176,0.09148738614535698,22.523515106261843,0.1800100176965492,-48.409473344543215
3.402049064578268,10.0455716638202,0.7369328531697802,0.5969305334660263,0.7699637056297138,22.373563178891963,3.2159048479302443,1.35932343071144,1.230331175924322,0.7816187762720759,0.0349192925851418,25.319839467217612,0.1570978859495894,-0.39671929531465366
3.4059299282339786,10.650287757818868,1.025387521410198,0.5975587208585679,0.7665073406751778,21.737119883651776,3.0432915953033555,1.1012384779244682,1.3554371028484296,0.7264044917798828,0.07705866812500531,18.04340630332772,0.20246086075568634,-106.73929718309219
3.435514150912206,10.179746271738754,0.8007049111157257,0.6910728693988585,0.7599765932042819,23.755543361041404,2.701290129797749,1.1636035894025012,1.2619959589778165,0.7216635926018019,0.22140979656211354,16.91706425079254,0.16605841512629277,-45.295683171822844
3.4081249462308008,10.123900954448027,0.7723457512205849,0.5831923583050326,0.7646109470371267,23.645411503286855,2.697386267596761,1.3011434370327548,1.3916489625795174,0.7530712652744258,0.3655199942531883,22.12475248087478,0.1600534368180543,-63.97045880817516
3.4324352652004717,10.108633668322907,0.6501830140074868,0.6972138072505603,0.7295159653440368,25.876933513724335,2.8850627587879187,1.359034654370715,1.3627643385723824,0.7963488419606025,0.2318262049147209,24.40628121787833,0.19074611055072127,-7.381698160798706
3.4169122245413908,10.11846514633637,0.7075567995760514,0.6201577186038811,0.7342935011360188,18.46681819282164,2.71187728055812,1.2169965497167756,1.1273558512803346,0.7431874959079735,0.25685403099424764,17.009808706415804,0.18143755582422974,-73.09912138464574
3.435665913634954,10.87891939672101,0.7924337103486808,0.5696250622683237,0.767905150174255,16.33211331284873,3.0510427992206774,1.3612278197471945,1.149799214028235,0.7290707245251938,0.4723806375991076,17.0207510899927,0.19479115338938915,-38.295789705780294
3.4193354486333836,10.328796600090147,0.7638360855590213,0.5980501141747947,0.7433451054710902,17.31687210286571,3.245884475436437,1.255895746591446,1.3343120805869675,0.7332197165877552,0.09264325394234334,21.142938215564328,0.21761001869895974,-109.79357467247326
3.4282261679874506,10.570380523414464,0.7011298969132423,0.6826690092441802,0.7292436476017349,22.047567411164145,3.2143322822136726,1.3763641982681158,1.2596999568413907,0.786261421230674,0.49954802889044236,19.73482071636147,0.2011465516795758,-18.663944713536992
3.435451517657458,10.839987133373175,0.670024463220386,0.5790594779439174,0.7421121259505868,24.71044605808727,3.0985793937598274,1.3627486947076695,1.3632282188803537,0.7594696781226461,0.1533809764038655,24.131326312088476,0.19196725608823106,-58.75173195319125
3.410883116513271,10.519237821853459,0.9634738985045534,0.5869576704029974,0.7388842630879553,17.957517394697604,3.1029934089789895,1.2085053174377514,1.164816317676945,0.7083217473527516,0.37152950286609104,20.134870806613847,0.17411543017744452,-82.13032938734976
3.413790270886839,10.669815297058706,0.803291015357126,0.6051536870910755,0.7541348899071327,16.476517466015974,3.133427129396227,1.2639591308117926,1.167603957102006,0.7067483963484608,0.14508536534209768,25.64427067440091,0.15946151204420406,-87.1439563267336
3.407066167730637,10.85888111126497,0.949298614434841,0.5959169492241856,0.7188664077147249,19.651660988477378,3.0803682351459254,1.2755793960870705,1.3048931289674675,0.7221631002411777,0.4341793946802192,17.69655550087209,0.15565188703052907,-90.83912072789732
3.404889655358436,10.241828007470398,0.9487809126852247,0.5998340245974526,0.7716659443929736,18.670238192184364,2.957465732511018,1.354788404635721,1.3261704126224565,0.7608628756373573,0.05944868369746272,25.965114076291126,0.17502520816444667,-52.00929215403178
3.417109187603757,10.729183745710424,0.7740461586588895,0.5447361966287132,0.7200478700726746,22.557659363693887,2.7300929142920327,1.2857920540759942,1.1323905791893634,0.7289023430623067,0.2642249884739336,23.528703601762935,0.17267214383157636,-75.67695192091092
3.4133197218332376,10.575568608002708,0.848444384565022,0.6973929680613155,0.7797610595363107,18.67641104379311,2.691817288754429,1.3765382867791673,1.1018249255800896,0.7949823970128299,0.17629867405043032,17.825305773199183,0.21364923665481825,-53.504522087284215
3.435883868487954,10.766791905440119,0.7110241744161171,0.5481654868750642,0.7470752467613526,26.496107409109108,3.2451806857349155,1.2488823169254961,1.31493874116918,0.7369143885694414,0.45674727547038046,18.70922916034103,0.15357868144051726,-112.59625565143304
3.427665822824218,10.60875090890735,0.8331403326541068,0.5749662619022923,0.7493082727083988,19.760730201712107,2.7335460072038646,1.2129817535236287,1.1578875222373934,0.7340713527037223,0.12280968362678674,22.791949557736007,0.16050947050503514,-33.16582203088717
3.4045414697925733,10.764734875449202,0.8707290999562539,0.6081120390142516,0.719204395770835,20.15103879195044,2.839394477990655,1.282270130403705,1.126752340853062,0.7350313154875938,0.35951087366467677,14.800149545453783,0.19895111785957753,-9.725260226518131
3.422855910952718,10.249442643761638,0.664332360919342,0.5603150902466767,0.711132587282079,22.536565280318673,3.0786907412086606,1.190910734919226,1.1338525562928268,0.7961855598266764,0.21207441818867911,19.105342647506674,0.1699618232640552,-115.4722330848426
3.434130840010524,10.701052501048732,0.6733996624368215,0.6851057001828678,0.7134331432916453,17.33521952730039,2.9162458668269133,1.1606501275468015,1.3862111239627393,0.7800404206919094,0.18903747138334068,25.533670266789564,0.19977918463918876,-29.28932935459605
3.407937489380535,10.184041329181843,0.9788196003329426,0.5963055697430323,0.700017230099658,16.420156830435257,2.780333805243194,1.3595815748982325,1.3389549813189174,0.7215494742789508,0.3200303861484349,15.902830137213286,0.1961447559103163,-35.74709569162867
3.4008406841470604,10.577778178015807,0.9638157773023763,0.6171584225376561,0.7741084805551753,21.804736458467236,2.792529129826537,1.1347975531831274,1.2617336523193543,0.735690362601111,0.1715489879380001,18.8423332992393,0.20633469917361963,-83.71269332280241
3.4393479241150215,10.202475556816431,0.8589339689588351,0.5424564895845474,0.7577380193137233,22.730831339793845,3.0855611713695517,1.2456541597670427,1.3394200172860777,0.7153377473604348,0.3035984088847499,18.24754058508253,0.19085884165123762,-23.539298309742577
3.430138099893866,10.060930071051896,1.0219931899669292,0.5526486333739837,0.7418181349651349,28.24235086490765,3.2736286124581335,1.3753757439210257,1.1775243820040902,0.7466754507363661,0.2339470939923457,22.889215907138116,0.19975968423488338,-61.17003212241066
3.433500117668746,10.400244958266647,0.80862529525327,0.6375129126498396,0.7170464250546297,21.887407347726025,3.2634739884166883,1.1924440942303411,1.2522563634736015,0.721011973563799,0.31983714394919394,16.78587104951725,0.16190039752699012,-123.04425175938722
3.4090030372116376,10.253114612100914,0.8808278969447002,0.6861060756349786,0.7369529867287337,28.21500503152222,2.697271409753034,1.3435342020685257,1.3638708243249589,0.7290439462733848,0.3501844495214329,16.265758851514214,0.1782050857896886,-105.6418987200205
3.4275854115550235,10.615967010193993,0.7496848356206703,0.6542674277146429,0.7279824047783864,26.287085701084095,2.9125117433465464,1.3347751717494238,1.2738161766139326,0.7980950284821402,0.4032058138117425,25.52899342779617,0.16306905837304447,-79.2380170854239
3.4003465171522738,10.269977777828435,1.000247319166554,0.6770317450568428,0.7315695821689844,18.999509461018246,3.181238293353021,1.359838931074632,1.35875323185917,0.7516278161280128,0.0659180323500833,22.014419518450715,0.20028965496013718,-95.79530905023499
3.420746720834777,10.491640053293144,0.9819658369339785,0.60202504485387,0.7743583521601961,22.845723538710665,3.235717995795458,1.2410114250229642,1.2394157791329514,0.7661574534552344,0.20731628631015878,18.523984362690214,0.2164208162908825,-25.045048707221525
3.4169942585002606,10.365345825649953,0.9667145886042299,0.6136055375275152,0.7454835603293091,16.91733700864618,3.188037804579197,1.10548604788927,1.1090246151753593,0.711698841999746,0.30085367580383066,18.86794699632353,0.18870219658654452,-123.14682013623724
3.4240991649925254,10.436165782881428,0.8145756203200875,0.6657952085127289,0.7088728414974256,21.72731525712608,3.22393928901193,1.3268940826113005,1.1966867133495733,0.7925887061095673,0.39820284764991115,19.45443402045182,0.20731957858550948,-87.64529761348956
3.4102522656822325,10.641083826337665,1.0021748267098192,0.5429494266344297,0.7287212365625946,24.50750563456039,2.9337756530334054,1.1559038712180567,1.2740598109806782,0.7209188798383527,0.08962916681697142,21.953700146130174,0.1710073119073601,-49.15759704313503
3.4267610113638325,10.031010486804597,0.8210626951260986,0.6666220043769981,0.7598767572668788,20.58526466762809,3.038411469097038,1.1866002480171391,1.342149196227379,0.7002790199323082,0.05669151153265483,17.363098521976905,0.21336634140684116,-87.86646261680394
3.438335259757281,10.42302072590125,0.7935637920286098,0.6273490481561041,0.7457553233760279,16.500410980333136,2.8039436153458417,1.388524982381938,1.2520107061583252,0.7149882243899098,0.27857717711254765,21.45173751314264,0.20403692863341316,-57.961639906694714
3.4029280387027967,10.408698357872245,0.9272413475894521,0.6309764026614602,0.7349790722504399,27.430930835019723,2.7744313064916324,1.3353530885335594,1.3252026650382174,0.739261833798834,0.34297900803795467,23.60775167328898,0.17233126034604093,-44.725224488021524
3.4371797968210265,10.013481066309055,0.906535221275885,0.6233807091940378,0.732296232303156,18.85069666261335,3.1356353466267226,1.1165363488711706,1.2197920181018764,0.7759684112153425,0.1009941079512293,22.4138293696065,0.21913695622615198,-70.72384051477655
3.4356125980162164,10.31080276085272,1.006245921011073,0.5995951586401976,0.757202720813901,15.612608710259652,3.2128096531520702,1.2066367975325385,1.2883320354611276,0.7840353450400877,0.4270320870920839,22.387611492039568,0.17335916936535234,-0.7491483628804616
3.420678809952334,10.715745740223632,0.986725996700069,0.671579816387162,0.7316607035156037,19.712598359899054,2.8177433507910057,1.3613158201123219,1.2612600855563945,0.724840501078556,0.1622556829610642,21.768495225104065,0.20470396292044313,-60.36146747831632
3.4136982646199847,10.777253847944513,0.8328409908760361,0.5861905930456366,0.7151930521046986,23.421384540561878,3.0143707649843927,1.341544446700628,1.2806660141949988,0.7711238959553501,0.23249709487204212,23.291765472089416,0.17593836958044592,-8.758410017380768
3.41519201908454,10.0870756199242,0.8512891281966892,0.6441863826120017,0.7365284845805408,21.10747650584895,2.738789011665058,1.148484266855086,1.123420506962576,0.7412414541851895,0.1648060718804316,14.186810534947186,0.16341531046227065,-4.34077427976284
3.415069821787312,10.329159610463616,0.8177864539267534,0.5681056665136629,0.7172942728464915,21.364610601639747,3.05173284671939,1.3086970181906004,1.158659429917372,0.7269382140934071,0.30060956481877865,21.72034664562735,0.21332664332683446,-76.82838656800723
3.4289480965537296,10.122345429216505,0.7047077508294057,0.6032014438201925,0.7639765986359119,26.77364638584381,3.133979008744088,1.380563596220501,1.1625691175186832,0.7310765674244064,0.4612700318173452,14.498003745932266,0.1845146325656365,-59.1518815459941
3.400322566790061,10.182651090187603,0.962607855823107,0.5572509076758987,0.7352141786624559,17.89848824983065,2.8388499974976558,1.1350100791120101,1.1302935077036829,0.7983006206745666,0.4011394687668191,23.317000561185353,0.2088065659033973,-115.71679791959838
3.4045468038063516,10.23506073951113,0.7098128319489386,0.5451495959969449,0.7775060748430559,27.889517471661684,3.2542053758649434,1.2640259409509131,1.2924185340611258,0.7221533013151941,0.14269569664595128,20.3072226019789,0.17094885547455937,-78.90067199399115
3.4039400988559834,10.238411779240215,0.7406277710657304,0.6217906171609132,0.7422402756675441,22.9209448436494,3.094992557845341,1.3156210535959163,1.3241478395922188,0.7359096744016096,0.1153281014091068,23.20721205814501,0.2093529000667486,-47.45030008515556
3.400232770683578,10.64031935059344,0.7793726804526735,0.5892556516088032,0.7124634161363917,26.583931975178615,2.8474693153710584,1.2886802271210724,1.1966289069177272,0.7879885038232008,0.22033791864059038,24.648516723584734,0.2027360852558563,-51.57260265227863
3.426293515788479,10.152694966489562,0.6524035607197558,0.6157201507161937,0.7771384398491151,27.034530052454045,3.01822857575691,1.3625433023763667,1.2720858451678325,0.7333730684482773,0.12249914420227401,22.749870734850788,0.21271588792295654,-19.550738298042873
3.4260789087279395,10.267709912306566,1.0025239955437462,0.5814832905665661,0.7030078641807435,27.13108445074605,2.7067149513047193,1.2890001070650559,1.3995347736312653,0.7698248829198743,0.42802339972918513,18.387196417090678,0.21584110569667625,-11.960266146850302
3.4013697845244213,10.043402962832554,0.9302164093659334,0.6026025979119516,0.7763841159947847,26.647068977847265,2.8674380865894173,1.1836975088203243,1.2017351535170784,0.7018897951511178,0.043522754059843634,19.314188400215812,0.210481828358586,-16.034773420541057
3.4036362321761358,10.734598191888276,0.6726193572798975,0.6906847502435214,0.7779878923020227,24.387838559249715,2.9625539097167812,1.3444867626713686,1.2796767096351027,0.7669666046654733,0.3426169106022876,14.916256759997474,0.16730565222574828,-17.18442983076629
3.4146565468880152,10.017651670662788,0.9282067194017064,0.5925530089944372,0.7014281290472614,18.621207282303708,3.043495843426946,1.176545368751859,1.3808592202259689,0.758167426029848,0.05191387253162484,20.051120068678248,0.2133587395314841,-30.463596810339666
3.434770092479674,10.751024610597337,0.7194626324038831,0.6137056370342886,0.7317003591530583,20.451425943744553,2.885221240509769,1.1255107788191425,1.148589216278794,0.7931368710771123,0.4318821113241584,23.247671240831714,0.17863540641675127,-0.025782533006207586
3.4332993387302237,10.600112726671949,0.7180839361450949,0.6753493652369706,0.778627746321767,21.598093508213143,2.673395112824105,1.3455704989854842,1.2962598530182712,0.7853523651645427,0.3139601329909845,23.665573585598736,0.1835934235545222,-105.75648579329948
3.4323537538406326,10.855100658078086,0.7176400939267229,0.5685352874976131,0.7705598948755016,24.740857696921303,3.0653784777577164,1.1434321107885603,1.3001599694523231,0.7512436400958988,0.32116975017446614,24.77634402347556,0.20846819024815388,-115.81927543681242
3.417034422030895,10.581386849060852,0.8283145827584695,0.6407331618210138,0.7332741002580982,25.652825941002966,2.930852458171445,1.253492885078996,1.3611048122828506,0.7010501080492101,0.4817038784996341,14.765619645854251,0.20944143177715555,-79.73265759670538
3.4359788158898845,10.04319496715327,0.8536848252905953,0.6351879568561842,0.7045182645160445,18.699651343011162,2.833451587391928,1.1758392909373216,1.1048685581072437,0.7281835513249291,0.1795683755459185,21.708683056693136,0.16261209311709207,-118.7211838811767
3.423028962865932,10.663007860282368,0.7449982294708235,0.5786796790450467,0.7289538731927125,20.794005218973663,3.1271875500475277,1.1103175384609676,1.1025537288199996,0.7157820733513959,0.35593741457559686,23.790892118516087,0.21286093675299425,-87.89100450812879
3.408591593756961,10.260256281266603,0.6924199762070363,0.6122450092217632,0.7621547490306696,20.505208897598486,2.769171990004589,1.3176529711733787,1.1897827480176961,0.7721565206140045,0.3027252390890214,24.76687693235182,0.1793415885545235,-77.94846789652487
3.411889529877286,10.258535898590608,0.753438058151574,0.5610869839587405,0.7513086049982609,22.67412277689254,3.154279047035737,1.3148804461056087,1.2239307717820176,0.7298900865948703,0.27166976549714533,22.014806922590267,0.16398690864770465,-4.777894168459227
3.437726989740914,10.247061356841611,0.8246748901834644,0.5850352981894924,0.7096814685996913,21.496824285531307,2.685922915600431,1.162920302844786,1.3803573920127987,0.7604691041783607,0.3546920392660029,17.683425320047565,0.17766861902244563,-95.16844789338691
3.4236424641711185,10.682610999277856,0.8426129977407455,0.5550148271590261,0.7620288172951893,27.664628252396575,3.0418415401095875,1.10163578050496,1.3226550891110063,0.7913160093013257,0.057209484466098165,17.185136538739144,0.17892762444549465,-9.771990105535764
3.4068009901808147,10.039078744895034,0.7813167750788041,0.5964350514294318,0.7140177964222895,15.97158231983905,2.9667617101906685,1.3369072345522603,1.254717226542152,0.7610555379807007,0.01797916928841539,24.36307820852224,0.16993145563302445,-50.48726169504475
3.426554849337919,10.33605900134992,0.8561215658159324,0.6312338687054211,0.7735810470024516,23.302392490112503,2.675794867235432,1.1791960859748147,1.2257060506956376,0.7588013410744794,0.11949951668944518,17.179516056657846,0.19296740598809822,-45.46906122735362
3.4130572817946394,10.498731808491016,0.9760520361314542,0.5682013193569218,0.7417621500434821,15.912532842462277,2.677237602330855,1.365336521345102,1.2068784701837876,0.7055047899512505,0.030780741301154834,24.32616595118254,0.17748776227933571,-68.59591410948008
3.4346544449501377,10.886493246658173,0.9215564216039879,0.5949971641714449,0.7745390153229174,15.421205508111875,2.99804183037889,1.3323474277047171,1.365737116571713,0.7259778601028976,0.4892807034493023,23.60621242557297,0.1931714206046346,-38.68444232549288
3.4106947507833576,10.200953402465206,0.8438597567842769,0.6879665830153952,0.7128860429419559,17.635983480230013,2.9161444142989525,1.1426964668745725,1.2058700298902205,0.7600638396777215,0.17134557418153085,23.080114242836657,0.192139773220726,-88.04308803550668
3.420334389098601,10.036835501493853,0.7798138418024536,0.5723620039220431,0.7545925583702935,25.34161188881691,2.9718215051546357,1.332221539370446,1.358847121619026,0.7917751634241376,0.2475239551654767,21.418785371324883,0.1843016350154402,-116.83329707768203
3.4325858812931473,10.509680647248924,0.7169158788028511,0.6970891826583985,0.7743759964331058,24.634192575682594,2.7099498179978228,1.3115492385826442,1.158538707414443,0.7878331858625008,0.36594342142952235,20.969487127767664,0.15113728830238432,-62.97657175893737
3.4028020865785096,10.726129559471099,0.7064647669793231,0.5902669740703888,0.7143845207491094,20.835438273180106,3.0438203617549306,1.2770878107352255,1.2029238179722743,0.7536207736600671,0.16709961928878458,15.226014122820557,0.16949567299598522,-93.05860276945421
3.422817292507443,10.030251549344277,0.8755129122359275,0.6303100754219025,0.7164137083473368,26.2157220445909,2.7896300299549934,1.298426164539826,1.1845197168768677,0.7587312963959862,0.35289404484485287,14.414627611944555,0.20312411806291614,-79.39580353191008
3.407144610273953,10.64184004432638,0.6924805958546453,0.6218353898092747,0.7515194849329216,25.30517256378318,3.2404048586758387,1.3452709057508656,1.1843448842851345,0.7535548335499047,0.30828511765230465,24.286314988022873,0.17967724228503112,-13.742465214685907
3.433414176805917,10.094416770199116,0.8359973894180449,0.5850963212152854,0.7576822773845369,17.426428874534597,2.9221182001598467,1.3029390321606569,1.161037554629818,0.784991724519003,0.08982296188219047,20.204602186772775,0.17568714197802207,-112.63842773708586
3.4124128493179104,10.274529472909613,0.7221826830829743,0.6623451830285652,0.74715461199423,22.115350633476147,2.6926844879575684,1.1107736179378305,1.1624676914910554,0.7216135698884704,0.364302006873318,24.39558579514864,0.1757718460435454,-122.5550972655592
3.4033966082848752,10.009982324180548,0.6878159192625635,0.598899352169677,0.707381715673102,24.06451981027216,2.7096509456784625,1.1433052834750999,1.3039016831893135,0.7713051442426555,0.19716479708850135,22.452927087982328,0.16175831136501653,-106.46081836376956
3.429647166797313,10.052902787307286,0.7277114059919363,0.6390073976000806,0.7333955302781151,16.281384401590117,3.0364367050167966,1.2258108341762481,1.2697120079992792,0.7879366539554361,0.20437694983633584,15.606028177960338,0.17147041420546602,-59.77575220578872
3.424979305710074,10.011054491334002,0.7677297792494217,0.5588515242112052,0.7270624705606231,23.03855011544534,2.790701156416847,1.3650117497579934,1.1006755329604965,0.7906316942019928,0.14210542950867316,15.223487799794617,0.16254400355882023,-121.73389020093202
3.417588727608165,10.571170151628595,0.9710352168572252,0.6596162561870358,0.772282398552443,17.819907584281907,2.8245400324382017,1.2741035985005686,1.1192764126108226,0.779547857631778,0.40643287155471697,24.90918030828391,0.18993279034918795,-50.377055277090605
3.4327141650429867,10.794394546757957,0.8476818056069152,0.5440008836907277,0.715550213601619,24.14315163753924,3.0927153446491356,1.261838277490113,1.3576161899700543,0.7510234850660753,0.46501239138519956,14.74977985605644,0.15805452176196702,-119.0433017053018
3.419529715679955,10.369029912121395,0.893438197926735,0.623868208027489,0.7745321691144781,16.27766328090003,3.1988019290895515,1.2533109143911993,1.3094453784537723,0.7441328330208028,0.11925713320014533,24.45923242555576,0.21740579914640712,-57.51908961103531
3.402738387827243,10.758295701706047,0.6671470302570324,0.6397192435131651,0.7376527085227231,26.63935717165985,3.2142682421076834,1.3328013809457335,1.196915902291067,0.7584174285224943,0.10193612398192992,16.88353574496692,0.18998795399990362,-29.449506515476884
3.418636460448963,10.131598168506933,0.6725363578943269,0.6708179151978579,0.7335148872659256,16.440857124271375,3.258721685052281,1.2297448305094867,1.3523879619859458,0.7537710120087528,0.22232738650771522,18.934528664906257,0.20635609499534727,-18.391278038773507
3.425925298263189,10.689370952160852,0.691404032356817,0.6657301964301845,0.7719440863852649,19.865838483695683,3.2122811897643437,1.1457330988867849,1.1274517137773736,0.7744906591898161,0.4674623572745621,14.37011608034699,0.2106563429406374,-113.78635643827205
3.43841127174992,10.391346541618976,1.019263444043602,0.6839792155645468,0.7032131916399225,17.1931396762814,3.215258258200668,1.1144463184344644,1.1461305599698681,0.7814884836956615,0.30012888366111057,17.34751635081933,0.17930792966749867,-21.987713589445804
3.4238296930072027,10.715328013859088,0.7835111554143828,0.6087501684480742,0.7457203229690524,15.790222372454483,2.937224042569311,1.264753233884599,1.3906046327818222,0.7344767217883953,0.18296712098581494,16.558751573832915,0.1918729586730088,-31.37485624120451
3.424114651487193,10.510240164628252,0.9311518405776456,0.6091501915712144,0.7667686142887592,24.693384500751232,3.0804039563988477,1.167285222187532,1.2729177414748156,0.7181071596130338,0.30723096879601464,21.957941427456287,0.17037149110650657,-22.63252284174486
3.433488415503772,10.089362150286716,0.9179411822335692,0.5432593111092706,0.7104426239203857,21.77417854974085,2.680925980902568,1.1606845682308657,1.1923709895130448,0.7407272667070746,0.4849216413226316,25.644837816617446,0.16128408766240473,-107.38103580341156
3.400190065283086,10.661809482910215,0.9376273653617739,0.6428494553129744,0.7422532092655774,15.650064561213826,2.7642730443493697,1.2416302484003026,1.2316501726606954,0.7137328864442635,0.2879484495804243,25.984086147930636,0.21759282266758187,-80.17941422481492
3.4016354366558423,10.437243155078557,0.9955637444380381,0.5467674479490814,0.7418924443238396,22.08307682423342,3.0597244570721416,1.3503015158810734,1.3631604687915808,0.7038885477237727,0.32263293465566956,19.594861730572486,0.20530451489638324,-17.737733687795185
3.4158918058240406,10.17410764035,0.7071026689689561,0.5987845314113185,0.7623929136208738,18.81572720621623,3.04311656659824,1.1477478245427692,1.2051926379733524,0.7980347430965574,0.40880525534411205,24.390869218364234,0.16808178030922152,-84.57907929791716
3.406208516190632,10.291777758818345,0.954934843225133,0.6021675497217225,0.779627274602411,20.68512217517212,3.2059444792945326,1.229293918099325,1.1220804602270416,0.7081823385266423,0.13429868392027722,25.171412287061443,0.15218802903889062,-93.91216946671275
3.406537174136339,10.770697087196325,0.9888110618725263,0.551080404331617,0.7218325096091799,28.33539857332339,3.139624799501364,1.3143317879270797,1.2082088469223322,0.7611660376148325,0.07885606236370206,15.958959303794057,0.21105394514817133,-20.794218268175428
3.423798023296817,10.303044684873905,0.7734246254516605,0.6763894275083411,0.7372943576118689,21.74811578765153,3.065546033455728,1.1038183257164138,1.1613939314709842,0.7982384357559733,0.42274176726778695,24.257891240108698,0.20951316816665777,-83.23262891584008
3.429507348534598,10.428920109645505,0.6563578547142106,0.5881561601445712,0.7448253212143361,25.88816980191789,3.138157790056297,1.1581281509848746,1.2940677900995088,0.7233479402897594,0.3279999483122018,14.568895761069092,0.16780338685107868,-31.405998053502202
3.422581278937856,10.667842908432988,0.9891070982973467,0.5875858407023095,0.701194125326664,20.20153525638583,3.150034075223124,1.1006815944425519,1.1559192941210708,0.7827658737378131,0.4516659039399599,19.326630536854584,0.18765890121669157,-4.92938286472274
3.4389143893106437,10.209176733881424,0.6574758595541483,0.5741647151386354,0.7155901194712923,17.089761201868097,2.9509248001947768,1.2427738193081264,1.1185031314765512,0.7019995013826591,0.4476176351094149,15.171662244237272,0.19505363806535014,-31.7373642718173
3.404864680229685,10.730091758817743,0.9531563186889414,0.6642152933543124,0.7004182654770479,27.27485336872455,2.9269892267496114,1.367603722403875,1.1212703391806027,0.7296126032515164,0.2726256696480693,20.123714761441683,0.15855067861513816,-26.895551370714443
3.4130635223010937,10.851212649341946,0.7011098581774933,0.611873338945897,0.7202111946920396,27.61711959456767,3.036884368820486,1.3349191104396332,1.1059856745745082,0.7957601915530502,0.022801821866544246,19.0654328154601,0.2075205797320253,-29.2461213344896
3.4004612539216823,10.609843334425221,0.8512517276813951,0.6346640927081072,0.7434069549893075,17.880031918612577,2.881573245615829,1.256658430279108,1.346304837187318,0.7776789071891708,0.4103195497989337,17.676747815706218,0.20665385800901362,-103.37761910055016
3.434247889438085,10.802412477179939,0.6609750566750022,0.6595812905305924,0.7048233871243615,21.32887411935304,2.6955397691799305,1.1108546483958137,1.1668214061200735,0.7021584889773201,0.3870825845762292,21.447733402279916,0.1589709638135201,-85.22727526302458
3.4224299165185412,10.824680700460965,0.7758974607164826,0.5640895600702389,0.7085860690297885,17.205738762184975,2.760881103787944,1.216606696559451,1.147555908753459,0.7277616400418443,0.15227448526380669,16.702371459157682,0.20584791687043472,-32.90242608471739
3.419087299988791,10.764500800874258,0.843077229102549,0.6144400360145843,0.772420976969497,21.268874051770908,3.1951715458184307,1.2676175698165355,1.196133178132274,0.7281081633832807,0.21609130292684903,19.965203669906444,0.1697838892575559,-52.89357534100262
3.408827011597359,10.782106720418104,0.8490317605263494,0.6671880698191266,0.7633537086909735,21.382789992606128,3.184609952268026,1.174031352067389,1.3035949915295408,0.7026636859661993,0.3194730272446508,14.515817387417117,0.16016510561258637,-78.61083781326897
3.415968489427415,10.54122058144975,0.9860882317014399,0.6030217862644057,0.7433611381285438,19.29019738177697,2.7969195587799534,1.3863792392794763,1.311508325381805,0.7543314495496066,0.15222189881540388,17.07680731030502,0.19427081355834877,-107.29747155825011
3.4368402846770674,10.800934798275254,0.7309528832592834,0.5497190502755877,0.7238878295095114,22.38987101178433,2.8912403202215065,1.2764746479761084,1.2986989118040786,0.7686442003535566,0.15891410723957658,22.2618085711185,0.19594084790790117,-10.783209267611326
3.409142808812226,10.485095945012326,0.9390236725805028,0.5776437074213862,0.7633847827637856,15.89037423478702,2.7976726957790055,1.1599188429747926,1.3518701689048909,0.7637791778335126,0.03338423768306199,23.99540627852975,0.17011484949679787,-17.420095464568803
3.428908300782748,10.646754103155484,0.8468565877531288,0.5496571661101287,0.7491937884734121,26.877909166317522,3.0378866470962307,1.284530366797995,1.2059606142737878,0.7141162006370472,0.11455460923372261,14.991591626111363,0.20968788875203329,-17.32528043163944
3.432397736206198,10.007558529082024,0.6932275126649948,0.6477569300464396,0.7625987831123364,27.521977408497627,2.9431271153697103,1.1640218919603877,1.110015272528521,0.739133582351091,0.296337449180483,24.89286098587783,0.16287982104350007,-63.54973371579056
3.4216528324902793,10.012412118080471,0.8666987215806863,0.5794619111881444,0.7794621846158735,23.464559108027657,2.702807102710186,1.1773104334226954,1.3264701354411272,0.7248094980069563,0.07684232071540285,25.754371084247023,0.21108855465275106,-81.2610277596427
3.4244845633904815,10.875108528353012,0.9042580837466072,0.6268216540043786,0.7563617267044651,23.684630034605163,3.244049934616252,1.2386505126702756,1.343470576088035,0.7575275852865726,0.17332009096571513,16.718249373965445,0.20091955597125988,-82.41002488867991
3.4165802369318894,10.094747523828241,0.7054369372576748,0.6347739816351485,0.7489449074440998,24.139490066178897,2.760130212791626,1.1716738148746033,1.3084845024713323,0.7087525581493268,0.3188223017134062,16.987033342028955,0.21798260307332362,-22.913790314783213
3.4143193744140206,10.369905583073432,0.9702617085632778,0.6021060523239851,0.7734063552621566,25.98920149996191,3.2073177755732214,1.3299724783635238,1.3452428150985032,0.7293836588760475,0.41792363189263493,23.67199819496752,0.20464180049984038,-26.951293257494527
3.408003995448771,10.425126927737264,0.9492602399246608,0.6820772520532201,0.778730306555938,23.750716088849707,3.2245636800388713,1.2059553965657803,1.331083951021668,0.7995043780201216,0.360889629210289,18.410516312956126,0.15576644217530644,-113.32281743920838
3.401746281865109,10.637796989571568,0.9594421469656973,0.6674647122973634,0.771942257720403,23.601896149880815,3.063037552559358,1.3024752556600958,1.1550445701067444,0.7106722453197302,0.07133564455398358,14.214989673746022,0.18140790308540242,-60.151806597706965
3.4124077731623608,10.116238062504943,0.8353631649649051,0.5500697813002745,0.7057794477745772,20.484627815837143,2.9326665218778816,1.2566171066017031,1.1559718852908143,0.7181345518420252,0.4571851657092509,20.495397752261884,0.2093933889463989,-46.75403066594423
3.4246483225940665,10.041905366553936,0.7377678015982507,0.5569817933374249,0.7367691848984506,16.457866785289134,2.7347078627432553,1.2119542393449099,1.1790037397081488,0.7794445905421731,0.2269591418672404,16.08732098601827,0.18547802665909288,-26.91598013521609
3.4202128604252446,10.878120907789167,0.7408531638849122,0.5933939907223412,0.750624839980303,23.694685946456836,3.0266723745893365,1.132678943189213,1.1422902505513306,0.7445130548120225,0.1305816194124281,24.943593096591933,0.16513036846932702,-123.76518839382267
3.4079608246859814,10.09396896992164,0.9814566192731999,0.5623242543085414,0.7615399273545779,25.7100281665739,2.6766648900914207,1.1094900143234088,1.3460043005696947,0.7742679995209291,0.2636239480593549,23.415567117554232,0.19720347660506463,-103.68094052763647
3.414833543155439,10.085260446540644,0.8402824248081553,0.6819524742722648,0.7107418918666711,18.92736829454353,2.947941284621626,1.2114626029419555,1.1637417560795786,0.7345498829504782,0.23149021095637845,23.925552048159034,0.17966861255088729,-39.44737731002192
3.413679269562646,10.42028123455574,0.7361894989745966,0.569916673671971,0.726001069694032,22.236435831481348,3.178171440719211,1.2716858652142171,1.298441653565884,0.7959983384112507,0.4340047638914759,25.21281579483752,0.20809028762394455,-123.33522646502404
3.420015859434619,10.149103687899311,0.8692204800896203,0.564445686524932,0.7112636982518181,17.735438332633045,3.1901332349366798,1.1822694821307222,1.2250836988363363,0.7302803361943349,0.4120721471604744,15.6704870000042,0.15377465913399121,-22.964613795839227
3.4358507766668387,10.260612710550282,0.9170414268219811,0.543367915144089,0.7064782732803383,24.64657967676559,2.916558285586101,1.2455660390703958,1.2693982288929893,0.7341005628301391,0.3642684216223934,16.754942632838283,0.17714344876025456,-104.800094752231
3.400914335861249,10.240664856527925,0.816082706576899,0.6164027100815552,0.7531406229879799,22.7639475685898,3.262173830372264,1.194068606908037,1.1015006863860297,0.7542321138694323,0.23177074571778347,25.465255621367074,0.15698696211034394,-38.23696304361684
3.4271601959725184,10.612659341061732,0.7680086324610628,0.650258512269543,0.7641762703362837,27.498726937989133,2.9633026909114943,1.3389160754152536,1.3020536109942593,0.7057096644173537,0.001013055815297724,15.569477239676672,0.1900360817601847,-83.26912047395558
3.4195608654327745,10.776241564966712,0.8353780726852063,0.6973393353900138,0.7522656694448909,18.86928496476064,2.692777327137837,1.1799270641000243,1.1770823895204372,0.753733631780119,0.19174882360854942,15.182792481679687,0.20866991491595366,-63.88128573593017
3.422041323039639,10.71580157859933,0.6787706412795351,0.690457286736155,0.7548004053533499,26.60072623750786,2.709039690574823,1.3104060360245473,1.1295454682808062,0.7264202366347506,0.07630817797713414,19.566010693610743,0.20515144574427358,-113.99659361241177
3.43265726575493,10.45561390148813,0.9766299502287394,0.5972983284110526,0.7792685419240708,19.122135045099466,3.224817833295438,1.1677307908930408,1.1908511506555728,0.7419691034557298,0.32752178746974,15.420512046387204,0.19882196149065115,-31.237210698509756
3.420287065814903,10.117812750457338,0.879315198563529,0.6951638607129222,0.7219521296422706,27.064438589456163,2.8676863325626307,1.315514729974192,1.2099224942182063,0.7323375443341743,0.13285808237392768,15.57247390128224,0.15788857837652384,-112.51846268184035
3.4296066540783894,10.76189078039917,0.8035517640362537,0.6067332049076201,0.7672183839017002,19.543000760883846,2.733399537929622,1.1004476198798272,1.3775649988252963,0.7470756680214605,0.4837661277176035,19.526352531810456,0.15918099796793778,-73.40089661678005
3.414260202585525,10.335477855341374,0.998762426177439,0.6876937657064366,0.7511813234927229,22.991916621556413,2.8682424090407386,1.1769007311828714,1.154073114215655,0.7993995654403536,0.25818453560925614,19.64351942669382,0.21083355937617365,-8.31055383828216
3.409555159414405,10.70556359831076,0.8509339396781546,0.5651988974537573,0.7482945316305414,26.78988965243905,3.1934044040908605,1.2987206304814256,1.1856539028832194,0.736984679531646,0.48589677745608756,15.94479150863108,0.19780120797766124,-43.536540896465596
3.433396567083722,10.519834951874097,0.9811080348284109,0.5902880957468994,0.7493210425616247,16.494047852991464,2.715370408025776,1.1209255805181615,1.381964287318357,0.7902979627240923,0.3526441583810402,25.223834420575457,0.2062173289763898,-1.446809841211433
3.4064484084399993,10.72253393086738,1.0002068486210502,0.6496176740615394,0.76724558205242,23.442914888359766,3.2304072739945067,1.2397958593276335,1.365120267600004,0.747680853389548,0.22618087424990688,14.640443859887544,0.16418148324634768,-4.1546871696841094
3.439439624405106,10.008445920092058,0.8300892985159969,0.6277813169057885,0.7065220071232169,28.036395127937798,2.856224971889674,1.175542561453933,1.2784906932018256,0.7337633363373418,0.4066569914110316,18.690935583748253,0.1538271634078191,-36.687417383692036
3.4248164062117197,10.020838998324615,0.6869213352612096,0.6876970249975857,0.7676783241480243,25.899017226431525,3.1314484504013484,1.1723605600226379,1.1558033218287909,0.7788709589753371,0.18417849589751278,24.1108103285017,0.2148534520395208,-123.92753740681667
3.433050391966258,10.544737692086102,0.7744204223926184,0.6598249398248972,0.7020163932995448,22.5699318037058,2.8600733474556943,1.3908949681432958,1.2602519719170526,0.7530918449980317,0.15358603202334498,20.55828516134542,0.1660469110658354,-89.79984503644485
3.4209697643886954,10.590624025869763,0.9466972540990676,0.6115303640287642,0.7292823133037621,25.301289374918664,2.7279800473255023,1.1592317648632808,1.3225539581460006,0.7808850729796826,0.31730827980291537,20.71330553909988,0.16429049519642705,-35.569313079976155
3.4263836801293444,10.22239943726712,0.6780062976279766,0.6051762818990611,0.7095650100917855,21.281136723221692,3.2249685981285925,1.2715604450792148,1.1937361076253814,0.7745244690175709,0.16852795700401313,14.351857467089845,0.20560669394093803,-96.27383706560897
3.4318694976073854,10.639790100732808,0.6957108138524497,0.5938315476013024,0.76267421396848,20.105527529287645,3.016348425152231,1.3267883382950145,1.1566453395454372,0.7833594502526886,0.32887881692948623,19.23237461158167,0.15476929701131187,-15.930137980413221
3.4308466848170247,10.49706949585184,0.678114660805155,0.653534377464735,0.7553225598091377,16.441684177000678,2.710809115760015,1.2976371541655751,1.2344274525032621,0.7269241958158772,0.2953291898941287,24.253496642777133,0.19050240975732147,-70.4065746349745
3.437302741168831,10.511790072721718,0.786040931090854,0.5705183784674319,0.7390436357960973,18.517556010312457,2.763075801233471,1.3229120249625044,1.1269606734373123,0.7848284054333935,0.17031650435378345,14.903051013328323,0.18747185587084533,-36.19549333516733
3.419441868340012,10.418153670851307,0.9554927962457678,0.5572268926866231,0.7150984686858358,23.842360077621812,2.644455059443027,1.309036508079233,1.141945876844502,0.7349313202012577,0.45913416256541856,18.308279245251377,0.1536894322566628,-113.95772625722874
3.439335649605265,10.204288402523895,0.7766761210719564,0.5537286326245755,0.7217358712818267,15.56877787018546,2.7263840444631815,1.311093419805667,1.3729907424037626,0.7079937767519137,0.28962439849781435,16.40366204281612,0.21473428981289489,-98.5712137351448
3.407680031416388,10.830605262558949,0.9493759656322649,0.571878171333742,0.770470684800127,23.666982258165653,3.2569479760647173,1.3250543239172146,1.2505112333581765,0.7644317011038947,0.4093431441714204,14.83812437743935,0.2001519580647741,-120.47077516857918
3.421988644138259,10.812263546972247,1.009752096010369,0.5935801920425389,0.7141193624335239,22.630048172857535,3.0627267386981867,1.187910138358165,1.1444849281855174,0.7337242924429214,0.48099800465278275,21.57318560185297,0.15280905955450202,-106.34408082135079
3.4222024655806726,10.28358021089311,0.9609219577271881,0.6029448802941888,0.7546886242414124,26.976833313734602,2.8981590640648722,1.3598145450675143,1.3283131947912143,0.717374820289124,0.060756313663299345,25.83377531009775,0.15753364440781445,-6.7229326136848755
3.409263280258614,10.79079868817772,0.7629195237441833,0.6991348376248758,0.7768417055585056,26.20301409849077,3.1945825533836687,1.1366271129834646,1.1199843601173884,0.71906284231525,0.18308483247533403,15.594709747054537,0.1548687215114865,-65.03441685300491
3.421714846279806,10.541139019910588,0.8506461339526923,0.6905289241499651,0.7488298846746482,23.849532698462234,2.918752172679765,1.2979003302833374,1.3941544517344657,0.7994277925638271,0.32700135227152605,17.76655615382241,0.17861306995434342,-109.82591599163776
3.4365204734201824,10.236839045492175,0.8918687757564143,0.6704043470154276,0.750243591972318,15.580947154575352,3.179013777108968,1.3930833031129488,1.1447905314577171,0.723476833821257,0.15585595039145742,24.574195812333976,0.19512060624644217,-114.57968982526103
3.4028798935700624,10.73455099474706,0.981510550362648,0.6629514943684544,0.7009684433763799,15.6880369907258,3.0009421905959934,1.133175573538507,1.2238278782453416,0.7406894904348695,0.11904746325509603,18.31658522678376,0.15017765997355242,-84.25647108038362
3.408986190514772,10.246507690274585,0.8215845935788217,0.6686286944857174,0.7394553409290986,21.637532290650704,3.2180412386735457,1.184631045903035,1.3719697343902073,0.7359105049328298,0.12139000212806969,20.45702728868619,0.1875722830214296,-72.63442850574748
3.423991762896135,10.34280173500256,0.7654018994908572,0.6625391903702947,0.7591408924801566,19.544911231116174,3.226360108753572,1.2133668163237148,1.1784854418475916,0.7961098003576681,0.3754085529793571,21.275483211577757,0.20916246905166203,-85.59379419017914
3.437748003174879,10.463899226104193,0.9064897856740238,0.6992680086923071,0.7188880344367884,16.702109363648756,3.067928339040282,1.2077696755296006,1.2354799633362172,0.7515799375076183,0.1848599359883897,21.40132326156079,0.21546759292746162,-72.2244127879166
3.4230868402848835,10.827307325381172,0.9594194661493307,0.5452502496614505,0.7372072850420672,24.1011007884263,3.13975813211178,1.1745396103036911,1.1809728160991422,0.76949518506232,0.03785797015868286,19.261785743218354,0.21513986458983042,-3.544567726869232
3.4044312918770983,10.166640521062327,0.6897421953147322,0.5463303065056275,0.7406339652563443,27.81233012711634,2.9676692833249514,1.138483092103255,1.2070256597640991,0.7671209401595501,0.29522259828603387,20.563516062465194,0.20596141366119353,-30.528438649014333
3.4006844359543402,10.303391695289577,0.6570539456955306,0.5600982564736009,0.7627714207897373,15.785817836378447,2.8919272736100843,1.21903976792201,1.347734729102627,0.7951179282607992,0.06237304888188048,23.20827960133086,0.20618731484836106,-96.84506706825577
3.431692500541963,10.69050735572954,0.7115799337165079,0.6880772602953977,0.7123591233727359,28.370690097093174,2.7111835451763224,1.3297809857581182,1.3430410813663387,0.7494664639659511,0.4883285897786355,25.336050955691384,0.2111367366321989,-46.607341211678104
3.432555391229416,10.14010005574587,0.6913641609621543,0.5496361897274026,0.7236586584701674,25.345847140524267,2.686175892630475,1.1075449896135632,1.339721414052479,0.7468057498167195,0.1219070442992861,18.99538011843221,0.15907154999615042,-23.21570333253969
3.412338537538481,10.796237535248077,1.0208858678997188,0.6529008341417593,0.7441854942348092,20.39060744657016,2.7296835940578617,1.3531421061054811,1.3068937773321447,0.763673807978651,0.46911730494146475,15.023979378268294,0.20212661923312675,-10.702085422247777
3.424005424148509,10.078225996935775,0.739911715576028,0.6884559900309284,0.7295580557201201,18.85287358096893,2.9559796731604298,1.201634749945086,1.1979516658026144,0.7500802886584472,0.07233262525075432,18.753445496437628,0.16636526623157802,-44.177264855836285
3.4275578869370853,10.810107866133162,0.9292372836420076,0.5807983770680696,0.7318652182163172,22.69258780613238,3.1960711753419195,1.1298555511405395,1.3452922799683011,0.7073343386717241,0.12224871701379046,24.4871167715026,0.19925513323034344,-30.82828868051614
3.40198083440312,10.450458321542907,0.7601235819947653,0.6325883681883062,0.7454156281987525,23.20256030369814,3.0501771404141205,1.3429128127738346,1.3062208026285143,0.795703007400465,0.38659331503766425,24.399715795789845,0.21279283585165445,-90.92679840294548
3.4248818741467915,10.766407996086611,0.9828489030177037,0.6797950266517994,0.76424487449021,20.095728529166905,3.067172214119529,1.3429800159242753,1.2900925633532134,0.7666541808258271,0.36071563091316533,22.80631653498748,0.19816284092236644,-7.7761304563962454
3.4209740471900862,10.411560122660788,0.9522294872248382,0.5968395287396262,0.7027196660470886,22.325547899728967,2.709575873030165,1.3207883067860957,1.2083129388030733,0.7156723297305093,0.02736710906589322,21.352903134710132,0.1700603129447431,-47.83048525221311
3.438009745447762,10.379092484745595,0.7113394828187409,0.6649175927893419,0.7659626885568321,22.839986186660163,2.732938904716445,1.1357388487021374,1.1084018000113522,0.7900895029174032,0.1566778719507424,24.540836988770124,0.15103179406544706,-78.5618941496759
3.4133393648062316,10.175404556093882,0.863282580555845,0.6080738094881332,0.7062523349176452,24.68484790764569,2.739149568892527,1.3619519227803947,1.142170837204353,0.7502847233232679,0.10027683559462161,25.63669811890278,0.15117636844797092,-21.259332606466046
3.4306776204241727,10.85912187573795,0.834699533094687,0.6111233138727086,0.7431866433263348,17.49678403117322,2.7808313574325894,1.2695096421036751,1.230374236884803,0.7336856146940248,0.10838968154996484,20.765417788133153,0.1916506848270093,-52.14047782121125
3.4231020942639,10.328357903479317,0.9336466735230697,0.5983620271814665,0.7509822768721025,26.231158655073685,2.8647570755594773,1.3738902168885652,1.2561387035404048,0.7205003997166468,0.47340522318690975,20.94490425321256,0.19360997059601331,-87.49142362675411
3.4379160621222145,10.074201390973823,0.8481372915819898,0.5575645712245253,0.7233018931117314,16.74547396620917,2.913643674922792,1.2338356220260513,1.1018503798039576,0.709252197513119,0.09068448584809667,23.186217399508056,0.1638828903751256,-67.05245621276296
3.4208567965956123,10.407238881242431,0.8191736754433779,0.5869264556512019,0.7638476740585451,16.231557834614563,3.048432321468918,1.1619583750654363,1.2672811149905125,0.7527617353861119,0.23917140924376087,25.508361857611618,0.18655183131867473,-11.948371905252998
3.4284577158216907,10.226068653170053,0.9348928183002604,0.5550580862245776,0.713186040327982,22.71722334129663,3.259494259274031,1.1711415924245852,1.335873091047836,0.7045474710529005,0.2415771559751281,14.31347261872833,0.21476739368900666,-14.91513414171402
3.423638006855353,10.395842840301267,0.8597846200126689,0.6637189130868982,0.713746165877002,25.152786504314296,3.127093435350349,1.389279283736119,1.3510870186624588,0.7769966410229878,0.29220508688045643,21.33877013564492,0.1616720816806353,-7.870768042703915
3.4091804294509545,10.18485855281981,1.004794879970822,0.668804913280582,0.7286644945709821,18.47743311593502,3.1872665770515645,1.3071238191195387,1.2932972956427986,0.7501072972305671,0.41567785350196235,18.522738048795986,0.1512441759657881,-59.47306388567887
3.4174007805274815,10.876011646963553,0.7914052412762468,0.5723398743148811,0.7104254332919083,24.420279364183756,3.0202752455732975,1.2302037747631356,1.2577738565871655,0.7532997234367147,0.05264586557241217,25.10610793213021,0.1939011418197855,-63.769517149224754
3.4081500475113296,10.178835838488482,0.8109517961280196,0.5558404278965768,0.7484825807729208,19.373259436571985,3.2111684207756115,1.3706468132182579,1.1160263288492014,0.7372960648634429,0.29627444984153023,20.4923972725336,0.19646659080656834,-78.52872032889859
3.429895295023183,10.21268692653303,0.7817450312360352,0.6252874235484788,0.7637531208744268,23.885978681653555,3.098659494783697,1.3104316465680457,1.1739017736714334,0.7355849181106733,0.12229664607144715,24.33998186682958,0.18138060573217313,-87.83075212534361
3.4079705922363583,10.448833638222048,0.7996734183440782,0.6392242095787046,0.7367893800546371,17.732661841909778,2.925639087605865,1.3852670856720009,1.2867835541771377,0.7857950175240707,0.2566638723060172,21.940363544989637,0.21437487493364046,-49.70788229257201
3.414653992594652,10.353206125363569,0.9244758981682795,0.6231283395235893,0.7752556889378875,19.02779136737673,2.707262526879587,1.2302835744212348,1.2802834862699528,0.7404038855106816,0.022240988653629744,22.73139297271411,0.16169605535008613,-10.210237502424434
3.4067787512950685,10.056922890294567,0.9959234884710397,0.578064073902529,0.7592854365991243,23.5665630178761,3.1186874446479056,1.1186684937084843,1.291554638991811,0.7522737010855937,0.3285575930975557,22.05950285655908,0.18212063544963966,-56.38464377390807
3.408056947762004,10.407289855504947,0.8112566722264745,0.5989276012231055,0.7226005903510634,19.86481647724527,3.168189663739106,1.2528407002417803,1.1837619288047718,0.7808411164266896,0.2968396192422652,20.906031109521493,0.1913926941595564,-34.15378532130302
3.421166872669658,10.210137929055831,0.7453370219330999,0.6892014114410816,0.757151650570405,21.291823586006235,2.983825305818841,1.3045345347088995,1.1880958282248102,0.710536276330863,0.4747319423437794,23.246139972584338,0.17774257881267994,-35.64587754756813
3.4288018670949283,10.240207811224602,0.6821866116600117,0.632289223152152,0.7012496595374159,16.291492739845985,3.236439976871719,1.3215049936213834,1.1799842450638742,0.7552188359903225,0.04310126194595611,24.820726356607206,0.16373654541264612,-1.8759951878335244
3.428774460210885,10.234034988675681,0.8082892359137872,0.6997086324182362,0.7065116525665647,20.247493166753095,3.2193594324611756,1.2156866730720643,1.1617103567907625,0.7722326378171266,0.4396169252461476,21.655455397109613,0.1840405726590193,-12.364231087321073
3.432108811900039,10.024932294494377,0.7144786674135163,0.6684605315069698,0.7687712213108808,21.53872961472848,2.749200344208606,1.1664406525862772,1.2782117488915323,0.7483927003441364,0.46756122689059804,19.499344204037705,0.16408965357341418,-65.8822576284636
3.423593518086539,10.749492354002625,0.6956274893873967,0.6930752292466152,0.7749015198820579,28.046006160021463,2.955847196311347,1.3006519082699939,1.1715620770250754,0.7720397379461814,0.07952199166335587,18.344988149802724,0.17405758380031766,-56.99351955044115
3.439780155482351,10.509185473898855,0.9557916699581694,0.6767916775835172,0.7622758496236847,15.658043009231559,2.8154319136679073,1.1046418848042345,1.2013945167874722,0.7308524001724547,0.3624364999801069,25.852657283114667,0.1551397387710991,-66.01248062366878
3.4022078876003796,10.342866470877647,0.9732237330215503,0.6493827936298784,0.7210367017907406,15.406322566031694,3.199600725785585,1.1311168560406681,1.3336342276828306,0.7978841947008434,0.07127614386344694,15.039075695761811,0.21941183347651672,-70.51772731638704
3.4109094954644386,10.292857928859064,0.6787067909807838,0.6265347930760339,0.7061048113463332,16.627225370555575,3.1571468359315524,1.344439331521811,1.1702555852312397,0.7454461088490483,0.21188937565322083,23.41167095303379,0.17334726001574943,-108.55594327878637
3.4282987314612594,10.515092654071866,0.8822265571995157,0.5654834453113049,0.772679766187269,27.902212350451595,3.2261665478770936,1.3401033156439857,1.2004173089632657,0.7436508122447624,0.2020966989781275,21.302861542329683,0.18285521649552505,-63.24448152610964
3.4388684240426226,10.266463089970799,0.750622381064249,0.6015619898135665,0.7148895142000675,17.64412674740239,2.8019967197785585,1.388156511792138,1.226016131966105,0.7675063061567491,0.27553360047039577,15.685046024335882,0.1798642491280583,-42.39896630830846
3.4204962106059,10.138233738749403,0.6893336207839332,0.6313332105755078,0.775341380332299,23.408901892568117,2.9315376043985784,1.1051978704000258,1.368037244982336,0.7762083817223253,0.2075282092722081,21.67918056168554,0.15761465301188846,-32.27925905180979
3.4187816741201114,10.807959394640305,0.9808826998759941,0.6592804953068904,0.7130795474328743,26.11735818997487,3.0294501129862006,1.283420580950244,1.3080223973080174,0.7669105181905129,0.4647177504289928,23.42830056835917,0.1691413577883374,-56.255390230895
3.4008679724443933,10.864130329183357,0.9864518138006315,0.6872868141246984,0.7564246286068783,23.048766181634083,3.0086869532667837,1.3354476189804538,1.2539941441036293,0.7481317022082029,0.032899801872559205,21.972216842531722,0.19093641362390248,-31.592467401171604
3.4373760338884645,10.45013534856074,0.7633200882521357,0.606158004212214,0.7309589293431611,17.42152031789794,2.6534584758268207,1.3126814859819886,1.3042302719218708,0.7635308000459118,0.1643291931125401,19.147637731123908,0.1585891230984936,-121.33816142041391
3.4374694458067006,10.111989980204191,0.9696056390652643,0.6073590358641219,0.7698153122545132,24.179872792192647,2.7825062879324975,1.3341862308998214,1.22986509196417,0.7823170096159182,0.030317121369994312,18.58839133077047,0.2060949636140082,-56.15957760425994
3.4055027266602456,10.495708558178242,0.918606407054825,0.6864510780127592,0.7070597799422719,16.116096833764,2.9824276873430096,1.1108255129240403,1.2060404399772713,0.7612702403587213,0.24634591874444872,17.46375848825561,0.17482813274039055,-50.23789006594659
3.413545698625791,10.741297655863995,0.8064714378684118,0.6001297648617558,0.758017232528323,15.81079568137856,3.064061542627984,1.2489465209607158,1.1593164459526024,0.7424549419524245,0.22841215409834334,21.058838633709108,0.15236125297822525,-45.640869424963725
3.405047996586512,10.86419430492899,0.9123050218784613,0.6503751239204199,0.7275904659771649,19.057573894731632,3.153560689501439,1.3826776278331954,1.3473577154780516,0.7700609241680931,0.13873015782896747,16.680406462946177,0.18642043005867595,-91.0173959367485
3.413005569235127,10.479300331588878,0.7000235635587535,0.6913821632534828,0.7067189137767464,21.956526161180737,2.6871581607457005,1.296058743513731,1.3463673845641473,0.7326516398794989,0.01858282051356382,21.064722239433422,0.18184560173023886,-97.33256989352293
3.4029070546418385,10.439428762237707,0.9683492436948445,0.5823170373115092,0.7308319941175332,25.27030447932456,2.729742427210386,1.1175891163889455,1.3308052384233948,0.7068031376634106,0.21037054580188383,16.427337501181537,0.18533108643955348,-101.31269308994285
3.4123292190086727,10.560404843542177,0.9435714687726147,0.5509739087348645,0.7570952600857825,17.391962263247926,3.0286442412453134,1.3616681150025083,1.2483613075793385,0.7162314316341842,0.05026375069378818,24.54670356253498,0.1600811307477023,-47.72836804551248
3.409870759561874,10.530936599035527,0.9896848635358875,0.6967302324945007,0.7029649134058408,25.43178285180394,3.07497033958546,1.2649890385012872,1.1831268204292866,0.7977421804152525,0.2284929020933035,20.178500095308003,0.21101366009135678,-97.5359041242626
3.4282923992630026,10.470722544023896,0.6991205976752659,0.6881706640583709,0.7495559643345872,27.851903406558698,2.786104307504524,1.2722043916946575,1.3307380949803413,0.7909169904141421,0.4055239529240494,19.660659802321206,0.21650371521503298,-92.4730535363854
3.408474769267412,10.54267235049071,0.7336039542560661,0.6086783073076897,0.7724576564302796,15.50183767316225,2.6844636429536273,1.1194723143022811,1.3790971261960967,0.7165681950607696,0.0012105276006777463,19.381249215400274,0.20310229214457565,-55.28585281747229
3.4240793260815443,10.171382234154127,0.8787029024609583,0.6944285575107494,0.7323855566047759,27.192281053898547,2.690823712638306,1.3259824837816074,1.2268536874899343,0.7828604495227293,0.06648106765107524,20.427564873835657,0.15259073190424924,-52.76559095653522
3.4173242567116495,10.202617644528177,0.7869427464701845,0.6099989835199354,0.7132086586839961,25.20068983250161,3.182236196364432,1.2726501377576844,1.2351223276729923,0.7767162410815979,0.3911380586533043,15.449547558092089,0.15659679081271016,-30.70811779228393
3.418407794955826,10.294124290539225,0.8395846030407007,0.563474151962299,0.7697456839894488,18.164361022553134,3.1910049266467153,1.28518310468701,1.1006211697470871,0.7603881613850191,0.39561102873923126,17.54101794448817,0.1798864112384142,-78.43109764306251
3.410186412505731,10.489365360980555,0.9328170865081298,0.5968524829009763,0.7296380033371249,17.163164962663238,3.1321783761831505,1.2447247931953163,1.3913193595663529,0.7485008690586834,0.08436496058116708,14.779351569634455,0.17201092739485435,-96.13605505928858
3.4368521758237613,10.64601331436923,0.7430026952085329,0.5736132634360815,0.7210832368159531,22.189977405549598,2.822199155750781,1.3780056288098446,1.1761981408122024,0.7984755053932816,0.14243026771211723,17.068946927022616,0.2145486153520057,-99.51277461297016
3.4245763199108548,10.689768875968012,0.8269370776989717,0.6334217611017549,0.7118236106412867,25.752823445688257,3.0490807961449717,1.398440277550813,1.140869471808679,0.7271179003956112,0.0994067370234252,18.871608259662025,0.16893939473220304,-24.103636300200804
3.437943865052639,10.164841881611448,0.8123689216819868,0.5868131118896425,0.7190100414339167,19.55659939418063,2.952695714333185,1.1269764551387773,1.1164082522901935,0.778350292944758,0.43472290103802697,22.237214666162497,0.21188876881982646,-49.33296101656225
3.4231140788406376,10.225435381381772,1.0202383591264388,0.5963821356316795,0.760816232921104,26.617598794013094,2.996493413822728,1.2116385385217288,1.3056521500810054,0.7681635039162271,0.4528091630128593,17.081059092362594,0.17642698553970163,-48.009481447084525
3.427421993439931,10.846271082069167,0.8791988513945518,0.5923534053365817,0.7366142031806329,18.470615881482797,3.1067836758491993,1.173288045377915,1.1234943313005588,0.7246469533026682,0.06716392176410896,25.70423079094904,0.21587337913579108,-110.79325885634492
3.4063989373967836,10.703156345463869,0.8632286674957688,0.5795680276240276,0.7519155741588947,21.678225625546915,2.841780069545812,1.1191930489822217,1.1044105663167982,0.7674443677642553,0.43280428721310865,24.50694116465698,0.19821024795716569,-11.545084673947883
3.4212362756338464,10.071072240205138,0.7634680426279897,0.6672603277608979,0.7788446419468361,15.923810583476223,2.974223828057548,1.3111835778812593,1.3808903423676742,0.7824266466071239,0.06432018114157523,22.63962743828584,0.19206042713518978,-0.20951511092559372
3.4091343927323665,10.496189342776326,0.7049191638569754,0.6335472435258616,0.7333610470118115,15.889164305255337,3.213898583190396,1.1518462895855586,1.3418624203261578,0.7992532342145314,0.24459546510693783,24.91578360221027,0.15047686771184737,-72.40768934302841
3.410326443849429,10.822941844260782,1.0125496826344353,0.6083444975881511,0.7060906448630756,16.61260724568625,2.887107121689413,1.3422196165723648,1.2426238070883593,0.7645739282565691,0.05643985466120168,19.14103050959435,0.17391879908810984,-89.15598246163543
3.407658039084164,10.708219011525982,0.7609215530447514,0.5479962387015589,0.715179225876256,22.05189938027158,2.8083932376359226,1.3175532686465052,1.1987397267266486,0.7950841392739532,0.14544225537841815,18.11003312861925,0.20062919166939908,-53.43731021841157
3.4231288026902,10.005254301561193,0.7468898465965726,0.5877125658690885,0.7742266922468218,21.926404134281352,3.1125922338605756,1.1479663085637115,1.3474539197574533,0.7908666439555979,0.23876578504538795,20.129414652840772,0.19585113012235172,-91.31258703955176
3.42967429183902,10.63740119254602,0.9256655878917086,0.6549254114523004,0.7234723834488371,27.667864218114545,2.657238730599574,1.1667836608299054,1.1425416279047527,0.7981837733208363,0.16714716621541775,19.203737865245746,0.1835814655068559,-105.4245771311351
3.4067873610356645,10.281036750174493,0.9947848959128389,0.609874631623391,0.7334100303865508,26.142208667216615,2.913560320291003,1.113067320849166,1.3358574257025992,0.7801664895331117,0.3167909442904614,15.721759076238252,0.1924358517961872,-11.466904696020933
3.404317375019943,10.310339224669484,0.8249560453258497,0.6979137658060188,0.7084283331313979,16.25452585737411,2.798535080997555,1.3496476424755368,1.2465495691647301,0.730026759260519,0.32553233572223755,24.10565249074727,0.17618898525759288,-46.386710347295704
3.402987575949738,10.889498861850074,0.7539529009621373,0.6441921217989998,0.7663548365270002,19.563648214917336,2.7324794171046647,1.1729808412169747,1.1813298427641024,0.7936919853273174,0.08346638004673458,21.234258292861586,0.16679382174454743,-80.09995920406021
3.41996208390498,10.8943387133814,0.8224817853715036,0.6296589693497584,0.7525910355942732,22.199510244294622,3.244382963982928,1.2214166879658304,1.1600862990118834,0.784782815833505,0.4825603020636437,20.734425225570092,0.1944535829549119,-19.757658684907085
3.4103552207322902,10.707388790181106,1.0051978862981956,0.644908374656977,0.7022469038859328,23.78236169312713,3.2689156736321623,1.3743301824011813,1.1716374546755395,0.724214528838411,0.05201047309870546,18.546414944979183,0.15283823591010623,-73.13010554017617
3.423627720292914,10.68993519396994,0.6970002934021193,0.6988664436387291,0.7308163906021875,27.278661181248147,2.7033753562398943,1.393211744286885,1.2544552088238183,0.792538003832471,0.08006411043262159,20.6104786769651,0.1574694895642046,-5.8673587203847575
3.4044368721003666,10.776363576690626,0.6704551631739626,0.6007689558304804,0.7541763778007554,19.186041483142667,2.7725944626833794,1.2161750252091166,1.3411043156338596,0.7383856822850867,0.1754938603629638,20.598887294406467,0.17156886710651445,-121.2333213196764
3.41472002361801,10.181847170210244,0.7088607058626519,0.5495672108601792,0.7713547964611578,18.725901961987823,2.9725899424563034,1.2141469111062848,1.2996203122743193,0.7351987377931556,0.11115058856693565,21.648609511968445,0.19774517054657106,-11.288523212021303
3.41719135672013,10.34113134495334,0.7157700378148316,0.6824075347841729,0.7081466658575232,16.748575406012815,3.196661421240232,1.2380890166065415,1.2605983013006758,0.7517538995126183,0.4307134313604169,16.996811041509897,0.2108234191401076,-28.59366188123306
3.417887228482321,10.628015310487092,0.9069879139641503,0.6166002538310469,0.7272632104905024,20.748881191113796,2.933986113391678,1.3314482599099686,1.3653252431069711,0.7158824455645406,0.19368240840305626,14.464950156421168,0.208738942981039,-70.57890300026367
3.4237865972812167,10.886187101217185,0.9919396896998649,0.6078517762259166,0.7703145883311504,27.314893970167187,3.108090988670502,1.1055838166128211,1.3610103493246013,0.7407812718018092,0.3900498040936406,18.592645914227923,0.15419782661199324,-35.18119079192816
3.435340156690989,10.563560000846262,0.9081317004252039,0.5690420886877634,0.7289232772605791,27.921925639954022,2.7740089224499362,1.1779465639956928,1.2758531724271212,0.7840189352009591,0.16440748268947794,21.396884122354635,0.16198750569375514,-23.799598530274082
3.4395888922180817,10.781247378131916,0.8762811372991931,0.5505330635952627,0.7330349344493621,23.592889737396042,2.8839769006555662,1.1913827657253426,1.1241857581450012,0.7862816222167085,0.3524780343545749,14.982962047786618,0.20197738081627534,-27.955729932927383
3.4233001218020402,10.823295353158999,0.9682322931691145,0.6065828873730632,0.7611374251614714,17.899372401551908,2.982967921299567,1.235065225900998,1.2107641782267302,0.7323954756000887,0.48680160985733817,20.438756060856704,0.19039888302665628,-35.457228884106954
3.409649363541774,10.616329550269807,0.6959854854645338,0.633722913560724,0.7213035295022109,17.419476531951368,2.945702339294554,1.2130117038963688,1.2246474233329625,0.7960842457051993,0.4931120162865193,15.581063478054338,0.19174144497258516,-7.606786904522949
3.4328920377677705,10.325010135207553,0.9549108186505921,0.6970413566020537,0.7591217034818412,17.549567564142084,2.874634311625235,1.1077836346422694,1.156951783531197,0.7823319468367214,0.06373733054026971,14.896189973814318,0.15208758100638028,-10.010028891394086
3.4281556463316765,10.515419037912762,0.8127537424133605,0.557925318577235,0.7080925318623833,19.68249850168151,3.2099457283699038,1.3327931276382907,1.3480275105266013,0.7828215567346665,0.2293868084209983,22.148766545533455,0.17133684135069563,-58.22733798430632
3.4105760596149723,10.156835965197375,0.9504283499137862,0.6118280978468765,0.7649103764830785,18.06938464700304,2.9917989163364545,1.1195604253790623,1.3258787145173847,0.7417584755145243,0.08070820812152081,19.075482019485797,0.15959048917588017,-11.422544257765466
3.400568733687437,10.71264906554481,0.7689493446507786,0.6218501650084353,0.7439189050737878,16.158343910173336,3.1213326721746015,1.3466506622521874,1.3797585677807764,0.7867825694549724,0.2274868456103043,24.325249183479638,0.18900095249294704,-49.924761558346475
3.438204753335113,10.620248497491879,0.8681860495295288,0.5527674068534221,0.7605124917949294,22.399366248915598,3.0879099251381734,1.2249017012258716,1.3296161065504477,0.7234934794203423,0.3545817851516101,23.24096676572412,0.21379708494005073,-102.11763126287634
3.4349936245365034,10.861846816763121,0.7416483365454002,0.5561510762071065,0.754500160885778,22.033125754365262,2.9844995107687837,1.2003406761964486,1.1065099592683425,0.7518809257092829,0.18860240956535945,18.877001378988105,0.21160950230688497,-28.500583605744552
3.4266273918550145,10.710558356742418,0.8076088586947956,0.5967875263682175,0.7385516623422258,27.955248936536805,2.697681385772525,1.3940962293831347,1.1199628352471638,0.7996376008765576,0.46329306877631937,16.94476752113523,0.15985848609774878,-46.21416943192507
3.4306908443234576,10.296755790351272,0.9946214794888537,0.6113693473950912,0.7078512414742444,24.657402896042548,3.0921530191731104,1.2636228833124368,1.3886673233884008,0.767877170599514,0.19689912478740534,14.966518418678852,0.15082922866499965,-0.8605889383697161
3.410898423972541,10.304901892587244,0.9025901890712038,0.6152557946512665,0.7717086184015987,17.729796620414454,2.926145823148372,1.1106920617243539,1.1401820549518153,0.7566683713997209,0.2170539440686739,14.590488456447062,0.15929578678575806,-40.51616886670001
3.412227411146952,10.18380159971593,0.9617569539042421,0.5726578986885238,0.7766940905442251,17.961833159603934,3.0476744048417714,1.2610136987004366,1.216954925249469,0.7059301449211242,0.44100167513919936,16.199261509921016,0.16409516946435254,-20.126279313715045
3.425695285834441,10.357353300187476,0.9127762174474411,0.5625220258937833,0.7332193602611321,26.4310367085507,2.8197942030212375,1.3133431009858243,1.1465941940624313,0.7405498264935325,0.22270435065414668,16.86829821660804,0.1665035527745396,-7.6348691598870175
3.4365778340722484,10.425640948919893,0.9340922892672472,0.6124398768394003,0.7617172806700698,26.536321172948163,3.0713924239476267,1.254352802692198,1.3005428554734495,0.7350243701209773,0.46354023749848455,21.6151251869992,0.17534084367367916,-65.9877540079728
3.408815781731013,10.635636042288887,1.0033570307425843,0.5592760677944896,0.7064418769734303,23.005552199353613,2.7211023063347755,1.3398536736054414,1.2749808335889523,0.7782220472304441,0.1425021798518631,25.56874450015539,0.20623383128241093,-20.039835743599923
3.4174897837985494,10.49463654523511,0.7734670981693976,0.6452525493076366,0.7746133884431811,26.226582418130455,2.7612882312316964,1.2440471670266582,1.231835535411176,0.768969645887407,0.418091256995929,25.953719179625487,0.16457691221644427,-40.40963064388629
3.4267088164571997,10.824438897177126,0.7245546900193159,0.6378262048436446,0.7436781750692808,26.187183157985764,3.2338311775856345,1.2109303709637553,1.384913210842065,0.7046677552925109,0.29765403507461535,16.10844606010967,0.17923621528326358,-4.421320514452489
3.422425963901902,10.277190006091509,0.7970771793161877,0.6166540101504794,0.7574159870767495,21.477268483650377,2.9792039135524515,1.387672599147511,1.1633419927399704,0.7229352307869852,0.36612423414262746,16.032411064455577,0.20107307897812327,-48.66370784791273
3.4175765021611575,10.42482088180691,0.840648700281268,0.6154193589156792,0.7590285162260305,25.98123452555197,3.1256525708148692,1.3211445840184,1.1729763670095097,0.73972801392345,0.2629192296796044,14.277964251922567,0.19324086292301815,-91.87538547792145
3.423858026628298,10.550825960297626,0.8478310416577116,0.5456926723091738,0.7098538268155584,26.56980815630338,3.168232360193698,1.255398687287458,1.2317738565571426,0.7600095198003456,0.24111194908419106,23.99144462991166,0.21109476872268204,-111.6027043839395
3.4376842701378654,10.360832857589685,0.6872374627633902,0.575706448067002,0.7453998277855799,20.917551696262848,2.7293958309105117,1.3864426260842002,1.3652969334116434,0.7404979940163432,0.008393076747277472,20.316125776421686,0.16265330116081728,-110.24869286324481
3.4085397610005823,10.371601758205456,0.8130046059967216,0.5758335087156945,0.7545250628653335,28.239983939592655,3.2655090401618505,1.2846461631126442,1.2366256150492414,0.7258182963868958,0.11055981860215869,15.739019080848689,0.17700101364571066,-25.42022910135917
3.4130273932018618,10.377500803982123,0.6868538415397072,0.6845660756605851,0.7591568559767862,23.704096497146253,2.972458113395267,1.3378998459529474,1.1031787583740562,0.7224933250479938,0.18828574605153583,16.933417955783607,0.19270806735469154,-8.347906424908217
3.4155580298167174,10.223792881891004,0.9867724563509772,0.548942888578056,0.7376376144084412,25.655259866882684,2.689569931800031,1.3705441716745344,1.1874703183505857,0.7452887561691027,0.01439227468755645,25.349471709208025,0.2105330270992839,-110.89870305449078
3.4101301727457263,10.526062559774001,0.9573386546965179,0.6231693015427915,0.7167743170321663,16.178725130211802,3.0903090165997265,1.1935749647105807,1.1681597085549,0.7022306233826239,0.2245396566147135,24.58326072664169,0.17576296304573985,-119.09489114546102
3.429891785473347,10.140409443241415,0.9073530134454506,0.5624532642406085,0.7750687118225511,22.423451544153387,2.9254222031066184,1.3301811838061433,1.3493163984130105,0.7144678772974979,0.09087488861958527,22.38438257224974,0.18652294189610347,-34.80270964493853
3.4011806351039415,10.516507700146434,0.7752690084623681,0.5628540103266338,0.7037093620402426,19.650045235505427,3.0482980846482404,1.273249694157395,1.3251371984487486,0.7745404394851109,0.4209482744863893,18.660599267234467,0.18947055146514757,-86.49499060827405
3.41805137953334,10.26156363851676,0.8506360793240022,0.6560623034763037,0.7472812672197722,18.820937533718233,3.23346888134136,1.1737660225626305,1.2777041070275856,0.7887985193328579,0.07343635559872333,22.39778379914319,0.1631186089185878,-24.285968757385078
3.4210400905399596,10.441958157552449,0.9288870366637965,0.549537665162882,0.7150496187642347,17.998619876844486,2.967475049703885,1.2638372965356146,1.1060350323606856,0.7119750538165166,0.21779657101771174,23.38725086311912,0.16267620843745217,-28.73160321736657
3.4304332115241105,10.780441453083753,0.8217415997642327,0.6727109347737914,0.7790742467622279,16.655452854390262,2.9855469810765687,1.2643561078693661,1.1108063072976078,0.7011331627529924,0.11656271945937279,14.190945369165869,0.18405877337611437,-79.5745419204778
3.4399002303114425,10.101359393349384,0.6847341714929819,0.5990433288455238,0.7434152694295351,15.754210361373328,3.234902728966133,1.139879771723299,1.2571438474055707,0.733882205234806,0.0016714067785519717,20.887775643791528,0.20394321579072647,-66.63179888062899
3.4218258046198176,10.535116396678228,0.9241040842301288,0.6020943917205267,0.7635647109055788,24.1355278696958,2.946212692221403,1.1391513503092634,1.127568492273147,0.7894904728934048,0.10857279952720186,21.565016106218607,0.15661136280862079,-35.214810288734284
3.4387652537627664,10.050157428349449,0.6979483370225823,0.6087932896162519,0.7451837182271474,27.56990919404371,2.807856916297247,1.3654704015553796,1.2047535955405682,0.7035674013177947,0.08741769353875083,16.15024800763745,0.20407151219177116,-91.93775918669547
3.427538362167509,10.418346584004453,0.7463162237924309,0.5433340246119499,0.7414161414497378,26.73817997922405,3.231149149065097,1.2992275192586273,1.1953873393979064,0.7199398138406506,0.30324925452904083,20.785651016329744,0.1571381995991379,-86.84391822125197
3.423842045576617,10.214324027255946,0.8202476789088868,0.6087131936884299,0.7750175162408786,23.622750234126343,2.997929384875028,1.1895976864504385,1.2651782139366026,0.7848320098257957,0.34550718021072746,14.385370732196408,0.20888717292406248,-95.54912813283858
3.423577052656178,10.356000336102907,1.0024130336237167,0.6219393685651818,0.7073192259428182,23.29602562051866,3.234977327201509,1.2399820834574518,1.2683405411965678,0.7165849831940783,0.25364497619338805,25.318224987907836,0.20140611211084142,-23.754629164674398
3.4252392605945867,10.284170056972687,0.7662995718478441,0.6477141168019146,0.7173986950408762,18.019543681214685,3.207746506597651,1.2385762930965112,1.3384327998632883,0.7392873885319575,0.35538669681588425,14.778091716864768,0.19169836993307468,-19.28733091226198
3.433163436718503,10.814598514396522,0.9647661960540551,0.5493067190396355,0.7244292743277753,18.16905053898829,2.883466215765574,1.2012216957793589,1.2522378641527823,0.7099549666444059,0.31589568418158576,23.113699349560797,0.1816174546933609,-122.27341668089363
3.4004042324422095,10.786289441825565,0.7417790582915322,0.5812626259563414,0.7149118064562345,25.513839393384462,2.8714705482172267,1.1424559815974353,1.1343406730070837,0.7793172655087698,0.11548610476237925,18.027687966595053,0.17303231280407913,-64.05093081256564
3.4083932164489807,10.081789178278385,0.9253536824403958,0.6960074196086982,0.7736636291441683,24.185476860290443,2.796418024971246,1.175054680691016,1.2880001407685255,0.7212716419479809,0.37148328845303547,15.750616277013643,0.1858131411964012,-99.7647631911281
3.4169610708062277,10.265395805500583,0.864566406799708,0.6722811308163188,0.7672991732567519,22.101833274801532,3.0738214622922753,1.1298018068705673,1.190573491902139,0.7553171479619599,0.02928177908066491,18.797764951748423,0.16262276951352295,-23.56281233265753
3.424476220870342,10.38580962333882,0.8172764893226303,0.6813315636448548,0.7016205422470702,25.73762092801325,3.25774367714515,1.3617499979475474,1.3872911365019194,0.7254905978291228,0.1880129231171472,21.45725758485485,0.15012023935365995,-93.4319491721839
3.4207374362867755,10.817060599611523,0.9838939455374894,0.5485905306446567,0.7319454889947844,16.58990972464678,3.2547904674732187,1.3047176333787507,1.1856922595831592,0.7580044110846885,0.3448190124088579,16.121822986080947,0.19611842232140808,-110.81281588073516
3.433190161940472,10.769152039146887,0.9781937803912075,0.593261354984844,0.7619378077081893,18.07040426395537,2.949193037191221,1.118732636573351,1.1177607936342153,0.794813810415585,0.09817791638707549,15.175911410626036,0.19196441800295644,-104.53949547328983
3.43482203483186,10.31045817534401,0.7654382951224515,0.576390591380828,0.7547939324117883,24.834643861507562,2.863021683218568,1.2236115214375602,1.2393236263711946,0.7511951531896752,0.17140567381588828,22.871472044992753,0.20664542313405465,-55.48252121563053
3.4357878222367813,10.777186773472136,0.7209552359841211,0.6910987618277247,0.7104088034168323,25.903807649156697,3.003428191298991,1.130764736016396,1.3455015442896048,0.7386117756579976,0.13837534197460588,14.906742158816918,0.18497686034005378,-83.45538995731707
3.4293803310629967,10.73908578278634,0.8497437040926017,0.5897393006338634,0.7024720777317918,16.14654219529418,2.8435605715748102,1.2888520696102828,1.258330926605278,0.7611359755645826,0.0632187945696177,18.94858889855022,0.17175952852745127,-25.826136055103476
3.4055518676853334,10.623335877455311,0.8285406221947069,0.685078046011086,0.7132296750202819,19.991180294663835,2.9021229345933595,1.3455086345648928,1.2814584023442306,0.7248652365448711,0.10206597083195271,18.47638106049053,0.21040435967088822,-33.84062197141104
3.4349100576648945,10.853414051895843,0.8880410718881355,0.6235174150642964,0.7582992935781734,22.92254537947455,2.9375475478800026,1.2989589811017441,1.2634898635009972,0.7252369175150987,0.3874451199043629,14.31121279201687,0.16824602526705135,-121.71359192517467
3.4335386353473325,10.885005817704636,0.6576155324473446,0.5519769711246998,0.7485060500006969,27.157966678777093,3.040628064051054,1.308131079470484,1.3664582087699366,0.7193631751104388,0.3766173418226039,22.073036352187255,0.16869646118230028,-74.18869799276291
3.4165502238656074,10.213365840364897,0.7841401309748839,0.6507783668690208,0.733014161285889,25.688483882357197,3.1323149675281297,1.1455726916386584,1.1281606109043045,0.7568589231100878,0.09059681365946504,18.566640800456092,0.15009556692997458,-103.23431627102795
3.4365619148156217,10.283708769245571,0.8120946915787006,0.629454247760576,0.7587788273413661,26.57303282908098,3.0056385326283723,1.1265850520890262,1.123166023846096,0.7309226448493561,0.3659637718111133,22.600049905739212,0.18393672058947877,-3.8165686362220868
3.43028667204749,10.58669260792824,1.025562114019077,0.6050529589981439,0.7354856463476847,26.81123683850492,2.7693325731002143,1.1354313432796854,1.150287101003293,0.7516426777528199,0.1860398930526463,15.673985478519114,0.2053308951905387,-76.9491195181184
3.416090618977618,10.319264277270921,0.8277598396405637,0.6246473809322727,0.7132825306082469,25.53857141641966,2.7120971798701197,1.2376028070239875,1.2869500336624469,0.7215591754984388,0.4793376171607806,15.791041775762382,0.20005194012104896,-83.14934627083039
3.432697644745351,10.030123722490332,0.6637435439304913,0.5593641993297638,0.7341413099592171,26.74451351827738,2.883180192948751,1.1973568488370128,1.3336074955293737,0.7113900261281534,0.15116538219088732,25.880903516991072,0.17253008955207044,-40.31802273794119
3.410411796752526,10.810522471746475,0.6756137384045323,0.5771790788233562,0.7144881450971626,18.23241600867872,3.238379158280852,1.11635682287709,1.1418471491933833,0.7396675800228231,0.04137721715671086,20.520207775238106,0.21008893702258505,-122.05332910237667
3.4156235794844263,10.134250373044507,0.8318914166148429,0.649284215246628,0.7632105363204222,16.44840860241384,2.8840897245957815,1.2559600703012646,1.2007641586201168,0.7674700517552783,0.37369635077501856,24.047835986431355,0.21851305433521118,-38.82817412097677
3.4082937775381525,10.290661627072213,0.8021795649647278,0.6113009162993027,0.7251822237148465,20.086844223746464,3.0586111362702924,1.1253284989014274,1.2273637175940155,0.7217122623127498,0.28769237695935385,21.4095813359436,0.15533098914772855,-46.92086630959923
3.428407825611969,10.477069927475487,0.92865097153432,0.6434787125991862,0.7261023327595987,24.10549496020662,3.1424641700962512,1.1105693092185753,1.2396072650615166,0.7932109424722842,0.005597334616017045,20.708606085610036,0.15145549778717318,-108.62617529857664
3.419097579822989,10.12325321225963,0.965999250897606,0.6819170047960358,0.7021198058364626,28.363231689091915,3.2157785235050085,1.3863086960006654,1.2773075022130653,0.7192036254437787,0.3772006150005546,22.67773707471077,0.19804787991679482,-109.90706017566202
3.4138894094063295,10.703844653552775,0.8244057326911752,0.6086005892801553,0.7387832929093762,26.338311662459873,2.880500874588292,1.129955606371533,1.1874414256154469,0.776319251492231,0.3389336377493658,23.065197552829463,0.17448002422730885,-40.14580323156841
3.4030843627520406,10.51605463619565,0.9445696547638319,0.5932326103753844,0.7167873984071289,20.823702147169236,2.6810847810760823,1.2431511750014355,1.2781255526733062,0.7266516980921465,0.4840685415842497,21.47765218581554,0.18835385572204677,-24.249130182706097
3.424365179286044,10.682804333464865,1.0159233265299519,0.5993473319709243,0.7270099926560922,22.097063504657793,2.776256362063487,1.2798430856602472,1.1943171951483504,0.7373842508343869,0.03014464098552802,20.207498056578572,0.1515286158630652,-36.52902071825886
3.4379279058554566,10.037080664345513,0.6708415607312541,0.610182220782246,0.7412494273868268,20.156756776924503,3.1368675063114346,1.2047514315989603,1.2175978287216567,0.7023845442802576,0.26574133900227503,18.783336320457153,0.20968180258930624,-120.57194561061732
3.4295177413837026,10.525230955699762,0.7887120476027863,0.6821743610991557,0.703540499533637,23.823650091709517,2.735909997087355,1.2927466368664693,1.3240762951187706,0.7697112521678512,0.3947605344293021,16.971146680742667,0.18730494285562416,-1.4963745992433815
3.4304171944223785,10.17751548877423,0.9919901607819936,0.6610589730490288,0.7157671512143404,20.626847515296394,2.8923854692019644,1.337018929633871,1.1146176976632705,0.7895709518732602,0.11351823472929053,18.663609562391763,0.1861711825156936,-112.76453511736624
3.408681048022567,10.870480542260966,0.7273923963295438,0.6231066080537365,0.7557835882940536,17.130993494851484,2.84848607460094,1.1033671829854277,1.3611646522095078,0.7384149200849299,0.3814557776164814,18.760881942255608,0.20334686559390774,-1.051665911462706
3.4189490059376766,10.585689637983986,0.977831659245091,0.546927265898993,0.7770217838390765,15.757828027655746,3.222519919557545,1.100564844529063,1.305614291329595,0.7358509247829373,0.30834954045868124,18.879449641072586,0.20903474079823484,-2.0294902443705496
3.427246729437186,10.499026527048098,0.8819558755908231,0.5624030272447148,0.7547781908318136,27.411595397840202,2.900899930449938,1.2744106669861353,1.3336594257115106,0.7423185677337649,0.036477952744688624,17.515594741733462,0.16538031943005885,-95.19857285197611
3.431501101921621,10.479834545126172,1.0227576473231434,0.5516698182462398,0.7355232105616005,17.30748892537684,3.2495910209404903,1.3727580830534303,1.3290082568392165,0.760045155280177,0.22004353223652176,16.634845790916785,0.1831605086885845,-8.893075854641125
3.4205604322109924,10.106324705426987,0.7968539173509332,0.6875734368976933,0.7505484844858783,27.62432245110461,2.9579030653611684,1.1095151813723843,1.2481556404929277,0.7606470322371871,0.4223841618985881,24.15489720646479,0.20319752935930335,-27.1196845771251
3.420904737169793,10.41171852086096,0.8298344003606294,0.5406855980449391,0.7530885939299393,21.385933328011415,2.773461317333349,1.3819754655375025,1.367478745090247,0.7687871047530213,0.4547527982007854,15.580254826527845,0.15307426435157126,-89.8876344137129
3.426071852834796,10.548467852890626,0.976572644550365,0.6786929032859345,0.7327838237795673,23.499233300414716,3.021224747979482,1.2114871367149302,1.1231022352285667,0.712106417238446,0.47865238403999133,18.602782337875784,0.15750067795673525,-97.59118441351468
3.4071010206911567,10.376448206203877,0.7163641819193439,0.650182384202878,0.7579634158329306,18.155032241839013,2.668774289096725,1.3532718328577211,1.3824252784145654,0.7868788399606932,0.23310039577531738,18.13005135642837,0.19569451027602114,-109.65021391085708
3.4357475871431786,10.799031017008737,0.7501142062770266,0.6498059860953362,0.7075143976782466,16.07892855642708,3.0466636074705917,1.391127730525484,1.3775290897085801,0.7354789713919954,0.02791193285816943,18.916155856803627,0.208204382919272,-78.2710830732953
3.416727702462471,10.247655913759608,0.9283074227569139,0.653825567311989,0.7243897825233869,27.908380755834077,3.176778050931011,1.1263756568312515,1.2956580265204054,0.7642163538497911,0.4000087374312625,21.93335722225664,0.21508455809328364,-38.65141652683478
3.4391331844269315,10.019337999842834,0.930776896092729,0.6587199220787028,0.7743825451878736,24.64902673858281,2.699091961908019,1.2933091641839818,1.2295581056050635,0.7782552655541225,0.27727024217948454,21.948402028783704,0.21591628676788716,-95.26346498616016
3.4221140813461717,10.683534921794086,0.9589158506281302,0.6476517924103042,0.7488813802773742,24.525172997674265,3.2776596609669486,1.3210362758467644,1.20059209651926,0.786643248105025,0.09234356025940478,19.5146420577841,0.19160706276122788,-55.78555854038956
3.429510391138412,10.191021782982137,0.7702638365219961,0.58202444803816,0.7469668651579476,23.162073780127663,2.8123076345453195,1.1518329581961917,1.3743606907324688,0.7449544267543772,0.2388042863400109,21.116463190524087,0.18033586160414836,-45.97738868201026
3.4336148419430805,10.192297093617107,1.0053564428744868,0.6413668006779472,0.7482035733812415,28.023103313543402,2.70570213965468,1.2905337936354049,1.216475491462021,0.792037140245582,0.3152513452186198,19.11621972610569,0.1912729401849383,-98.30359175082633
3.421686463197739,10.131306284601722,0.9019480727183801,0.6422484444730429,0.7135228428968361,24.865134403973048,2.7924477883292997,1.27950319018013,1.1875235451541097,0.7311681874158128,0.2600836314610893,21.041542172013813,0.17204740390575532,-67.68405854986932
3.4366028928771395,10.565745894746632,0.7191758543063751,0.6398159791953472,0.7284927924303639,27.922717757351077,2.7690092084257576,1.1405633039489258,1.1634835452708183,0.7359276889793744,0.16188307149752604,18.210693650826787,0.21789729521971563,-107.97425464126809
3.4247989203196503,10.517851689184825,0.8403336367140983,0.5924173985486223,0.7772535573273243,19.717551823038477,3.2701418248411875,1.3290075213635069,1.2147836513452346,0.709512519796032,0.26430450394536487,16.771340419761977,0.1951698583801891,-19.773198509362544
3.4154268341472145,10.150658779720853,0.7148615092687289,0.6693409683529402,0.7533747380926108,19.184856139300305,3.0007399865973587,1.16008117506435,1.1326948067813014,0.7779987143140362,0.2561302122970855,24.576154150625268,0.19942324799471622,-120.15987749951883
3.4177157983952466,10.8802459622703,0.9130462695788013,0.5772432509622757,0.7747389053596242,20.234975332435845,2.7507526565766414,1.1974762400664638,1.241033601989046,0.7357694092876661,0.1606264723648349,15.100502944517777,0.16387158761232934,-120.66481698402622
3.4376186884928726,10.48076067484241,0.663757115191753,0.6816301569120949,0.7554489553789353,22.195557736816305,2.7460702433498656,1.118650106418333,1.115815724632975,0.764504702267754,0.23349071770062413,22.223461425641688,0.1742891919793337,-35.273321440590564
3.4224123893230085,10.370924488394015,0.7362963404526291,0.5487259841597149,0.7122629979828731,25.87848946435285,3.170389463961536,1.1993309920694797,1.2721464378018976,0.7319305361415306,0.1959625835962065,25.261663356819362,0.16033840458452814,-98.37935022546496
3.4195979004824983,10.060752224683084,0.8314702394794717,0.6360389896057115,0.7412899122890476,25.12666948431182,2.9631960032700118,1.3604457244661452,1.1682199994177656,0.7682645642767215,0.4827198437947004,15.65248160095,0.20364235546390558,-49.284053011160424
3.410552118139727,10.44948412594622,0.8180318058649235,0.5956622588979276,0.7532619780100438,24.23765318183379,3.1055488499076973,1.272603747660704,1.3010448857088899,0.7231740508607071,0.4227583369912651,17.231730791449102,0.1778391441527763,-77.02195293878958
3.4362249756665433,10.767718303934991,0.9233558929080851,0.6475802090304593,0.7537171824641821,21.348680529153587,3.1015991749724785,1.3848832242903284,1.2635404987255816,0.7785306939888,0.4377026783746406,21.13994201511421,0.1535051848815446,-67.730420187487
3.425456036724302,10.382371763548345,0.9816241650257064,0.6635230599117276,0.7023784015407948,20.062196469771877,3.11982044139332,1.3032498330525277,1.3299418282552435,0.7310067680268064,0.43380947447657386,14.59243874956244,0.21554529705307854,-69.4707880923138
3.4300660721007197,10.420592514787774,0.8462510798662272,0.6695775142062208,0.7462722518923617,20.164814505503884,3.0179302272791997,1.1309140429471143,1.3487399071316841,0.7089579170666898,0.046298372322316955,23.346787110502987,0.1612362291248733,-111.42590485823501
3.4348825405883896,10.817644130825817,0.9367108180551167,0.6326633571776169,0.737162054691374,27.775612225168942,3.0889617129269022,1.2311906230957594,1.3900370872919667,0.7202000651446872,0.01732569121133569,15.77046690811074,0.19557095718415538,-2.467575685535749
3.4006318689031,10.06293566154078,0.7820144195633252,0.6032939494620724,0.7769578219383378,27.97758998943933,2.8975303978259004,1.2230167394659177,1.317992833726841,0.7201295321448808,0.18631449683118337,19.250105067045226,0.17105735813185968,-2.441367900133102
3.435943254106234,10.832564863060597,0.8824563747843251,0.5694959649745255,0.761057077623615,21.969753522993866,2.802426800752369,1.3444658605840407,1.1771269567018836,0.7178091264703168,0.058601273515059,18.029992759416004,0.19481352926382833,-37.23940136189937
3.4207215090053853,10.340322344099222,0.9995398829276352,0.5745324619821086,0.7001364829802612,19.101478131901516,2.688722375525342,1.2863085649779913,1.359988746469008,0.7108576040747796,0.24588445203832768,22.9241443194787,0.1576173547622389,-46.495695392037135
3.4166527712630734,10.34648065236699,0.7830536314780947,0.69820092738817,0.7204171256350306,27.932036256397495,2.7103599224831343,1.3525033206936659,1.3098944954021408,0.7010826635699122,0.29267728246277286,15.325615170943239,0.2020251574514335,-24.362259433257094
3.4251416702094732,10.545548306812476,0.8726156551896962,0.6896294363954125,0.771688623260338,27.388843381160093,2.890707657038545,1.3815013424858993,1.253697334491984,0.7887296550747374,0.22959622308443364,14.231568163563598,0.21641264175409577,-64.85158465991869
3.4029914625792257,10.604901733975025,0.968402392204562,0.5997342085766431,0.7781017604312227,23.51492276760588,3.218966140708268,1.2524936340088053,1.216554762339303,0.7903680268119798,0.1375479161465816,25.85848685754604,0.19587776982201044,-102.92809439780787
3.4229513782156946,10.36474416799392,0.8973595268672134,0.5750140967022421,0.7748070481715326,17.028046147618003,2.709962985787914,1.2484784705165795,1.162756112835551,0.7486766392753852,0.053792469614926,21.857946509670334,0.15814156972973228,-13.019242704105451
3.4017662254645193,10.457267194186729,0.9113412868974237,0.5515061157654345,0.7162984980918751,26.8390487710222,2.9843371970021924,1.2053057746387954,1.2874256639684722,0.7480512023639599,0.38628635711375386,21.831281921598688,0.20256242323199336,-44.53714432257847
3.425545301123304,10.377638574879017,0.9583437851598395,0.6230834251813057,0.7425523272690131,16.85084647958567,3.2532081271232407,1.1963353424611372,1.3147140319679027,0.763713085153268,0.4409691872215073,22.687178447989762,0.17415526926945846,-24.53809664324619
3.4173216039095826,10.384857290999609,0.7918093109955355,0.6239325667634096,0.7250148027145698,24.256261824447456,2.7209293846651943,1.13310444285432,1.3728644243413048,0.7935447068499503,0.013353883045227197,21.368294341559555,0.21680878692197098,-111.01920204712145
3.417213328769431,10.445111268482327,0.7781054592624899,0.5568868655439018,0.7744193987128656,18.713685341408375,3.0210699461319206,1.1948878189298626,1.397695917965874,0.7314961053848397,0.3555118537777388,14.146336821424663,0.19218021583210082,-44.39622250322472
3.4111038650814303,10.599139582928421,0.7854422451607636,0.689817329527386,0.7500540840071628,21.892872751181205,2.7309142330864464,1.3114520171674287,1.270380537417614,0.7939411545626742,0.10268877156209416,14.454421637103067,0.17981258382928014,-26.31112041915536
3.4174051104133936,10.631217846008019,0.8570380777881786,0.5837209321354462,0.7562468368100036,24.78013269955664,2.745869623400628,1.319109170179493,1.2096975008009647,0.7331517956904777,0.35009679639433,20.99233201298081,0.20736483898227323,-75.8089853440635
3.406386637443431,10.8629221911521,0.9534006279583724,0.6306402004976792,0.719571772101398,18.544127882464853,2.8551980663243626,1.1250731961700136,1.1577812123336788,0.7053082931803188,0.03755915376086582,14.582419294971963,0.20044470453149763,-85.17535635992441
3.4311614088875677,10.1471925224946,1.021360094432994,0.6543492863461104,0.7016464530750289,19.236164158488585,2.9176500270086327,1.3155445082134385,1.294592217866867,0.7884929648148777,0.34722668429595155,21.626545743757145,0.16819805903350493,-36.929258717253674
3.4071600996548765,10.735621204479791,0.893066784064847,0.554567224623433,0.7589726826775788,27.019404888574098,3.0083260892754664,1.194427906589622,1.369786677427235,0.7319444460435224,0.32325936580160863,21.47649258934222,0.21199438948865362,-90.09275505687695
3.423978010002629,10.110367085268354,0.6824256799746993,0.6111801507192887,0.7350446281334224,18.74751674748429,2.7207086085164214,1.2059106747594932,1.1759350487064102,0.779603751186809,0.4182081136389057,15.490344046353579,0.16467789505442967,-47.56943164550475
3.4391602697285455,10.857348168566501,0.8171284588025223,0.6162658007822758,0.7709398668221132,23.845281880397064,3.1432900907467656,1.3573824859938657,1.2615321444841763,0.7297991313676376,0.22635107525066858,16.0404186844207,0.1969708169702604,-78.53792636695573
3.432484635007313,10.323780575125586,0.6535496357527569,0.679009618039599,0.74874747083731,20.335116195945165,2.8857710706514523,1.2218283455311234,1.1184601079625216,0.7885450896606638,0.3262418578757849,22.340950529491746,0.20511529687981542,-18.58921660797813
3.4115201517118696,10.214839213318657,0.971660875081253,0.641300367384801,0.7110991631275916,21.620736364004078,3.0409141757978433,1.3736716721591935,1.2878677632747086,0.7200638188452554,0.36574343019391115,20.297100948133473,0.1693829040011801,-61.56663776874528
3.4203825565749697,10.273361467417528,0.7112279958906744,0.5805585067818515,0.7100271371415902,26.658341491782693,3.060945320905272,1.2598608127705444,1.101455773965879,0.7144982157199518,0.45846938110343816,19.612854852025908,0.20948978728665965,-6.344494243603094
3.4280270771537857,10.206801424126851,0.7113721840233707,0.6329484978962204,0.7787104270004253,25.88615528779429,3.015717821027794,1.3236669132221297,1.2288551511294723,0.7179305661331894,0.32854154050241957,17.819271557835147,0.20376766450172662,-17.115028387735734
3.404203754548716,10.768557766403354,0.7995722817879116,0.5574388435670182,0.775501671330358,24.6164392872652,3.1980504273420536,1.350519172075669,1.1565062982379866,0.7637333557306746,0.08482908988633157,15.434133763008695,0.20793896554580588,-82.66224344348001
3.4183565377991476,10.055359211902669,0.9285060526099425,0.5904096678024903,0.7374988887215125,15.43414161381381,3.2335215322006245,1.2778457351476114,1.1208541361372732,0.7388490254884665,0.2858203283351969,24.283512024688186,0.16133809097045032,-98.73253570229525
3.4252131722921213,10.134560051488645,0.9785612937036536,0.5867225734696577,0.7186702038268036,21.770605560088704,2.651673248229878,1.3399804541676907,1.2570186376263746,0.7930901455813779,0.17111642732124327,14.343492661896823,0.2015579617521999,-95.33751128371608
3.404992593740053,10.388485629717279,1.020409063238983,0.5789031975755063,0.7491402983838183,19.788869280295035,2.9226821791713515,1.2974863824422087,1.3475289054842632,0.7131142571629142,0.22244954077020895,15.260054459261474,0.2067665821852638,-5.65614317469759
3.405018996919399,10.07147024276742,0.8330322725854378,0.5604991482008115,0.7006180583455656,26.720383943301634,2.937650361549447,1.3375933808643188,1.1850295396987889,0.7478350968180637,0.21839311702259995,24.758966060444525,0.18197819307395013,-7.408161088113431
3.437445965751075,10.1730041337622,0.7379696695729815,0.5431219888107818,0.7083685224416203,26.567253405149685,3.235276883517098,1.3586122447956965,1.241452037727865,0.7346145278614845,0.07843584766309968,23.71307905949525,0.19435241069303152,-3.08191285931845
3.4397021638546197,10.740200105755934,0.8681041955852162,0.6273085328933687,0.7605470881816866,20.3031179345401,2.9702574750523785,1.194930098798952,1.242091564020635,0.7232504274979065,0.12480862598842027,17.34049297899595,0.20469416169645813,-81.03780208577894
3.4042407045210537,10.472018741299848,0.9986467565106194,0.5401647797050981,0.7095415426294622,23.75894590598215,2.890070760614031,1.1249866860888285,1.394535621047067,0.7221308885967698,0.1722824080362984,24.129710922537967,0.1835889630871492,-54.11597805813172
3.401162062990986,10.553755951605583,0.7459344822199386,0.5406479696496841,0.7360581425135195,19.183135751592175,2.971602405998473,1.3835718942478281,1.3810325835131092,0.7712703788832594,0.05737540320050776,14.512119174728118,0.19211409542113156,-14.347375475387992
3.4064820088288092,10.582889355719843,0.7003706365558682,0.5786186593363383,0.7367607237776701,25.691743829069566,2.9140305060163776,1.1026854603101834,1.1835081743233484,0.7588545618335434,0.3916663467749303,15.98647440761171,0.15671715976822054,-63.414424587260655
3.41487783413276,10.469877303310017,0.6770779318391236,0.6444263222371852,0.7305777809620976,16.825137772804716,3.128539142934196,1.1849332332395903,1.1041142819225576,0.7194155538516248,0.3677604232471166,21.315110555741114,0.21393538876058688,-115.67692786540728
3.4021355221892864,10.003513438129831,0.7293242934378218,0.5474463408906577,0.7122408897401346,25.044059053980682,2.899325919536382,1.2459929506210652,1.1645733006190968,0.7874407457825762,0.01828796191842589,16.6137845086787,0.21099547238877228,-119.51771450050991
3.409078311266004,10.36358665552133,0.9193775858034392,0.5824273324604456,0.7613755321302579,28.05827982168583,2.7856718601229145,1.2709737192505073,1.310674912310068,0.7920882142756268,0.3768049827685861,20.53087265778856,0.1699408861641073,-114.26102470325155
3.4241854121195043,10.315954386079646,0.6565185967001058,0.6190774087014517,0.7740173012930294,26.64606799832479,2.93842579054278,1.3811803641928586,1.3238786439629757,0.7239008979501547,0.24287349055667332,22.632438055963842,0.15573230692169057,-48.28162101126132
3.4344258594987687,10.270863218377476,0.8488473260783347,0.6044761057531105,0.7550147531068434,25.55963411585947,2.835952881986867,1.1394548644613884,1.2854393401562432,0.7865413284699813,0.232611794036792,20.769994355212464,0.17877973634830244,-34.06781636920991
3.4310596858005846,10.25060948005042,0.9824293735716567,0.6302680926930203,0.7686349324537568,27.887647557689533,3.2132504245074154,1.1615442563430582,1.1087657124855068,0.7496260171837325,0.20202561774451025,16.395933411630637,0.16898344570859875,-78.19863594675694
3.4260095975553697,10.195292623647642,0.8299289028898783,0.5411891932475542,0.7733671596896473,15.595957646147284,2.9196947201672603,1.367780449570802,1.228098468180155,0.700737222844126,0.49372878524364155,21.294483501221592,0.2064205146772709,-49.26817317529368
3.4129691597850957,10.587736795460568,0.7950193800724329,0.685532939697275,0.7025872250030014,25.792406209575304,3.1026445929134034,1.332599218029368,1.3742660888108031,0.7587511718235364,0.26326959289657237,20.69019489028999,0.18125848964102947,-105.46875543533261
3.4385714657462216,10.634951537584941,0.7006773518527358,0.6209096784012691,0.7125168880586839,20.66285685633198,2.6515304007141194,1.2566838053217828,1.239022686088103,0.7980028516505754,0.1932113396018163,18.20866732760387,0.21410003250500903,-44.13800647046523
3.4096278083657454,10.042952430173138,0.8110130184072672,0.5629135360785785,0.738506440866203,27.792194769962606,2.984124427635742,1.124101960071962,1.2487761385521288,0.776585077757974,0.07466956897102048,22.563836734085655,0.18914362796317352,-52.79741591921099
3.4134542297876997,10.810643814937684,0.9166668085886494,0.5549755580181193,0.7592416382951127,25.268995797931098,3.0196517779433862,1.226515434138743,1.1920078475328726,0.7939236727429244,0.4614924447205518,15.934610321799683,0.2036853761927567,-30.57459212463951
3.4223390548125736,10.296260158554633,0.9554337279784857,0.6680124834934803,0.7728417537547633,17.304886507391704,3.2278138653336947,1.138566617579491,1.1540536617228363,0.7911841648577452,0.3233736154671168,24.036459041860336,0.21129183379063202,-65.41915044448729
3.400791256227808,10.063309236459107,0.9891168382014064,0.5692249173916613,0.7576249895710161,21.60267225581473,3.2460177280872937,1.1378203108092348,1.3855781927879554,0.7027861231265327,0.11390254013836407,16.289975226404742,0.15949495236626957,-33.41426826975551
3.426399544342551,10.780258430269594,0.9304781926026566,0.6054471681483602,0.7512768929341546,27.30874008488712,3.0707628746799704,1.273368766867737,1.2966164396248652,0.7356796524101764,0.2978477276384502,25.25097073636792,0.18239797884077733,-119.63077522588696
3.4226504449347463,10.715163475768499,0.6629692511376156,0.5457509974712995,0.7647202275200071,22.828007697704322,3.215619279789004,1.1384576371809487,1.2139051762573079,0.7742724496196516,0.09611052124632254,15.076571880359463,0.19046742739108558,-30.36800732446399
3.4336227428297654,10.644776203874756,0.7177981594860466,0.6781877595051058,0.7114877337280057,27.579831956680547,2.757711471530652,1.3434976754360552,1.1723227868811243,0.7218857235500429,0.13233214043375852,16.43709822163531,0.20108376924172294,-27.15174241099676
3.4009925810266557,10.642396895671752,0.9368116144778236,0.547356108325182,0.7591811673301907,16.654876639910484,2.8265170089070386,1.3871075174740108,1.2786614267734056,0.7798195986719434,0.2917829389977178,20.76432757677401,0.15268303232803943,-4.842342934858465
3.4113690695918475,10.39028802133188,0.8333704055141877,0.6459612967328074,0.7603513111752531,28.38366517044428,3.008186964547012,1.3523335636790585,1.1174687466738311,0.754027065395116,0.37024743443186975,24.978078380340442,0.2093971113220158,-81.34900481932993
3.4091256017398712,10.289608179727885,0.7809098236234177,0.5684762995394566,0.7198446632518666,26.052475290501718,3.223906434728275,1.1379694492003887,1.2544941814312551,0.7697791474261795,0.13479275265194868,25.732467123065454,0.20883824628408468,-14.321549354952012
3.4398945482232004,10.121726242704314,0.6727685126306813,0.6800123919765084,0.7768345106668669,17.313925959008444,3.096208978912083,1.2835436317604052,1.2285500563432403,0.7367565887261622,0.20067570449012545,17.343681444980497,0.15054369312612564,-15.75960639487485
3.437136058932625,10.071921077096562,0.9048675959191635,0.6809225958487439,0.73276053755895,28.314563612189147,2.8439469663433443,1.3914042561527198,1.3319490260336302,0.7393415417376172,0.18875970232591832,14.843600248278383,0.21207990960366457,-99.96221789659455
3.400736165251942,10.049323985271705,0.9688753606721154,0.590486735105273,0.765200276842778,17.568183045553905,3.187354791274651,1.3039152395263576,1.1043344446829804,0.7376290446769044,0.010333439018752878,19.041137986248728,0.1896613152862018,-88.3499810913371
3.40059292016673,10.347962901224834,0.9829754263036392,0.6270552643359801,0.7630056222500647,24.49725906512277,2.6944926756856424,1.3895765489647678,1.2605347183006923,0.7483482294933297,0.06585322109376382,16.59669801581957,0.16216240055587455,-95.11951473907854
3.4154892528698273,10.700916313035293,0.725214819163956,0.5639263964922615,0.7231891456720945,21.840488536412817,2.965125403139408,1.1333573277606732,1.329651185855453,0.7332700156868337,0.34950795922727185,24.368057065406386,0.17298736784720894,-80.58275432795463
3.428938192463092,10.581097652448312,0.798456455986908,0.5973394824643533,0.7470311609827092,28.043646443030156,2.6752147498433363,1.3201826457012176,1.2938061723687135,0.7952871696446344,0.2046058041924642,22.587399989661282,0.18418997358615224,-115.28774244681044
3.4185615563903338,10.114582914870851,0.8522163579653093,0.5946281879856163,0.7342303719433072,26.6856284139886,3.000359666225743,1.1111808414886206,1.187108855897048,0.7910244406299056,0.22528431694246323,22.23657489332227,0.15202220681719425,-104.29511068981526
3.41001399181051,10.468856852069933,0.6995207264086607,0.5826581162562732,0.7629822229997559,23.89628568586042,2.898339254379207,1.3956136252632243,1.1667977293958538,0.7169138472595731,0.07939924052329936,20.88288955857263,0.19136230858160747,-8.12839175374853
3.4294186302497955,10.465119207772876,0.7080124907307308,0.5895908957972279,0.7318436945876797,15.962318745131062,3.0793269443370614,1.134763098813305,1.106351480050783,0.7890208866276913,0.09426432451722405,24.332739041841272,0.19346584897532865,-105.8039417834961
3.436592516564532,10.858860205075837,0.9014009531331957,0.6985751615832909,0.7348587371466481,16.54609770577157,2.8596978226421363,1.353083141559921,1.2087142482947506,0.7206971047342356,0.43640625324143306,25.845192057978423,0.2161140347649964,-12.413062796356016
3.4187470411180145,10.012091632146614,0.7582444795939645,0.6397094773484837,0.7642810272081394,17.94407248276169,3.1203954728143697,1.256324141387708,1.2848705008653134,0.7427181171446343,0.31272503548616293,17.13716938178318,0.18053339979720637,-104.08976524071363
3.4216889865939866,10.410282199011053,0.7857030180180813,0.6430368924131474,0.7453176853116072,23.650099467283248,3.168794403790525,1.3986536676643195,1.3274225890156603,0.7273825402019493,0.22296331841038117,17.893421486496415,0.1791527463777274,-78.69948662712892
3.416794425099352,10.160776919600654,0.7676847063356174,0.6937949631649547,0.7626452911281426,28.047020811829626,2.8720836137388295,1.1829661933920719,1.1785254200891875,0.7849120127242388,0.47776460437825413,25.439533487664413,0.19975517021443379,-17.574285346449756
3.4172541755996164,10.537527020837267,0.8965741521033284,0.5481166840090661,0.7427537940542478,28.330830634707603,2.749997399991285,1.376588271058964,1.3499488006302967,0.7684095816438595,0.013206306254757254,14.953402648689451,0.16327762960573053,-52.42442270979183
3.4242767296994683,10.766986317394721,0.7679769790640698,0.6584799800753516,0.7670617539706557,15.503790687518517,2.6645350175236673,1.3862462319501119,1.102735089788432,0.7956149378044017,0.34801881741183555,20.56633182965948,0.15583266522064043,-54.46868580407133
3.414846875327484,10.681822233013529,0.867499080358378,0.6675982130677076,0.7374849546934938,27.45054558051517,3.172902522363715,1.1662512118664725,1.3743393278571319,0.7887338767426808,0.04716471689982655,25.887370378815483,0.15160037458038453,-51.80675478525167
3.4088371059171205,10.735316647598234,0.8692813896285122,0.6085414023639899,0.7078204565136075,15.956636198938755,3.101286184198069,1.2218658986406912,1.2432027512525838,0.7740339918948085,0.06250696951446802,21.674150196400678,0.15456277130541685,-61.354031195910274
3.4316059160984422,10.418419791894058,0.6785173530143239,0.6838984831164571,0.7614963116876774,16.438257702405036,2.7066583701477493,1.2359323063904353,1.1698394432085977,0.7830912987121615,0.496795231298886,14.424339888729142,0.16766137320205732,-54.64316568063899
3.422999581548663,10.874644954485113,0.9322103106687742,0.5551690065092372,0.7211920128800737,27.272991994931438,3.279325480980193,1.353828377465264,1.192430937533616,0.7167121314409304,0.2879596721619363,24.281082059669078,0.18732381272211654,-47.910357396177815
3.4280662486699836,10.305361839871427,0.6500997998284103,0.6671273013886609,0.7697920103283474,26.530258296673964,2.8637390760555173,1.1490437995751706,1.2507964964528822,0.7744746397660376,0.4222239067384527,14.024911344154349,0.20111278622439088,-46.080925696330624
3.4252273410229166,10.356172604636566,0.7916053354752217,0.664454516475796,0.7684162043555535,22.625162468258196,2.9984431600417474,1.3076938525730764,1.309221205009614,0.7989165896763352,0.44983108869999283,21.842892734677825,0.15485146844892597,-50.2264987958369
3.4321204856418905,10.667269046038562,0.9587165726004717,0.6464221013991981,0.721072497805862,22.954929062308025,2.9773803981792386,1.2417864335664888,1.2612308906840122,0.7870650264453447,0.3565879723147302,24.48346272175978,0.2104477189998209,-22.296858335329134
3.417081329765032,10.606182372064529,0.8854828479467791,0.6007332188269202,0.752196929565751,25.5289896045441,2.739893306795377,1.3829266435831447,1.3279261045807353,0.704330499302497,0.1587487635883015,20.700026404213432,0.1543292749315148,-104.89028820001892
3.431154722957438,10.150662678546368,0.9670301745509904,0.5415859910432157,0.754344595988734,21.633339760326905,2.798685929653132,1.3475579296156057,1.203795153572012,0.7696480813602569,0.1767694615274672,16.25115075579788,0.21383087160350628,-67.1996518556104
3.436163639212875,10.084570514162184,0.9608410693778067,0.6080309272385962,0.754869306378036,15.749136998010467,2.8309103786675007,1.3127697515380727,1.1186334049427835,0.7435031818750351,0.3369818660101192,21.09613396974795,0.16248771598285003,-0.8759345152410845
3.4040293245219355,10.654160125137274,0.9093960824036706,0.6319257728286582,0.7026872140348027,20.54839678248457,3.2002368663634564,1.1135640860638094,1.265438187169158,0.7132680842210247,0.3385440063400868,17.295731903595538,0.16520098359889662,-70.93569891170057
3.432792668433268,10.73638347656576,0.9972750145889362,0.6976901545726332,0.7383907109276058,20.252545322446394,3.2084756853808276,1.1525453296804657,1.3470452490834832,0.7164885162228748,0.47730098322710046,21.67691626297509,0.166702904407581,-21.13226189808755
3.4153793856685652,10.40536275673839,0.9533799372770728,0.6167215647640405,0.7191163663378448,27.63433663033839,2.830232711624321,1.3558529344193977,1.2812546618748941,0.7548661869473924,0.08678359167121077,24.15263514859727,0.16223461953253684,-81.85234598430698
3.4181765816171485,10.103772425355077,0.7210152316086396,0.6391703492793944,0.7198842199091103,20.540638132818486,3.062797855558018,1.1421410311189641,1.333293169364587,0.7169778098222035,0.2638961719306838,23.09471718667499,0.21560658654035128,-33.662118311092556
3.435905715759792,10.79884143068549,0.7569722400429613,0.5543008553730242,0.7228964401005284,22.119564189993312,3.2756817046204727,1.1541599003116254,1.3047113272584672,0.7816961491891102,0.02860353045666614,17.721115282655333,0.1572958927789358,-66.07566041549276
3.4324467314824356,10.640657973289713,0.6723861867188282,0.5809407128143402,0.7279611603250997,21.10945630460438,3.2584547110236626,1.2596864624650608,1.3930007321361662,0.73404739693036,0.3300619744717486,21.85678138048771,0.20941376033033005,-78.71400074839177
3.4191652327150095,10.157289926920859,0.6984955152510529,0.5949731255067023,0.7204980348981758,20.376202589129626,3.2405082401606817,1.3098515018811716,1.1385393646039832,0.7136686670816645,0.08823511896841026,23.96225398527843,0.19643660603237495,-112.42405769878143
3.4258887796409643,10.89941510158957,0.9462686296221194,0.5849899078922483,0.7354109190660615,17.99161231971129,3.027038592851317,1.2220011213699722,1.1368445159838907,0.7391975636570371,0.2191802859817583,20.85727010047148,0.21313033623153704,-107.53705816782647
3.4291573850893533,10.361436689186664,0.8710148785216544,0.6957198033391057,0.7622851639913281,18.476173356333177,2.995329533253822,1.1212439829486467,1.159019064687018,0.7154627368125901,0.3987510606625456,25.15257837711401,0.17288906740480536,-27.33598592070102
3.411190387133819,10.016454970134411,0.978603177771024,0.6442613026149524,0.7730043847970747,17.42770693627705,2.9369853810538458,1.3741411273412023,1.3078511930649426,0.7599840004968559,0.35709497546153546,20.447367089634994,0.20578361263602385,-26.31368080654704
3.4099289630743894,10.10065659986016,0.8714555979519001,0.5859789694568502,0.7280447001009284,18.052841887410157,2.9070510820146636,1.1034791838318532,1.3360258537013214,0.7703388271204424,0.4750382104491927,21.665862190509554,0.15267925199483368,-19.183376089898616
3.4272593901211676,10.569880551973883,0.9618621965457046,0.6042764304984827,0.7712252832795932,21.802480212045207,3.26773834204561,1.2296243305617423,1.3918332973839083,0.7788863157377636,0.48135646209392435,16.961892776898235,0.20483091728656355,-30.764532760137214
3.4235160258696693,10.843627563043293,0.7011917421482688,0.5540988090872851,0.7280176616818738,27.747700766938273,3.055356722448367,1.3317768775576069,1.1390130081937586,0.7954161343761131,0.20238924100195332,23.126102092672912,0.1897050779194729,-7.058576163114637
3.414843219979885,10.32945174405781,0.8474459553959752,0.6724889630514483,0.7409983809499646,27.806073711743323,3.1914759767299508,1.3753695018553171,1.3678936816355225,0.7521176043919018,0.16184821532203128,19.411471884601625,0.1722571240495863,-18.562233520741927
3.4083334357190327,10.17500902086442,0.6570841566828695,0.5407574743120578,0.7412798351978435,25.428479881525394,2.823587160257419,1.173150358445002,1.3256462668312505,0.7462902693647977,0.13347292392481414,15.62940218615653,0.18377755909600194,-99.38777271564884
3.4145863696612966,10.523456893275839,0.891610382174818,0.6103601889912296,0.7208425911896781,26.71442835476629,2.7500242009284515,1.3909869357550009,1.2134916953793478,0.7058523004785378,0.10173836311418236,25.04659689304878,0.19024634003725677,-111.90660642191226
3.4270296740009094,10.65460610923835,0.7661201510573143,0.6946976157868909,0.7449565773048408,27.544011026328313,2.6691013959493017,1.3737607565780217,1.1147654904645605,0.70834143537542,0.03237780955018262,15.763831633876876,0.20751440912444563,-75.61007246838548
3.4349471582455404,10.878498562346602,0.8808739490478625,0.6337390332299577,0.7582188300956964,22.529655408507722,2.688449828602051,1.1987824509624923,1.319074221718311,0.7024480631231352,0.18412910268245608,22.055968025935815,0.20691066465217592,-105.17816719721887
3.4320910007036116,10.522079129069501,0.8670080447120301,0.5761371392635342,0.7670907236634064,28.117155633279037,2.941887840173308,1.3833443645603671,1.1609277137805416,0.7909865859957331,0.057141984646446146,14.896773331496027,0.16951527360764446,-67.7560221325181
3.419848532437142,10.076280192568564,0.6659596147680444,0.5502961026326497,0.7308378877430995,20.12939406983938,3.232016195328179,1.2518511475779455,1.3752073088925707,0.7871999281319542,0.09267181550704612,19.378683115036964,0.19656722831697038,-40.48946446879761
3.4034143503137066,10.315210458649641,0.808003068423017,0.5605722807543838,0.7597340607336353,18.01743515301347,2.686306094227117,1.3319289358536839,1.1428568065803164,0.774069778575451,0.37295648891613004,17.251754027832785,0.1892001796605948,-91.92299507243642
3.401793088431151,10.309707760013115,0.8678800825775389,0.6559145558265785,0.7172257758096899,21.971247911704864,3.197346164426824,1.1713964824299896,1.3316566372790464,0.7165505632320449,0.3675746404011692,16.349330482557622,0.181757999075893,-115.95310204533808
3.43892334712095,10.542497246379698,0.6621268675441359,0.6063821281331373,0.7686760251975644,25.998582588865894,3.276417459836879,1.2935493900316706,1.2419248729471803,0.7985134593869635,0.4448758123451033,16.34256443573922,0.154227645177787,-45.03925738467005
3.4372874181624273,10.364623601036651,0.6524972059094516,0.5924402666063712,0.7220841423571591,17.951958073157535,2.991861558706699,1.198148032496167,1.2498661485167157,0.7391177475229901,0.014521325528740256,16.47759825495597,0.1898244952317769,-77.46614138807885
3.417655579642366,10.239823752812907,0.6897906360073309,0.5554284243153356,0.7730226545532475,18.050449399602847,3.0480206500464453,1.1371097413380058,1.343887824634432,0.7123122463871768,0.3752645686283918,17.591231949142532,0.17860738214062993,-79.08283198805614
3.4220919547634834,10.531013421592528,0.9171882956535884,0.6479986082142475,0.7191237695376267,25.721625059398058,2.8746100864586315,1.1019124085165113,1.2018800764437676,0.7643255697633264,0.2396641948800509,18.952501323002508,0.16290606298263538,-83.08734727270162
3.409584998412716,10.111527297893954,0.7340398290669452,0.6468783088589365,0.7290471140004146,16.432596063194502,3.169680385199962,1.3860934412966572,1.3589111715817763,0.7268064368309568,0.26418326342036325,22.28867387220337,0.20419850562091194,-123.65257445883267
3.418455144681497,10.453001197802548,0.9368974660543656,0.6181663955754504,0.7008812552901397,26.40833721213434,2.7830144684777283,1.126650330545109,1.381156650585133,0.7378462323694231,0.2557603264621231,14.27276212042049,0.19705011373125597,-85.37422244239868
3.416673585345213,10.81881619179699,0.7645744032571298,0.6646487874392069,0.7221805821984786,25.96247459014479,3.0253338980463766,1.1782694446233315,1.1903513548848048,0.7435255609070994,0.2850473986743536,16.664511322291595,0.18238049542297421,-2.3159871939999874
3.4237155956063945,10.628599855188272,0.7946208865057811,0.6695142341183561,0.7584283167594548,16.58747336638721,2.816445357485674,1.3126177050290118,1.3623710158163642,0.7278537762859916,0.41204235360729813,15.002370604910377,0.15883142310755105,-102.10562264227222
3.4388259832652763,10.247352007781672,0.6601958340935955,0.5520343966547686,0.7037536748498602,25.119377811618467,2.916773169628374,1.2570088781812123,1.378213263699345,0.7708303593546735,0.06031476972430234,23.03889242385464,0.1704449045469592,-4.031362039960271
3.4084138529832693,10.645560679115265,0.7918574608068063,0.5799002688320003,0.7440161476955768,22.627033844438984,2.728131972125169,1.3310832559797587,1.3824728221272007,0.7413393796495082,0.379198145410818,18.23386979252628,0.18200483525066521,-24.476266177901266
3.4008833341176383,10.003852190203002,0.953894760981228,0.6881296218203348,0.7698690609480805,19.51343666407495,3.0573246536900305,1.3545760827893116,1.3911881864192979,0.7455889913403202,0.18208898166180415,22.045194811998826,0.2183128440517686,-106.41958026782375
3.4310761237424545,10.30455187585746,0.8368339602324464,0.6365876028983779,0.7085322834356285,20.636323877064605,2.961923168873427,1.3234068466936706,1.3158818146911757,0.7094214882070872,0.05274769949977861,16.70048863258613,0.17819093969511762,-76.29901133440984
3.425771266954929,10.610109147794786,0.8531094145115697,0.6596843265076863,0.7372273913595835,16.725448297702812,3.1704957633342605,1.185203403992123,1.3040618322431832,0.7006916100125985,0.23232731462234366,23.75631734060009,0.21025549094677926,-62.1807380678667
3.426339084752284,10.518213936647749,0.7412427305961431,0.6016580411184055,0.7713700705055653,25.48448151344889,3.0309043397122046,1.3376041948208521,1.3967845239384618,0.7523781904921858,0.339638146123015,14.794486941098725,0.15632521428673005,-26.35647707519071
3.414185693505561,10.89805559444535,0.9032024976185169,0.6828854751486538,0.7504158586842349,24.166699333100727,2.6987884740757595,1.2968506129637345,1.3168593959300008,0.7218185481677943,0.4475968416859565,16.674728463511315,0.17725086145584099,-115.54280814044432
3.430822094729504,10.448799425282155,0.6505268303235511,0.6954075034402212,0.7502028721059762,19.51096378445508,3.103294491001437,1.2338947245411578,1.107016520537881,0.7463080577670613,0.16280950520122445,25.345240468090935,0.19172049477661351,-43.631430147408565
3.4125170342543902,10.63557564423517,0.8561856185731405,0.5615587729816648,0.7728752432209955,18.652272476523333,3.1501604811766457,1.3645763721660618,1.3563030832633172,0.7216264904801871,0.06344727367306013,20.453166498294642,0.21509485391586286,-43.91281628863146
3.439153390447969,10.31888073281171,0.7612041618151153,0.681931708094808,0.741525673131785,21.171279956726057,2.822567180225007,1.3247505610111627,1.2636973820977042,0.7858740004960373,0.3629180367352822,21.69606034735298,0.1866487633266873,-44.013682133895955
3.4096850863875945,10.764055124468989,0.7333529840225907,0.6641325654334987,0.762447391865373,23.35410371740467,3.139694573820733,1.3612579080681677,1.1578534825471367,0.7455924043839707,0.19955826391180936,20.880834024516986,0.21915979468255942,-9.06679114744135
3.4119474429274583,10.40867294892357,0.8235390306034795,0.5936471164422366,0.7359170835079853,26.742551446135728,3.2172888975408127,1.3985247458276908,1.1035076630017782,0.7752047152198085,0.4667981734481254,17.788623042165888,0.16594202847760675,-103.41024687963741
3.412483565157059,10.216575285499701,0.7149773552182187,0.6034439024223114,0.7628434893894447,23.776467111964763,2.7803665899773837,1.2519378903068685,1.2247050008002158,0.7631221986866237,0.10711589508048505,16.58986470778601,0.18861703931194843,-9.866898010033012
3.432150138430318,10.377083493195613,0.6515107342112899,0.6887361691608085,0.706563327772629,25.35938228008687,3.0303272506056915,1.3520964918429659,1.2009881521183572,0.777517711355959,0.4413571407739931,25.600830557413367,0.2109258380643314,-56.975126489475485
3.436728384928197,10.834943799973553,1.0278941895810807,0.624494830130553,0.7083136749953625,21.691096009049954,3.2146708358136307,1.2152352343059252,1.3716404074973434,0.7001623453174922,0.12894619351728193,18.347283263122147,0.15342488918829542,-56.49393841172417
3.406949577826041,10.454296978003295,0.7407040261541482,0.5697086015247291,0.7447007536604247,16.472236094058744,3.1021207528220085,1.2634134633765732,1.293149489105748,0.7620926778205227,0.41851274245547576,25.331051081468612,0.1859727581749675,-18.34659119252727
3.4364532812820356,10.29040190439336,0.8553789476461546,0.6305486336590027,0.705192302601195,15.606827402121604,3.1100622378993177,1.2783431500724782,1.2148786496414048,0.7711848255719108,0.4493393454267399,17.908861460904784,0.16147381214179846,-68.89954922115587
3.4266952266007737,10.30006896491409,0.8876887047556952,0.6516384248288516,0.7199913691923651,24.17623152275515,3.0796489265826086,1.2328028934143371,1.3094860118369365,0.7498004138691597,0.29150374803022555,21.66156916295332,0.1570169738355148,-50.7067247961252
3.4355331130628692,10.466189412835895,1.0142801462499826,0.6365631466066863,0.7598096354449339,22.33318466765894,3.0771973929993957,1.2023405465949843,1.1298197745500056,0.7656647530900488,0.16090979054983537,23.420130688189182,0.15090157666407375,-114.77041334461822
3.4237910315617666,10.242560160012372,0.6917425250700608,0.5509058674915954,0.7666415362888155,16.711709969095583,2.9507611143752697,1.3416153529498402,1.1187929724306056,0.7081146635838342,0.24812065253096585,15.766043450791134,0.15297144288122855,-86.9191505226845
3.4112460199562316,10.45346093341148,0.9518894762171526,0.6391934721157011,0.7535465614663334,20.397190898666626,2.797770118531164,1.127126488621185,1.2753528482804395,0.7411424223351747,0.3433611015074416,20.541151861104698,0.18208502205954027,-47.48377180828223
3.4142020332570477,10.256647629835971,0.9390633832816415,0.5887185635915897,0.7785685586252568,17.063600052152488,3.0454786491948913,1.178215270524089,1.384782322662918,0.7173025933930969,0.09806437200535252,22.192723094664945,0.21654571693422967,-95.35698067277312
3.434403682585333,10.670961837306963,0.9107484387524638,0.6216779018023986,0.7073108560297662,24.375959602351955,2.7014870837226908,1.2877554393636752,1.2136861589418528,0.7050517925016342,0.058441737935123216,21.82179599940227,0.15435704462683558,-9.508720031500772
3.4196852308123864,10.44872485078326,1.0149827176581272,0.5425015172348668,0.7033499870146408,20.948989319982427,2.872243901893736,1.3216169816552823,1.1733151483035087,0.7706534067334042,0.4479460773463689,15.99015855415163,0.20042411753623743,-87.3193507162189
3.4165677020028857,10.843181652320073,0.8041911672701703,0.6514799085706324,0.7315335467557399,27.361414791171278,3.031951299536364,1.236735848864424,1.3574372179669167,0.7947198006109889,0.1986684520870199,15.646012795630988,0.1978399433522417,-71.24335028514588
3.420253409567019,10.169025705840781,0.7105195269554858,0.5790257701437309,0.7479983419561913,20.416462973378017,2.9325099430248565,1.2428687380107528,1.3898860226234562,0.7796981948999655,0.06359561022341396,19.927189255689527,0.20945086594284132,-90.21387125743898
3.4011513183432562,10.736370057438705,0.8741807029302331,0.6598136755890286,0.7106002246387723,19.222328945256745,2.876742337083459,1.3934088663271824,1.317658078771516,0.7071214663059646,0.23760177323336681,19.010748217813905,0.21974718792064774,-22.129054563534467
3.4384329466706287,10.57911894319021,0.6846641289736414,0.6455246775490282,0.7059059641880124,23.127858513974324,3.2511864446177734,1.2009358567703683,1.275154794002832,0.796598084315113,0.34057158474241284,17.718537906642883,0.15125602954112083,-17.650456511273262
3.4335358626866124,10.877043996668492,0.899609594562884,0.6351193261278787,0.764765394194964,17.358059148577482,2.9059176750543654,1.2330720104251311,1.2543767771694851,0.7965200097608622,0.30318761826108886,23.42666036242987,0.16910647353241032,-98.84521283968107
3.4311894379278485,10.820111986997645,0.9208824465995638,0.5649526628336525,0.7464572597315355,20.863367034362795,2.798388938153732,1.2199031077570315,1.323714341671126,0.7495580756640449,0.3363441331844544,19.77716664026812,0.17058708084861818,-83.83914405435769
3.4372288365994614,10.674033322534237,0.9196259608076351,0.6817639355586553,0.7782698730330482,21.099060588457537,3.0461433309133885,1.2772780104102974,1.388545528997779,0.7877993823839373,0.22719539850885456,14.93296507748277,0.16197481564665375,-80.44392555356728
3.419043140218602,10.209926031109488,0.9119081234589073,0.6134435855141346,0.7482738788635263,27.46748315065286,2.8330311951474054,1.2475735409622661,1.3811058907382203,0.7935555516422614,0.14048781697077078,21.039342321047542,0.16797328557803556,-42.10774504560672
3.4170455865434843,10.301063588539673,0.657703020845287,0.593854855168321,0.7459855603571993,27.38554163326518,2.754357621183799,1.2205358510488442,1.269647213760394,0.7775360355747709,0.19642852682973047,17.331854359360637,0.21333435946677626,-117.61942385577326
3.4376891829925813,10.703061955346355,0.8565162062057492,0.6595196244097269,0.7191436919516815,17.22492339531651,3.17385879471145,1.2017797221620463,1.139821482155962,0.7659490670372454,0.15386055588092665,24.214467747913986,0.15164223115632378,-121.51207710982608
3.4303352288816353,10.155321518329377,0.8643663552012084,0.61354324715546,0.7674001935162998,22.408766617661243,2.961078948802142,1.2882798124968975,1.203462245019309,0.716994344466231,0.056546441708204914,15.831283525181451,0.1532678862458193,-80.56571161814963
3.411336130889676,10.464557177536408,0.7567919613133067,0.5865531607511443,0.7422862203100448,17.447480927983534,2.9487931200032764,1.2838149973481912,1.103744660586321,0.7006568554363437,0.32932505426372694,20.51543328275733,0.19645145016130078,-97.81408901950593
3.4285874704510384,10.685270744485655,0.756912497988333,0.5640353631884636,0.7189151023144158,22.69082563421211,2.720803132130545,1.205440051439353,1.1793830897079514,0.731825320936737,0.1282010400582546,19.174566473911707,0.2073032504145075,-59.96455231356319
3.405670845477938,10.8772584679892,1.0226701037689554,0.6504542554935886,0.7405648867822808,24.331059272009313,2.702374660542009,1.2518189840777165,1.3998237092295058,0.7709324942689281,0.19437370863852865,19.851004701363557,0.1739038359141213,-11.563955035490466
3.40134675864794,10.242384364104579,0.9631790278564764,0.5443963399946348,0.7325772561491561,26.484406502877697,2.729582975636497,1.3149607621423407,1.3579522580153445,0.777218875925557,0.1511157401442203,22.153887311937858,0.17805782039519355,-11.492882771717476
3.436966770531218,10.068479928697078,0.7120689661891918,0.6464411142507986,0.7395773052855592,21.319290900063137,2.6999023125872688,1.2422060228845866,1.2129250006252763,0.7485956021764765,0.4207377260341952,21.1661704300985,0.16267887353420268,-67.16556953477843
3.437633158901885,10.359474090527872,0.7807687062756095,0.6691972208628456,0.7787009031859817,25.708271670823343,2.930238194193573,1.2028060477785412,1.370826006426761,0.7198372897173193,0.30067812490525997,22.57867171659531,0.1773668824202464,-13.240348055259929
3.4033953006092967,10.036647434177222,0.6541373323452584,0.67087686342576,0.7341321872519083,19.77656744592717,3.0557477283942958,1.3260118982637499,1.3335401668235494,0.7488181950338431,0.44562839806737425,14.392637084969286,0.15282385979503907,-26.001890918383012
3.4222152088027293,10.783360315551118,0.6735138310055464,0.6004066860164665,0.7177837903926132,25.02502142339288,2.866406499622538,1.1266223280625487,1.1629582139218853,0.7856534685788281,0.21989005309073392,21.0514901959718,0.15008521145063589,-112.9673221809503
3.4221695366745504,10.347893944190043,0.6527405928064541,0.6903665318847039,0.7329626648188494,16.359009661323473,2.78913156722348,1.2593326337894852,1.3032640409788048,0.7290521537876786,0.39745412566674143,22.823797440595065,0.16235328797229676,-42.41888738437167
3.439763035599237,10.676626812606502,0.7561540148378091,0.6522726712508056,0.7045730166093535,16.134921591740383,3.0140511037808047,1.271821574847975,1.356419073376049,0.7389046487200044,0.26912255395045154,20.368304509747453,0.20538603351054974,-26.20927645324312
3.430518965223769,10.031890754838098,0.8507551023396653,0.5590673029376858,0.77534706263948,26.61987638813929,2.7568897244367196,1.167995727113914,1.1868411472772775,0.785980920750471,0.012825110582582134,20.210546882853137,0.15080233883382504,-101.77423661582996
3.438265059274395,10.127530370209838,0.9454765861647387,0.5901111027601608,0.727580218365339,16.383220055514453,2.742457329065537,1.3580483994670616,1.229634277875567,0.7564517558240107,0.49019088819661544,21.13315171655952,0.20270434172221066,-31.06121048799683
3.4225110696764203,10.24684316938743,0.8983159778429906,0.6547524124384172,0.7715901460161027,16.671054504708355,2.9169998020166297,1.270361764520757,1.1978149974752565,0.7463555437432587,0.30684211810716316,25.865912539038103,0.19856222401872906,-5.906838116752482
3.4396343561215073,10.66324404697534,0.6997617360381904,0.6705079256919575,0.7397693433720499,20.574365432075787,2.820515217450219,1.268898140497211,1.225827246886478,0.7126379718621304,0.1698345409482468,19.682388601421003,0.19742910804629604,-108.63838088745226
3.40315617883534,10.264510200420608,0.662573531373907,0.5817358755034088,0.7399911952107667,23.108199496000104,2.7274096772882426,1.1336990938682125,1.171724817720211,0.7813887912965948,0.05803936893111837,16.49001703046234,0.15245439997300766,-84.32028387000392
3.439041461831154,10.578142579523416,0.8939326840651245,0.5961722129773356,0.7799390356687647,17.591362416847154,2.788706028396853,1.255585192462953,1.2613634396870812,0.7539114289793635,0.2721829940241049,14.647638491168287,0.20290416906897102,-30.33457184750563
3.4157329048703207,10.795120895148385,0.9417329356181486,0.6736848789827614,0.7477623417128573,15.62224288889836,2.9850113302758334,1.1235989964118653,1.1458432377232788,0.7897461929067922,0.25073459119792524,16.55550102533362,0.19019930094618395,-100.12996864885
3.402296991281515,10.69882376462087,0.7954246606453679,0.6331794525929474,0.7601200874819021,25.317094010523846,2.828440474986008,1.341466665245021,1.369047599522456,0.7049213597454682,0.0112734650578329,25.945600427047403,0.20628175999773804,-30.06224577763591
3.4343344917243694,10.547476515476859,0.775867005449333,0.5993821740947807,0.7723128748037615,22.843582815756328,3.0279696872515753,1.1449410508504463,1.2699100710355922,0.7843210613483265,0.28478722020462666,18.254466838119246,0.2037917571796378,-0.49468872449280354
3.4130871221534655,10.538291898102955,0.8988662804737598,0.6066232432487307,0.7333325853864501,24.39633954708355,2.7893699574588884,1.1306110116206742,1.192299121828357,0.7544641061229856,0.009427333970643395,24.51315489495341,0.2027176628690115,-91.88690351986777
3.43972425896037,10.790657213947767,0.9420077203480477,0.6882644868224279,0.7500430350452577,15.318568019149877,2.6557340514368613,1.2353551386490964,1.1402169156016126,0.7013487568044858,0.1972911127579447,21.470757739823995,0.1591070760474486,-9.166730724258372
3.4262421153441607,10.259860277636445,1.0013572404849262,0.570565681862,0.7442955008121082,28.182163477406696,2.8031767424447103,1.1725665321868433,1.321414502178364,0.7606699688236261,0.3902357343188801,14.337496997244537,0.15477983615579438,-10.581690545187172
3.4381439429103966,10.334463812833995,0.9826675390804005,0.6685422157204507,0.7147299978034466,24.719321295530143,3.072008202914588,1.202640720100466,1.3482948611307346,0.797020546440758,0.30423169965627533,14.566459620290567,0.17184371878739568,-116.31989271557094
3.4271673738994237,10.842449863274394,0.8724970355789448,0.542829536304815,0.7208529896983553,28.332082281399725,3.260148844991677,1.2302327081661715,1.1289932195584162,0.7475100845695384,0.31388856510697505,24.077900238929566,0.15414465850872475,-110.22753410134402
3.4396615355043805,10.393958072997709,1.0025746034177274,0.575622113706579,0.7537410665924282,23.36373385287604,3.1452833721452698,1.3430605566736726,1.1936829593791347,0.7636115793209217,0.10465295838068125,16.085269959656458,0.20938460850218127,-37.813696406119504
3.4109712614855976,10.061069401072695,0.7811747792631217,0.5849321747472398,0.7125585267374083,15.743961097880259,3.203905928679635,1.348087098318144,1.2668560327829672,0.797542745594618,0.10015773225281521,14.274543362322882,0.20229666161248533,-108.36544634560333
3.4326919854830797,10.280157838763694,0.9275125538441775,0.5867135241821915,0.742392478726702,27.83998486479895,3.211002208425253,1.2473736024628652,1.2109279801491983,0.784477198864655,0.4251039050624507,15.138630892772154,0.15399517184545036,-63.823522342330065
3.410606027972525,10.827045933139058,0.8212245281038275,0.673186916996352,0.7204041348895233,23.132258756413506,3.2216193130420994,1.2560816265344235,1.3630822396602242,0.7790771720202931,0.35899861229468344,19.18006760841743,0.20834778852188152,-79.6867826529814
3.400392759688762,10.78233618080221,0.6627357435059276,0.6874559759594947,0.7320516172868574,24.831900799986464,2.7548475746066248,1.201569848564502,1.3174301037721436,0.7400728358679424,0.44265254247155406,25.580843900388068,0.17666737481140038,-41.092600387293615
3.433608010477692,10.747861580715487,0.9298493807156638,0.5708899036292291,0.7559467995781757,23.52891295701798,2.8413049135640196,1.1548686244024218,1.3526893539950016,0.7056503089081494,0.33411774348142953,14.978349355869481,0.16773770137108107,-113.13441658553123
3.4063467723196976,10.103086535574404,0.6516451374519268,0.6676691529408896,0.7082241389469971,16.54219541223066,2.728889998497352,1.2094440223030758,1.1198528604759006,0.783193564468318,0.38730181962434673,24.026527497903793,0.19039012624170204,-36.05858306405334
3.404772080944145,10.1280151791485,0.7979157386000131,0.5603410876183104,0.7726830023139156,15.887153934573378,3.23444180509247,1.2389246664961509,1.2917610985318846,0.7164993871256949,0.3628005005788979,17.129520950145118,0.2070554268760193,-46.96556247458
3.4272757998783305,10.3168644836541,0.9906054767001805,0.6949917930983607,0.7373629758728445,15.37112515119737,2.6629301954326277,1.12719600442813,1.1920474940879193,0.7844368030169789,0.12461815905820478,23.83374256622203,0.19185787554864356,-10.38501736657247
3.4206020669902784,10.08400074145609,0.9161582097028393,0.5574138239055071,0.7272681139980305,28.09222978432886,2.6994926192666266,1.1296006243539376,1.3037180963797657,0.7447663198027917,0.22145373834485305,22.16095073060457,0.2075481807058986,-30.320846211950354
3.4257279547018387,10.67880153345347,0.651569364481258,0.6228700398539817,0.7770876982288704,18.102226455649618,2.7895145556543826,1.1471857482584369,1.218673977608172,0.7775763481662539,0.45300053932168327,20.17129478029341,0.20764616139542658,-19.39760607592416
3.403198401126222,10.308155503651868,0.7391087466770879,0.6660084583295675,0.7309253244738843,18.02338303134661,2.942994095460873,1.2175820393052186,1.2028911131734996,0.7520865783583677,0.1504634550023446,14.745681796091384,0.19252515183283092,-53.465182415476136
3.4073463704748748,10.448354083724036,0.8534201753465251,0.6229137093174444,0.7418075278944984,17.41404630048684,3.0184123992058414,1.1944829171097624,1.25455793290148,0.7187682801827469,0.4637568754941105,16.37301049595804,0.1993441283448603,-122.99737676811604
3.4200072274972206,10.149333226246593,0.9464021912088976,0.5421325284027585,0.7071794053816745,18.438302696475066,2.727638328340049,1.3017107793754816,1.3082996130897164,0.7772674048758058,0.4954909783422559,22.257944040127022,0.17231089476206352,-55.74011199522545
3.4259831943234,10.516380284395716,0.8622094570055814,0.5661478717666746,0.751040229288629,24.283158306020173,2.8392939448053536,1.2748630384021524,1.176441951633988,0.7172165676466197,0.24806951825534837,19.763427736891177,0.21372709839316925,-87.3504031355985
3.416260452181362,10.617234392969497,0.866009500891052,0.6342894298767563,0.7623262875953118,18.97800249768941,2.7375075762849663,1.3983383058986532,1.3960257401433434,0.7488352991546194,0.2511208697573976,20.788495597078978,0.21270092026016296,-62.02512891966469
3.4197813914534163,10.470248451780238,0.7456676823792665,0.6355175634768016,0.7767872243000514,20.882194324834273,2.6580474778088856,1.3464830360233142,1.1279387703525627,0.7515384616585318,0.01984363280244363,22.834462993984097,0.21629062813405048,-122.10091480218193
3.4235826328226846,10.089715195478478,0.8073562050892951,0.6493568689721294,0.7116927661742922,25.531665695660575,2.8727442735502566,1.1792600521479122,1.3944780655129172,0.7300841350003712,0.2540766821742407,21.358186187659786,0.2125652097602223,-65.34848304893397
3.4166988093554536,10.79824780884439,0.6548369794336919,0.6703958211198964,0.7239032649664684,16.556255396980504,3.0400401581531673,1.1465957441237715,1.2833528024345633,0.7952583347356211,0.2708178329493161,16.565467359999072,0.17295082677111928,-88.62671185475473
3.431354257704597,10.619446754806027,0.9765582655928711,0.5831327296651845,0.7014891495742508,18.980624027124087,2.754792020251717,1.2759203109357662,1.1021016342326735,0.7210013687455363,0.38894733500148276,16.30337937584905,0.1629110586962476,-10.24031902825071
3.4371630555003407,10.159229732340652,0.8421864446235914,0.6041312437014572,0.7077560097488523,28.010933908440485,2.9541830669246285,1.3633874051342652,1.2444730944674738,0.797238774082162,0.25631024262581775,17.7338664236789,0.21516847197318706,-55.62372598735861
3.4025403571748662,10.517608344681056,0.8909416045780558,0.598642731737476,0.7385765052158026,15.945867261982794,2.8113410824598972,1.338251181301832,1.334617000414862,0.7273218545852689,0.2935591028984625,16.559875419755173,0.20186526781139763,-86.38811359384206
3.400998271346763,10.871294813270364,0.7506290610665838,0.6019287576108833,0.7554339045903182,18.861639530555887,3.1870130108283803,1.396394190811675,1.2707982263678457,0.787998919712321,0.37294563694954136,14.347677325712691,0.19332531606134828,-29.73047175434374
3.431265450629008,10.05809828474202,1.002819428481466,0.6939746536213114,0.7734272899290185,18.73127983070297,2.727169340660386,1.1970368369991538,1.1437307313873313,0.7111741765972117,0.3807135574297655,19.182556250802122,0.15183719130328246,-110.58892940996685
3.430522763539853,10.630146902374763,0.8772849325972715,0.693276421668028,0.7313036957195594,22.46427973317854,2.7590413304411463,1.3134654224647706,1.221937608107118,0.7569594030314167,0.2906694795333235,18.57564777503314,0.1550673581557698,-79.26311525747843
3.439392140263821,10.11776841092087,1.007938566740699,0.6825912872473389,0.7691976049569402,18.147282436201557,2.7916739965173294,1.2511693753566997,1.3082748601526273,0.7740837981301342,0.4721144158235359,20.889787958663813,0.20227238801285424,-114.08560613143777
3.4045591283219063,10.534329591650028,1.0142361291652413,0.6436634829454304,0.7779454612651384,16.771372826187708,2.829222700342263,1.2028749746463308,1.2882340234215939,0.7471007657416526,0.44194784986796243,20.23825673916997,0.17579887992239537,-85.1609288390031
3.431880157411944,10.586265240610803,0.9750175003652803,0.6625129946246999,0.7665855785116726,22.176903446124207,2.9909939897885267,1.3040533580926774,1.3837427888275413,0.7886096220989722,0.26761458581356445,24.54398934111234,0.19199612430173607,-62.8735678055119
3.4037355514897114,10.59278203859582,0.9797672932006927,0.558038821596406,0.7634247726552555,16.68991789055884,2.705961077098485,1.170422728652528,1.3024154276177322,0.7124620651256051,0.42005974552408115,22.96918577134977,0.16436462356871842,-89.9366717032195
3.406842677209797,10.893668155595632,0.7758297777767644,0.6180889416582431,0.7769891981935567,18.34614040132405,2.8773859092348677,1.2625968794040936,1.1387144838723269,0.7954063700744304,0.3685775258427067,25.160711017585186,0.20077226845744678,-26.906563334897726
3.4351991103424604,10.14840540940824,0.7082037401791632,0.5855157630402886,0.721996897705875,26.843379634810653,2.66267467064882,1.1543882379100583,1.2256326497893557,0.7906675190276082,0.015872668293350232,22.509355654616456,0.18160415101142427,-102.15858095455908
3.437547694945003,10.681522678294229,0.8890765663506994,0.6158225755320248,0.7383951866041748,25.03583955659322,2.879963504097977,1.365945771405081,1.3235363877633979,0.7286877659249563,0.12292334472977806,22.34838824538772,0.1603136351937014,-86.68162674878447
3.4280919592310197,10.278597136435424,0.9449142207474464,0.616914829384872,0.7779161981785584,21.2718174805058,3.211092342554493,1.317316228462755,1.3152303702939692,0.725178304997318,0.02751232429320045,25.000074818819897,0.1905296211519645,-117.87778829028048
3.4203054933645594,10.114995494851444,0.8425464386471363,0.621563118881845,0.7159573191770816,27.820147618500876,3.2365216651195956,1.1048983086080333,1.191043057362151,0.7397441573654875,0.06932003369328935,24.033642765753086,0.18718646281254503,-77.86117623870976
3.4395730534666153,10.355855949012772,0.9276736973237103,0.696512143573225,0.7675886329971172,18.843183212882018,2.803241273860174,1.2668585326008057,1.1116632637266193,0.7525489775849931,0.11075663270808915,23.96309177597685,0.20759781278478456,-33.64019817873199
3.405029127460284,10.821840091556712,0.9996026499741948,0.6979917031181437,0.7525519270549899,16.02797897720869,2.7030068012322106,1.3307998051676866,1.3002930019929952,0.7469129272852254,0.361616222694118,17.885547353427924,0.1621084099204195,-15.022506393156235
3.416438877858821,10.391717088961103,0.6740524965627166,0.6974555931105859,0.7453098104012988,27.756335792061442,2.833558967563846,1.3794178301416162,1.2287436692917215,0.726158255645456,0.16200800819746516,23.689001843412612,0.18167586432566085,-36.21063074693096
3.4290546834128155,10.324180629535244,0.9520339362245629,0.5828815045078339,0.7080603998600213,24.73713757949423,3.239147754150785,1.3516853654518401,1.126159941250388,0.7713971929134739,0.09539276843709636,15.856748679735475,0.1882245419425066,-83.39742409165595
3.4211394191587488,10.896904039826426,0.8556663052728601,0.5764725663137074,0.7474842301056429,19.688397115089177,3.199040294104032,1.3584433788115602,1.1913458498683132,0.7642952019784368,0.27424298591179835,16.602635554081743,0.17948967440159552,-86.61648470688502
3.4250991218481266,10.057274307649354,0.8666520283781594,0.6158010518366096,0.7463063759393538,23.431760145938373,2.770686529596191,1.1763899675071967,1.1817481924882236,0.7421963522834407,0.23644894036449038,16.59366482326107,0.20783564124581186,-118.60149449635654
3.4037777307970947,10.25401031789978,0.6858168337594212,0.5609894236460888,0.7242180449106042,27.69227590462996,2.6946295235194313,1.2590752958688154,1.1072829304996934,0.7849462170411052,0.33506699179240157,21.86458251934694,0.17359335404016332,-63.07398492935733
3.426566318222206,10.165392680600474,1.0218409105849455,0.6253146479018563,0.7595672955117405,24.756943789601433,3.002942543806959,1.3182592517292833,1.1237217153423305,0.7893442755863117,0.2579691478509414,16.2717539864049,0.18966825806648357,-57.40769700246234
3.4093281237551096,10.617151610512902,0.7419735494608283,0.6088069343736646,0.7671487466261673,24.591248913704547,3.1851953916066593,1.3169653568060262,1.1034444717434857,0.7578854206917208,0.13557580388423598,21.30035135389833,0.1583843013020306,-103.52533341065707
3.43413999658151,10.443305516826607,0.9911869160410987,0.5808786657233749,0.7059944567996357,27.356916024880203,3.1877318830433574,1.3721985765498206,1.3315597314708718,0.7924288589950375,0.28229079218721687,23.70916417687966,0.21316971088653536,-99.06266171930463
3.4287190480966285,10.525613152079181,0.6796326615784645,0.6184464956596659,0.7666698601227729,23.664085180177274,2.758137711784354,1.114658653139304,1.365266821255199,0.7355387437298376,0.4830622203853122,18.016592278587154,0.15520391140124917,-58.91409569907627
3.4082993069196084,10.317682190802703,0.8196168580814724,0.6632492371734544,0.774765172157017,18.54257879203377,2.7115762898321205,1.3576247147606653,1.3830984729849525,0.7489482013984,0.17622526440233283,20.909166069801127,0.16211970986977145,-98.32190467806612
3.4148501834126885,10.842333429385858,0.9192582577221198,0.6620996139182166,0.7742733174342398,20.7400191136402,3.0727904209357986,1.1857324693083708,1.3199977617377552,0.7890639158828716,0.1808672651996479,14.631613629280022,0.21891482227413891,-28.081355996372224
3.430672506498837,10.467033104282493,0.7154127380154724,0.6418392432791902,0.7278001383031693,21.64635455195174,2.821428580579615,1.1595108934009457,1.355833452795119,0.7579961723406045,0.03901505754420071,21.12719332810226,0.1823898355364987,-17.95025344633119
3.42835250082195,10.296089333844446,0.9965663732381815,0.6403547291858479,0.7500370696308546,24.808246329226463,2.80447380607597,1.2434883115153705,1.3741978305650302,0.7807798771390595,0.04361364275554063,14.077585915456451,0.18916485472247457,-89.02417632279736
3.4138025158203162,10.71410809969895,0.8073117819886632,0.5482411005992652,0.7713078865078951,22.679884715035293,2.8601668747850226,1.3639991941169574,1.2542064107646107,0.7863668013835133,0.4732172165695624,23.928019762877362,0.17680677105105377,-6.279544931123283
3.4257483835650517,10.395252084370572,1.0269206089654,0.5818946321014267,0.7355942415982368,22.687523504344327,2.9527264711181234,1.2614703702768024,1.304208761240998,0.7737404576752547,0.3947069214522808,20.444537697227474,0.20580549439404966,-58.47508616588327
3.405558145692477,10.693384363582453,0.8616391376065141,0.6330252791662986,0.7485544696453896,27.787822920039325,2.906639042116983,1.2850798874264444,1.2364646323587491,0.7741147512121412,0.02819482355385307,16.045413501420796,0.20457354878434558,-51.74887067953554
3.4251893942896103,10.44530932357988,0.6766922633410334,0.5407458393781911,0.7495935769540969,26.73116129374065,2.936943246157453,1.125187540940069,1.215865409032782,0.7215648622440431,0.24206666278307773,24.594303701951095,0.21131260019326709,-118.0868005501749
3.405583979794064,10.655130200663015,0.682889458899158,0.603904776847523,0.7709900161446172,17.075700011446134,2.7009765068179057,1.1062818303600537,1.2957505093516526,0.754213271407418,0.42021970828183947,23.29529006909526,0.18874187069300577,-82.9151830656665
3.4244417452361775,10.039150544369253,0.7409908610284321,0.6550666212803432,0.7106853584337667,19.82070454963204,2.870687031162136,1.1257474525221705,1.212282190064568,0.7793052151403406,0.31107358598442936,23.157267716618883,0.15925640159559742,-85.1874046675264
3.4015540923556418,10.205542774050018,0.9939096896076522,0.6716944899882391,0.7765260236012601,27.251285999640032,3.2277643524484607,1.3368007670920403,1.200965655510576,0.7150095245807349,0.013826451170829687,25.394801795716116,0.20709799516153593,-114.38589954622586
3.4128300436932943,10.022226036214068,0.7985605229621116,0.6158500473835627,0.7095747000255893,16.06641297957453,2.691502136973419,1.192509546265235,1.1772498806069884,0.7683556561277519,0.08283819724737204,17.10487711349677,0.151491033420137,-61.14649949241814
3.419608799169288,10.337173017723824,0.9610187941267243,0.5760182275530298,0.7509423703778422,26.55813521480333,2.6814342861255103,1.314644000572057,1.355531997650512,0.7652195448959572,0.3291229231085218,18.420211120185787,0.19597413990410034,-29.04469944139325
3.4117222222547476,10.44538039137333,1.0043683148049576,0.6752103902740416,0.7673319972902347,15.552828164089139,3.178968650367279,1.3438714495842243,1.2400258982721546,0.7191989627869319,0.1315373407645273,25.457700558682888,0.1849559849333525,-16.32413653902985
3.4054279865829558,10.773418301708066,0.816626928290197,0.69317430566757,0.7414398520445237,24.565740741283648,3.1602045148499673,1.2487074317122477,1.148705625719316,0.774233197793714,0.43391907742573366,24.67239644628454,0.16426263965225574,-117.15344402626225
3.4391074727265614,10.636158312609945,0.6616008681490266,0.5611422854298421,0.7121998611079643,16.686178442268947,2.9411585880943467,1.104043231900753,1.2290908149668354,0.773273508278302,0.433067109452774,16.956094500004454,0.17683616354230858,-32.154474604730936
3.4275817200508167,10.850789377990187,0.731826661389113,0.6523428581159596,0.7715508492280068,21.135349648583503,2.817006896256779,1.27277550716073,1.340910936849279,0.7126589589424224,0.01101721547424703,17.29662023687081,0.16570232279538707,-79.96088441643286
3.4026998777119193,10.895235244197824,1.026591804551073,0.6071604660751257,0.747627359576006,24.172033910476436,3.054938790955637,1.2299608205610935,1.3535760901938336,0.7136812626443791,0.46171712883983546,16.36152821084317,0.20037026380614412,-56.31474769014564
3.4036655016887476,10.209416890901863,0.9603924066626263,0.6989791176250658,0.7510695478867042,15.812446453893116,3.011704156987125,1.1072672914169124,1.3189408583481017,0.7820000760907252,0.4143956984563937,22.067776582045298,0.17487994067709517,-88.12348654464515
3.4220005291505737,10.220722220640228,0.8645127451500279,0.6728109188925503,0.7361108403442409,21.483160622105544,2.875359992630417,1.1166746717828155,1.1652293998969259,0.7026213100944716,0.3548397994265032,15.39830924269626,0.17114850997834916,-111.03560195080541
3.437247690194868,10.653655966813055,0.6659020553761824,0.6276704793978418,0.7000954819085979,23.453208856380755,2.9048260976356204,1.3870969671052662,1.3167945973950637,0.7641165581620125,0.1644532971146297,17.972110313273397,0.1724614535070561,-106.65817279649355
3.407942198071664,10.364056653772515,0.9834572613653386,0.6501710010767747,0.7214947131127514,24.717810019263055,3.142377040713675,1.1600536891081106,1.2309477569006289,0.7982498163780455,0.32272226393022907,21.738568125006815,0.16504369118363954,-55.431273206141896
3.4392581338358106,10.360242689904542,0.7895185540382967,0.5447577401986325,0.7584664549727903,21.520560264338922,3.1253184003402157,1.2580420709523557,1.3604282699222288,0.7412105529386681,0.23939665040606367,18.900532271625785,0.19391630394839593,-121.20679162649088
3.4365174876656774,10.741847485077962,0.845010895893175,0.5715214745586744,0.7480269868589181,21.876846412989273,2.8204303822408012,1.2866963558791584,1.1130853522602628,0.7870164837205693,0.16372371791700255,25.362840214716805,0.21302953414700332,-5.483955352351671
3.4390933766964773,10.162751875018035,0.8868726591844925,0.6067599858445724,0.7038012063734304,25.320438648614598,3.158800130502206,1.334673941183766,1.147954823704075,0.7646499128302218,0.37583018892859665,24.81477933735723,0.1927729559400551,-105.10499144106979
3.408739302698854,10.680565886582103,0.7179877918511781,0.5735275063384774,0.7698906509210409,15.864616152744096,3.0642717596239866,1.1326113424908892,1.312757131502767,0.7230613844450862,0.12472483996894247,22.447161245921453,0.19376177936659497,-116.60346940516726
3.4013624074745143,10.22373203053503,0.6954007700118005,0.6147311749459271,0.749408542647181,18.70499868726089,2.7138537075879956,1.3473308567179958,1.2093576422617505,0.722017707366724,0.19871723277345177,15.754932793337016,0.17573564621296106,-89.70836925647525
3.4048259204800613,10.854445754679238,0.6535851816840379,0.573436651954384,0.740847558258514,21.935988423165227,3.025371701349995,1.2054566313829458,1.1888266941320675,0.7354679708776023,0.45022277860544446,19.804637993241208,0.18444173780472817,-36.882782363472415
3.4319525673401348,10.559660557786518,0.9785234614017264,0.6847744517195992,0.743964872050268,21.46475975213596,3.0033898292743846,1.369991597164907,1.2989904199650075,0.7546022450839076,0.02700873503354314,18.042416855664438,0.15016023767265474,-113.12397815851443
3.4027131587619066,10.599416354292657,0.8630533477716521,0.637906114851282,0.7058815890301952,18.500313539114956,2.802066544434071,1.1410832873003633,1.365052730240404,0.7358296073576706,0.30340638844201373,23.438498693485695,0.20963694087558202,-4.360313964921758
3.4153436045780756,10.249636313226622,0.8851969602884947,0.5842075302600641,0.7159072779386155,22.436197944330566,2.7624860442694548,1.2196703857152913,1.2875192249145457,0.7337488118914418,0.009672511418769814,16.511763519749593,0.17484427667197247,-25.287210149007393
3.412613188972599,10.13612384566796,0.8521229073141572,0.5646021995509165,0.76585437264375,28.256866940549806,2.723460355256518,1.2752718750350207,1.2631939060827315,0.7514277130909378,0.3816165339530777,24.552587166593753,0.19846297474831742,-16.6953023542346
3.4310141455285574,10.369725911816236,0.9372634546800789,0.645322064509269,0.7726068545552552,27.36574955201284,2.7593325799371384,1.104569333345007,1.1976495427518532,0.737781967796622,0.3707953837841236,16.6039358209906,0.19406655348485785,-53.02419861318516
3.4041657427416214,10.814684918082767,0.7905432897279436,0.6234028618791717,0.7384809537355901,27.56940265607163,2.719949368662821,1.1472573660730172,1.3921346667128827,0.7050434020185529,0.15619011729088733,24.790988602278095,0.1879196016210045,-123.65895042418029
3.4239981553161076,10.116878561913573,0.9514201569961052,0.6676081639067892,0.7618575266885999,17.394214578767482,2.9378150337174347,1.366642445999209,1.1586880707409908,0.7276249392396074,0.420622637870491,17.69459754453654,0.19921323553664036,-66.72362044315662
3.4389380841636723,10.86635221466569,0.9375108886469068,0.5947591285309807,0.7626342834770036,24.07775122023623,2.9074929514391856,1.3067442702191312,1.2049619146347366,0.7438432147711965,0.4822086009967988,18.716462027874886,0.15016953535396507,-93.65000833587095
3.4228959987330367,10.229026403654585,0.7309380129388459,0.6638370635900732,0.7086556987926846,28.151016726524,3.0318214995453316,1.1442471710221773,1.132945488952103,0.7498437551797958,0.33230994974875067,18.7817323469334,0.17505760494890402,-39.08534399472592
3.415256712951564,10.197623217504956,0.9074008789188612,0.591939754732212,0.7263991961447468,18.38503665003953,2.6999189849860246,1.107203034055639,1.2785573945967534,0.7572483462048308,0.2551693242564327,18.56093491588296,0.1851934656729944,-98.60139945002572
3.4224446365446437,10.621833509747173,0.7038402012437671,0.5588429914734806,0.7426318291417522,26.50654338439511,3.2158681460908314,1.1508067428408715,1.1617707427656083,0.7333682253167877,0.39485848514353206,20.989584277903248,0.15616958248515325,-8.657408179794544
3.4095404143437977,10.292537649625256,0.7036560549035772,0.6990794324368298,0.728936279954974,21.88276458342464,3.225301718196814,1.3334441271617918,1.2125870128695844,0.7997357351199847,0.43759204462760104,17.242992561894916,0.21069848793313622,-98.96797508732689
3.4367804209213166,10.819026342383848,0.7436630023356622,0.6689416571926065,0.764372553377341,22.325251416132375,2.7491069627125087,1.3396236566986444,1.3355959302372251,0.730452817878874,0.39356134725417247,24.8411492714733,0.19150102338249092,-66.31452764947366
3.4335134340026503,10.31908191353562,0.8290552385179856,0.5644007050965263,0.7787572236506762,18.61471363770327,2.7347377716833026,1.2839051324734903,1.3023528718534358,0.7532096316215109,0.06232530062633355,19.45886830291966,0.1793312439021586,-104.82658397819306
3.405905722804412,10.62898274880832,0.7739440561328741,0.6586873327879489,0.7340228602809444,24.72454867835249,3.066280171394568,1.3061052145822065,1.1830600060566565,0.7980499896906499,0.10937704743987742,21.201864413703586,0.1518257827411433,-52.714816145243304
3.4291672126133723,10.511449124353861,0.768197488653302,0.5824630415558119,0.7117166609446588,23.87642003487327,3.0921917703212145,1.351562345040337,1.3996112974540573,0.7332395915918456,0.2623143812437977,24.630374281107787,0.15042912818815304,-59.53138099844951
3.434729674101588,10.384630451261284,0.7032381220611772,0.6749892901517475,0.7182579414156194,16.97254618598045,2.9313320567531367,1.1505783814084283,1.3293484713110257,0.721087036226744,0.2041147243728243,16.522848876449547,0.15007419013725604,-50.13416652153455
3.438724281765254,10.208381926854111,0.9621294846671213,0.6006008238695922,0.7399245395884194,23.242274846631087,3.1697514835659724,1.3972642259827945,1.2119617646810947,0.7556859971394516,0.02823138317464754,15.61520742521813,0.16863178773418874,-40.89231482667927
3.425618698508325,10.83787189335464,0.8777363937790554,0.6488841255786961,0.7056987279024907,15.915998933071487,2.6967392185542196,1.1998044894769357,1.3807075733510559,0.748902918093072,0.10057097634458272,22.74778612775288,0.2059771100452857,-79.53811446631703
3.411526825790581,10.835398479288278,0.9937061208062461,0.6512904059038221,0.7673474447906705,21.410104682248065,2.852269512051437,1.3088026613316082,1.2491842079319704,0.7817415521640028,0.3308044687814629,25.950862876576412,0.15825829148894852,-44.98009649843674
3.4105070067455507,10.601662392249702,0.8656924361406385,0.555405013922678,0.7117263913007741,24.47418547310817,3.0397921944068558,1.215169366228258,1.3928152785361,0.7863299675859733,0.48318001261120225,15.647393052277568,0.19472299218610992,-114.75122764194204
3.4351883199363473,10.360529857598726,0.9724306930092034,0.6002885624828034,0.7589864811166505,24.148061782944144,3.0398207268112594,1.142988664944468,1.1308954441386787,0.700962296838679,0.47370971571625425,16.067961124398487,0.1681714148668369,-84.10107867457629
3.410927508066701,10.19675489313761,0.7323230360448281,0.6623171901237623,0.7604019376645463,18.871628479442965,3.1844734428319863,1.300420279594381,1.2523693151433275,0.7984196571579087,0.20331939180012926,17.6824328768209,0.21535256917989853,-71.52950269735845
3.4384155602987354,10.719404847041435,0.6749475369296953,0.5621177271244329,0.744909850148709,23.582779672975633,2.743728132327964,1.2244078946601327,1.2573420952184804,0.7941051873633459,0.09554567965836291,19.370604080807748,0.16217133740217168,-98.98595630720364
3.43360676135715,10.111630983649338,1.0107836100754117,0.5638270652057419,0.7652898052416479,21.039005193245693,3.1973828863988984,1.100344898724814,1.315256584684209,0.7961798062473564,0.3633653240993354,24.388536851796438,0.15680204044489518,-29.15020831746409
3.427232067906505,10.428037718413693,0.887809086242374,0.6463188166857917,0.7474491862283725,26.614698488543198,2.900815134215404,1.1727850121929109,1.3757911250053014,0.7036236949671418,0.19090814264688738,22.25266516892201,0.18516756032023995,-107.24731590196338
3.427182208072868,10.19397586312423,0.8938446714478818,0.6058661392572418,0.7096895365020905,16.24473928630796,3.2132156406114025,1.361383013656515,1.260451222541678,0.7674123100931906,0.20769547367564925,20.116108986517496,0.1862655758278753,-62.42103392012796
3.4308389530480823,10.773101202684355,0.9253029862849478,0.6468345992659266,0.7389316652537644,17.04204986123451,3.100793460554525,1.3055453888715356,1.211346687863808,0.7175848156162458,0.35174540451772274,17.120169031791303,0.18330771813546387,-43.30125931407724
3.4110232955864617,10.637337522860175,0.9641646900883674,0.6184524934805914,0.7287353107262012,24.569445501535537,2.7758578775821765,1.2454013297194428,1.1421092306301215,0.7000111362995056,0.3733733824460238,14.331384965573548,0.2168837368566789,-24.87767948270988
3.4314657798664308,10.121455361565564,0.8879139846925753,0.6955733487694811,0.7578913309136344,20.157209220788467,3.0895702899240884,1.203996228889371,1.1382451089612649,0.7381666958256302,0.3742860936229885,17.081853395672404,0.17119141535235252,-107.72646475705021
3.4313104982199594,10.356060455269812,0.9908048774190901,0.6831316346759958,0.7224158241384933,22.44542632528742,3.0301785862479154,1.1211186492603311,1.1264038457708545,0.7747720439814838,0.04655109018998497,16.20988342082173,0.21790760103693707,-14.144971646629983
3.4184111080465187,10.050599356351036,0.9684685077818074,0.592310574922032,0.7120551795082046,25.96051385754614,2.774881978381753,1.150837226480426,1.1895255842244095,0.7558536565642342,0.3698384115078681,19.51016332452448,0.19590008649788376,-91.22555957269674
3.4380241160831035,10.306183781263195,0.7128235820956592,0.5844018032441956,0.7202721478045057,26.306923597549847,3.101651608363632,1.37829643060724,1.2555229115358633,0.7640341283638016,0.16305752409360755,15.349516222864665,0.19974743190925906,-18.72092497922293
3.4216931227830454,10.207748459608379,0.7921064509436052,0.6768787234137223,0.7563014455190272,20.545765729097496,2.9403315600324658,1.1294362158277385,1.1265867157589897,0.7184632208347395,0.4476680778227259,18.951861338818414,0.17784778638894222,-19.410437290583346
3.4292311951200793,10.558433504885452,0.6568336674142267,0.6366534014074053,0.7206686720230518,20.661532053099577,2.9316856859124782,1.3559988557716005,1.2397924519864412,0.7713897588183739,0.4100814319548656,15.202162309835616,0.16189311464000958,-72.58395473607186
3.4113763064956557,10.307258146777317,0.6889719039256897,0.6576698243286745,0.7781202313601461,24.304332144840444,2.691444348306149,1.1207713900363927,1.301863897143468,0.7801570170629002,0.25787648967455673,17.800573688749953,0.21234148662326913,-106.16185386857674
3.4104737712549777,10.557570471508505,0.9806515935214122,0.67303616539436,0.7780837145455188,18.590238019638853,2.7233871351455834,1.204835088292419,1.1861452503193093,0.7735782478966069,0.013424957969064526,25.98498365159599,0.170326086291903,-40.30604002797341
3.429287253793892,10.63188623098913,0.7153213083096983,0.6321482224152257,0.7787215128500045,18.494971197823123,2.7732553865994025,1.3842491362188545,1.1427514631810476,0.7517783177455853,0.19425964526335887,24.591780307267705,0.2105026476806891,-6.098538284990084
3.421837749241033,10.873969616169942,0.8019764059389465,0.602410827232725,0.7517230486678923,26.022785891829706,2.6853079483642177,1.324389294890228,1.2527811491313354,0.7498694687918318,0.04612701031512841,24.271210897668333,0.21661384477230394,-41.13859739323793
3.405499146242169,10.68309331295856,0.8253292473898572,0.6023869873302665,0.7484092347880306,23.879295301127975,2.7078833571010463,1.1707567239384564,1.154592329733577,0.7512819132334904,0.1378898709441982,20.04383976367601,0.16279207743616225,-80.91056928034948
3.425657935631563,10.401693691860444,0.842661370348135,0.6805492080610154,0.7189695219386305,22.994573480047933,3.276209928610619,1.2429109172972896,1.2281380253443648,0.7759192362355106,0.1708934750487991,23.242263226500548,0.18917068820908386,-38.99292473340216
3.428140705694326,10.62345707707365,0.8493786910967527,0.6478120255811387,0.7378831740060668,21.116054272068094,3.2444337276860984,1.2969230469524045,1.309641076192625,0.7738608743958612,0.38204108673023435,25.669444859445903,0.18812953950828246,-78.03828523063237
3.4054845478253393,10.16254782950117,0.9916371086927642,0.6347886292280616,0.7729351004786189,24.813081619093413,2.794948809686028,1.3183859799582365,1.160260277767095,0.7987018503621732,0.2743787617893259,15.859513029688351,0.1721078088249505,-100.63603080483628
3.427127984852753,10.343866343671403,0.6773834904948801,0.6607460237199787,0.778013088111973,19.652659747839024,3.2145009311222292,1.3884829188251226,1.3357684923493138,0.7970955467487262,0.47199099275084894,15.488590738460008,0.1991905106871038,-11.30560170647695
3.431894590507995,10.517699662471022,0.9284929035514706,0.5845497184390385,0.7413613617365788,22.97143190828395,3.1171544093499475,1.3513441238633763,1.1039777845677623,0.7832214658094813,0.2629697745244449,25.468334662749943,0.19460043850396944,-119.36205306925436
3.411921795128326,10.11511972154834,0.8008481682602412,0.5814188101770125,0.7294247907888443,17.757981670203677,3.203989651332522,1.356456684615493,1.252790118933317,0.7155661039140829,0.3890327225281435,15.297877506983866,0.1996143957248987,-1.2657971669494685
3.400983081508995,10.280220633950671,0.8191198269853167,0.5708235425616106,0.7759022858268788,25.974779114268017,3.0234268615649547,1.2042800474262432,1.1598356853924314,0.7778483760938595,0.19796981733600316,20.05462072412233,0.1515622769839024,-97.46718464878761
3.4012728253646842,10.563058589312917,0.8060190990272372,0.5714354195139987,0.7265622582986042,17.831012872565807,3.1121677061350064,1.1158834134272784,1.2625588266337007,0.7168029783153177,0.10666693987584124,15.445850877290127,0.18839842654826086,-2.658910082611328
3.406168357693266,10.687696261410329,0.7533324133547221,0.6725253662604276,0.7308638478807203,22.98582502535323,2.8271125425902865,1.192803495105315,1.3908542396148562,0.7050716190928793,0.45265840865457574,17.414665986190375,0.17478420991791443,-37.23242201131458
3.426373975156187,10.371633224935056,0.6921180696791205,0.6854467181884458,0.7257395592984565,25.63079751139916,2.9171311522176904,1.2216075284513375,1.256937632702053,0.7506807099217303,0.3040761668994545,17.22300103423266,0.18032409195919905,-41.20044188078553
3.4093725112531104,10.561253552117694,0.7687612899472285,0.6811938096036029,0.7630205700535407,27.571819724403085,2.766916364018285,1.1447208591058906,1.1324017406146751,0.780083496313791,0.23723075398519733,21.928888210025356,0.21367637813261303,-84.18305404280434
3.4241464905836474,10.730629522241353,0.7771959228331258,0.683855140771159,0.7452904522530734,19.893962010015223,3.251534412811553,1.344264712736502,1.3938060039375988,0.7369410098623836,0.4177094490530825,18.298572855219433,0.1753894466000591,-81.25328868193569
3.426997575609827,10.29338597663287,1.0241291075180898,0.6274640643039989,0.7479707775035311,19.626632450383507,3.1043861518641407,1.1132355928009008,1.1715389335197322,0.7898516492933324,0.43564194358564734,25.35613755619274,0.20430467042521386,-116.85307037494181
3.4244623980115914,10.81338013908984,0.6942935661728301,0.553065285984008,0.7486261961378414,26.582344398896645,3.2329325520055185,1.359605967486977,1.3163984359124021,0.7869326056427994,0.19975394708551364,17.699505117887888,0.176343893261324,-56.62074494962536
3.4075559551175902,10.566722032891597,0.8056156086164437,0.6837937954406349,0.7297543508796267,22.471112169377555,3.180088292786575,1.1233435294808076,1.3641888226305854,0.764880097728359,0.10954418085552192,17.78723018525128,0.21212584600430845,-45.918358854688975
3.4072765828276865,10.794185919363189,0.8300443367524508,0.6731506660172947,0.7751866454553245,19.060688443635218,3.0874601070468732,1.3318812576346009,1.1022787577085111,0.7493773270286859,0.22754516733362443,16.397041932909854,0.18310770898071566,-101.88602528866207
3.423375662362465,10.434659488218292,0.9571895751884653,0.6777676055503796,0.7337027452874096,24.187454708400413,2.9936560139476494,1.3964170969923955,1.2844408061620243,0.7797255922336761,0.17673088276131602,25.220313787312644,0.17500958171087916,-14.896865351309813
3.434502922871852,10.879276968584874,0.8655999793145408,0.5441145446926388,0.7561030824534657,22.708509838745634,2.924533707862153,1.1050704109153964,1.1800123693924536,0.7351308531037917,0.10108101512258152,20.571081818961815,0.1764584300818571,-78.01393243082512
3.400211955358559,10.28040842240315,0.9494741445099704,0.6468607571985483,0.7705833570193179,20.480440791624304,2.6663269670262846,1.3978192601147155,1.2140969359197331,0.7078318564546593,0.11238411648549411,21.636388974372352,0.20898069309276596,-80.00515309073556
3.406818196181107,10.607541486751549,0.7779036172995432,0.6550785895537776,0.7739339024029472,25.991966930193662,3.08333818479392,1.1544887439806615,1.3629683992248822,0.7231939623646474,0.09777794305993215,20.24187311266443,0.17894509938838615,-81.97258869199928
3.41328196292404,10.079234616562617,0.744005739557883,0.6656107269517477,0.7343132630374888,26.43183180518684,2.9086495714605647,1.346669806117226,1.1435527682480875,0.7593887276721845,0.23396470340143785,14.239869807660202,0.20356937257426408,-93.36089990159702
3.4013765587157994,10.323542351189152,0.8566397156739906,0.6766849947323378,0.7383514663513517,26.57490181519549,3.1493849872700457,1.3199993984383014,1.1514129471351344,0.7776480564528486,0.10129670957326227,23.05522212552652,0.15941651994707673,-114.9070282561771
3.4242017324068943,10.307647161496577,0.8410414225089545,0.6095061559784395,0.7133326740577045,26.12197739775938,3.255600764378759,1.1543376720731262,1.1347464815101338,0.7964636551118345,0.4630169068084429,22.033202713535445,0.1576011239769225,-6.667635001034228
3.4303160626788776,10.363025078010702,0.818305187829495,0.5700614887712705,0.7500047290289308,26.364094557509972,2.8048265952943234,1.2321383444554521,1.1253010612690946,0.771293374858732,0.24943142808029536,17.964617834276886,0.19515689998870156,-80.68450554951386
3.401690201283431,10.54912578595438,0.6576730857954228,0.6451643339727787,0.7770931710319843,17.890106785163482,2.6510177418682725,1.1519329866108603,1.2545046856214537,0.7102718840940175,0.35900129716387646,19.773423728937026,0.19859950388704195,-108.03009559820964
3.429155807722093,10.04991715711403,0.7897169820796147,0.5617249892614139,0.7159828646820379,26.96859545238638,2.7546733220345527,1.2508815835683582,1.1304819763732252,0.797869551367975,0.28354892875945326,18.16550358825064,0.1829724630693271,-69.35052287749907
3.429106038677529,10.040229493826265,0.8668833115938412,0.631082849336883,0.7518703318300781,18.878682601475166,3.0211253111844525,1.2376871558483562,1.2775448498247297,0.7445814404953034,0.396863908563863,22.04257931283908,0.19811171370685152,-80.1607749294349
3.4167997990212537,10.528797409776,0.926429171303017,0.5558002073646269,0.7383613072298612,18.119226228502026,3.0448553549151565,1.3374474396720086,1.307506911155804,0.7746864172617942,0.10735230256149628,22.341576963782046,0.2172293710965546,-9.766198448478775
3.406528115095827,10.10714892222581,1.027003127162342,0.6835807051729467,0.7767719028685435,19.52609077850631,3.0313892964892197,1.2847141377546607,1.2071504557668942,0.7628826465585816,0.01043592641265495,23.920599854959423,0.15036716037128317,-50.61189629991419
3.417022767164593,10.458839051763288,0.9991895020749888,0.5437108746142892,0.7411975161876212,28.31131050168846,3.1893553703781277,1.3506462924098936,1.3362038992179166,0.7504795697995668,0.21794159800877713,20.017758498617624,0.21888905661001606,-49.326364472297044
3.4198185928564477,10.02739963535653,0.792204269113323,0.6225747566634398,0.7477091771110964,25.424262960234298,2.7452322521237336,1.2082858129607237,1.1142732756196694,0.7899540807031628,0.308548208341736,24.735218718562685,0.19546539999144089,-94.23850957145397
3.4273394851505494,10.638633129869515,0.8023246444300758,0.6895460333421578,0.7631928348528766,18.215942007244006,3.223492626946601,1.192130870908934,1.3976629029019692,0.7161775481794243,0.3027804013159988,23.877874740036148,0.2048887761399657,-120.05006002073618
3.4313728219858306,10.868990488925709,0.9677230149017021,0.6255510051873914,0.7484771159180164,19.132012967487512,2.6709842012652962,1.1831288919643603,1.271205749933327,0.7449432270343521,3.307141574933112e-05,18.704051009019764,0.19382504109937249,-16.94189187047175
3.433685156187403,10.376094286155624,0.7962200931376591,0.6788202547501845,0.7334913020768002,22.026930440514715,2.671930613937251,1.3059651069000824,1.2881017938920345,0.737573328915619,0.26069188238361357,18.179802569919136,0.19300965546783388,-4.116813695331118
3.4371718365504176,10.113483304538436,0.8662498492335953,0.6765354731493227,0.7202033165962729,17.407001455977102,2.7346060589267607,1.2078474724409494,1.3067508646714956,0.7576086489057556,0.2784743950801231,20.568758487607216,0.1649712090495725,-68.80027531830804
3.4378895790217636,10.168951632114712,0.9499044155718321,0.5991963934712101,0.7674940219003689,19.861054971523544,2.6922143977854125,1.1147179496215671,1.309390331690421,0.7414239207303739,0.16269816000753734,19.676579170768772,0.16237673570241262,-39.73641298341816
3.426725846411266,10.5064633112171,0.8041609062875492,0.5723726483028823,0.7039516362359453,20.46336047254119,3.124457405382021,1.3578530271282598,1.3647425895385528,0.72340725172534,0.11835707929015414,17.97733000120691,0.2174815313450491,-100.86026266234963
3.401666856415686,10.615620323825073,0.7828094052790667,0.6163049113770669,0.7467275509821463,18.55176646638188,3.106494634640852,1.3326342649993004,1.2616909872072741,0.7266060871894475,0.0881862147709438,16.606870141074236,0.15878458522465083,-92.15533243971527
3.4272608523342964,10.152882211864398,0.7591982838898691,0.6405057022878075,0.7456480087046898,27.81708132850607,3.1136911867847603,1.3939536625819704,1.210060476679648,0.7114591577762264,0.3334757285258826,25.17802485016793,0.21882292391912514,-55.026407599271806
3.4296546375693464,10.305979320206244,1.0160182853043842,0.6729738621762682,0.7290155088182136,25.408328043558086,2.9861946006093087,1.268278464084131,1.3463326727352174,0.793371081213794,0.43157337239862004,24.658710150888865,0.1567055437157138,-103.42167062531192
3.436558665242894,10.312797773001803,0.9846960309303251,0.6543544532232819,0.7036712001048063,20.173911233986587,3.257968620194254,1.363830243593138,1.1186706219122393,0.7909098410912263,0.36952531312954073,23.77572459388663,0.17881935101279095,-47.12086643855382
3.41027773347117,10.50621267523732,0.8902511816784344,0.6342534924098608,0.71935407981108,23.558777834215814,2.6485224623703094,1.2070343270984978,1.1326637762159009,0.7488811038264225,0.07801017411057116,17.367144858530192,0.1546330583725471,-69.89322539160747
3.412738968714554,10.668317270302563,0.9517593247735519,0.6545794733599625,0.7638812866350873,21.528233185000317,2.760192903474562,1.2267315138289083,1.3603785177050598,0.7202535906403952,0.2847354059584294,23.950234669793925,0.2177558500678013,-55.34412536737723
3.4105465337118184,10.593722821907866,0.6874318899452428,0.6858005261926181,0.7676322501752042,25.45182450227286,2.7950574234202565,1.1953815333203315,1.365659845992756,0.714290537118031,0.28198710323961645,17.74257187209401,0.2095180255838182,-89.96337384073564
3.4285569202703057,10.197975283608908,0.7993083003553765,0.5416402311418487,0.7290650754288178,15.922922584751074,3.1013718050888373,1.3407274161169473,1.2171266574505593,0.7173908811364266,0.32966131433508866,17.327342951814238,0.20453510347850484,-72.67459591709037
3.4045789793624857,10.016774849454984,0.9948588279401802,0.5699299054822445,0.7691796069570735,15.821236353178106,3.0701778487278215,1.1376544817121537,1.1845720593850044,0.7916236106428345,0.07643266257947134,22.84027661460926,0.19206780339639606,-2.339065552408357
3.4288463572615053,10.795975702632644,0.7003378417797844,0.562589345202196,0.771473701464678,26.587440263336,2.9477294581869318,1.1743023085599975,1.1581618623646197,0.7562218252089181,0.3845316889739445,20.743114395839996,0.20498817669713693,-25.747903206629857
3.4224951204151415,10.300010969103266,1.0050957132628962,0.6561778083362845,0.7390366480699064,27.666402011627582,3.04077478398291,1.2768242363536182,1.3294358768658234,0.7761128175087678,0.28158876496506446,25.39741474655379,0.2080208167823538,-32.02232342662893
3.432326621754724,10.479418609247992,0.6759675776063645,0.5908726094971725,0.7736980724842184,15.328066572648307,2.9455919099138024,1.1175125974257591,1.15158879354118,0.7390928782003604,0.06770785553838794,18.46847685207669,0.19420213240570888,-70.55009320961898
3.400988096031587,10.702510998483287,0.9819215573540737,0.5514687785317621,0.7415314333247803,26.636506378307956,3.166633879658103,1.2342018041623288,1.392261652548409,0.7043479388897614,0.05366578050160338,17.280210547809233,0.196309278686531,-41.66742163225541
3.4234127203691798,10.498405505573583,0.6962791642230439,0.5443002181708445,0.762427080228011,28.22999594598538,3.0073663634075842,1.2401905596111924,1.2993785227296142,0.7407697127053267,0.4127310685577467,22.97488624256338,0.16652427106561546,-79.44067230899705
3.4091370745412046,10.689304048243075,0.9434109993213022,0.6500573767544419,0.7223284275821877,20.693551831129845,3.2278818001104224,1.3557513231433413,1.1248230961363623,0.7750607270875427,0.1340814083973824,16.722947659375926,0.17627776202240533,-45.786637666663495
3.4006520298514427,10.702849881123138,0.9270493518116623,0.6315459340038959,0.7377431672336623,20.37930034201963,2.899345436285099,1.2643252459815946,1.1577730091307175,0.7399053319373935,0.4726966030518304,18.589505732021536,0.1888366211755318,-91.15304848235088
3.41403165692206,10.094155571670031,1.0221825575868695,0.644703611041968,0.7048306503576628,23.760214703283722,2.744098884735148,1.1339179440472824,1.1753185557652153,0.783457365224999,0.3725345294712257,18.883060607672295,0.17583184147695052,-111.08597102377351
3.4215939317738444,10.424902110050356,0.8593106331114316,0.55137864135566,0.7590579108827158,23.001700201517803,2.801936223646756,1.3223400592518506,1.356463687039399,0.7471899842375506,0.05213135262132092,21.843706086882094,0.2005587523806021,-33.883631731116424
3.4107198935684306,10.547427765326344,0.7590236176525796,0.6603038392157807,0.7546002530143179,27.981659612469304,2.8410370061398975,1.1524505256837279,1.3857631598633564,0.7835463567041593,0.45610755360111593,22.57925660058648,0.1579752086853188,-20.545967864089235
3.4057435744353035,10.772176042440869,0.756692933391417,0.5784137264836433,0.7047001458275584,20.436344003260366,2.7906417303456363,1.318615893077077,1.3712208394264969,0.7066976392405022,0.16669235921412523,20.682636706162647,0.19272203206808014,-10.76476289695104
3.4262052573217483,10.86253926814483,0.7141441927546834,0.6543906249195814,0.7393237090720981,20.55771978952422,2.663101123288517,1.3109336523968964,1.3550391709069158,0.7128898385961633,0.21646432179880692,17.701085082334238,0.15385564771152657,-76.27498036387922
3.418917133198676,10.132082257769852,0.734897337067497,0.6294803856424663,0.7260956627193189,17.83977456306264,2.935055567453438,1.393048892571922,1.339347085599465,0.7113453224823919,0.47283611867172687,14.224667502700141,0.1708759921731406,-92.9630605025736
3.431591110139535,10.871266791207574,0.7613915934605855,0.6343801185342919,0.7241217434985243,16.380675852351278,2.7742966202208996,1.1033080771403445,1.1292698052824164,0.7333919158322475,0.044316854595447,20.014870118451064,0.19477945039127145,-22.794428179607593
3.422228370706616,10.886322317899648,0.7131747213005901,0.643228506905174,0.7264743403683823,26.963883244352,3.1630053153196607,1.3839234539289749,1.1855225844821655,0.7311131416985779,0.1321264290816747,23.444881748788553,0.16312856158837533,-42.351987256634914
3.4280778136852055,10.745303523507125,0.8255174339173712,0.6870540230698827,0.7142094410887346,26.143158128377486,2.807532423471553,1.2369699428845498,1.2066527326773517,0.7853124545855686,0.08341143061597683,20.24106695879602,0.16804650916776193,-110.91138519474275
3.4309172799967884,10.756581398961476,0.8612998203804324,0.5540955562103754,0.7768697102718862,26.42353964525472,3.2563796816659822,1.2465112170869361,1.3638383765890598,0.7102806298414394,0.004429335827094137,15.803697944084718,0.19357033861032713,-101.9615633613048
3.420930342552812,10.510321555407009,0.7254953695984931,0.6407026359731866,0.712606794028649,28.015624015250573,2.778971785223448,1.1958533059064722,1.2367716231701606,0.7925269649584414,0.1712881034540503,19.994437906189525,0.1821270605378985,-78.30650447756528
3.416723328799632,10.541282384422049,0.9997972711393823,0.6040299915976427,0.7236363728873416,15.870491275522397,2.966065464041316,1.1908598771434085,1.3731965830050106,0.7180739050420132,0.20641352759607262,14.227863251698874,0.19765618237525306,-32.147304171060284
3.432078363324825,10.035468586130854,0.8022754675725415,0.6489122502022544,0.7150246817103426,17.68184011354113,3.1674008145933583,1.3400218840145834,1.296538618468851,0.7665807058882189,0.22228663299784265,17.262795037233918,0.15757518744900997,-19.961296931756095
3.4302259110074327,10.80764276668744,0.8189690092326565,0.6182676478050776,0.724294424148747,25.097781993892408,2.7472687972385317,1.110268219640707,1.1246890161557994,0.732890245029842,0.10758546161801355,22.458931771073715,0.20466890360298234,-76.73607710474363
3.406159195459111,10.693232100608219,0.8157631401552539,0.5869872673613342,0.711774585978688,22.806014599545858,2.867561892798223,1.390691782704008,1.1600019247427091,0.7769338935549556,0.478306206003878,23.164641067371054,0.2055621352948934,-9.610472217216142
3.4107348330715905,10.497081314900985,0.9414061322538527,0.6931364186595228,0.7168009167205014,25.77809918616154,3.215544129197424,1.259448390887801,1.168431938310127,0.742745833106793,0.1758167779764772,16.097763202678046,0.15394280759972284,-37.40799201877897
3.4336382359803266,10.001713184819257,0.6736839406078604,0.6017826166898432,0.7734406171178883,21.451561405888025,3.0504260169965574,1.2701033971806177,1.232174935684382,0.7876178890144793,0.19420533928953054,21.936782577659116,0.1610372403128742,-9.32829913128073
3.4148219558748916,10.014978102871419,1.01565079522344,0.5970523498500564,0.7322127157612972,20.715517769202393,2.777567819377329,1.2811604507651166,1.23621237746049,0.7778731457497445,0.35141017851913314,14.65560529432808,0.1568388079231032,-121.70387025975369
3.4391970244059773,10.896521877476106,0.8729210938666119,0.6933183279730942,0.7248332327221226,19.966562597712315,2.7917467176514537,1.3007697486047693,1.109064417970081,0.7108445673200791,0.3244120706064314,25.451494244095823,0.20767753097678232,-85.81086657516472
3.4370867389378534,10.820831692073542,0.8759074892290333,0.5484751644679934,0.7632653705703356,19.84294283897552,3.1644388340220027,1.3500172590699686,1.3155301072123289,0.761897947981665,0.18465378007870953,22.793678344092342,0.161056111177804,-116.38462254645752
3.4339983236032987,10.282777341335516,0.7466382588641738,0.5508519183757248,0.7171223887679986,26.469805514793265,2.8034453590230317,1.16177709719897,1.3205832001129794,0.7715818653433322,0.005078811775076921,24.09193581594572,0.21370666841192343,-15.438240331403748
3.4188973665284155,10.371114873388734,0.9416222964312233,0.6995570286132933,0.7715303766504498,25.97336386355279,3.1853729442058922,1.2104806255303533,1.3601996810480552,0.7851423624789797,0.10614284978187377,25.327645887159132,0.1896411472887881,-1.5615094796610407
3.42413529310554,10.220659980066513,1.004927462300854,0.5750789964894742,0.7645358072824571,15.706725192570092,3.240922727226856,1.3786669021581814,1.371358937784188,0.7321732359123291,0.1144324269096467,20.552163136469915,0.171894252048653,-52.54250128259207
3.4354115920085073,10.01027340813504,0.7902002014310987,0.6485583626373174,0.7725193029374205,22.4319072431842,2.78233021905125,1.2627525919881535,1.3585952660141307,0.7403990943596701,0.20123563129906927,23.046592923449282,0.20540124899249015,-72.82981135360146
3.4069225243775536,10.20482632849603,0.927284011562255,0.6122663192499187,0.7526271533623591,17.780462714800407,3.165579069189662,1.2285353877864778,1.103371168165884,0.7295641727183522,0.3859845770183666,18.577657170382714,0.18915364392919326,-17.257233077462686
3.4116709066638244,10.836117390013518,0.70391823620226,0.574636854867399,0.7276004877524151,17.475118101470123,2.78336976110202,1.2281879226653043,1.2473581284955815,0.7291726642498814,0.394649652946417,20.88472041442955,0.15401812008091637,-102.31961837676337
3.433720013081574,10.855079012605117,0.7403996778084658,0.6268825605227832,0.7427421009854379,25.253130650217948,2.683300512655547,1.257507742356561,1.1117973618745474,0.7609469869958075,0.31080778506860646,22.869733326874574,0.19633486914356507,-121.18510129518378
3.401033208334752,10.539303958989409,0.8295590249106132,0.6280823357221497,0.7270707806161845,22.269884635672216,2.977984652341894,1.2068730522479294,1.2431080519562114,0.7737839650203696,0.04237349690652214,14.400565510686484,0.2158307496759409,-45.7088203848068
3.42152178644311,10.366968579870292,0.9910517758312276,0.5467136612165213,0.7031741124024062,28.00664598098446,3.0060056670634143,1.125476330069356,1.3664856960867182,0.7778035153174353,0.46040774489544817,15.635341937593676,0.1592800788012526,-39.48069878242062
3.434614615977283,10.062767677847,0.8872110645104849,0.6697360511119604,0.7228906346532711,18.910444610991867,3.194302901825113,1.3426546275886146,1.2346545824233135,0.7244702845319513,0.31861899166767105,19.956639907056942,0.17526268218258545,-83.63498082874627
3.4343554786501604,10.159441109462822,0.9624019760841875,0.6136229456782113,0.7342018693970286,25.24011325621904,2.825551626214691,1.1536998110910799,1.3188273981619683,0.7332541384642759,0.1189651080281109,19.117474511800918,0.15323418473802225,-62.355551906961935
3.416541504808576,10.344254442668637,0.7540366664799935,0.6765216138321306,0.7102207887333718,21.7412728082965,3.215032240502375,1.1414996669468929,1.155182788912017,0.7376182693512444,0.14653032727049714,18.414287191196976,0.1710208155225847,-72.53688137730785
3.421049407051651,10.082559245200947,0.8867655652222972,0.6337534932032356,0.7001196861812904,19.164236995232432,2.903344639222013,1.3326898206018027,1.1969413636410664,0.7806622633741354,0.4943642032202665,24.42589916378283,0.1728377883290877,-18.998638550062054
3.4147316574518887,10.303256631990754,0.7644397362759972,0.5983240437652703,0.775726017198393,26.08290440828691,2.826388675789873,1.2313138719936025,1.1135280944550345,0.7620331174894812,0.318349299285067,20.85886529667345,0.16389818699757236,-34.2565478696426
3.4378975263559606,10.735965841584735,0.9908588714164959,0.6622002070414292,0.7786856787759606,22.561229531039118,3.0024237875156623,1.2527278790399292,1.3298136052907237,0.7064005554298372,0.12888588317039515,17.84235048554863,0.19598883581836563,-46.90387108774169
3.4001304654149154,10.679859950243504,0.7292105288988325,0.5551159365345563,0.7678935585272446,16.777690005309804,3.099811771771613,1.375078687803052,1.1894381088056174,0.7205351253793116,0.058366105514975106,21.915809698675503,0.1745029524244137,-8.970410042167927
3.433567379821564,10.70879767619351,0.9513088047795922,0.6020718852350382,0.7269392670084847,20.789879887472303,2.6460581795039784,1.237210858993358,1.28997456461797,0.7881061503616213,0.2098956527506451,14.698488439791063,0.21951304269854027,-1.0321182659063481
3.4028124639009256,10.415992581610467,0.7262099129687859,0.6948817088565153,0.7561903248176461,27.233726354248233,3.233229230408267,1.2700945535264225,1.2100271446820403,0.7065362867153913,0.4047226570370045,20.577724278679355,0.1672198295222536,-64.74239485773383
3.4353389533931824,10.615785663578304,0.9687569708027981,0.6513824736918427,0.7258989231621763,26.893376063183133,2.834709610098032,1.3977085014793176,1.1522926270319478,0.797285338603026,0.4457089912875351,22.176025273623885,0.2187605993299645,-104.01677147408532
3.430055542687574,10.636045827088298,0.6552980274377784,0.6609044600297809,0.7062301326245859,16.431633412817156,2.994144554278334,1.248223063434054,1.1463073401495816,0.7811745025846306,0.22014078974957293,23.054256848515628,0.21943489125079127,-46.34390318499625
3.4232089721764867,10.168816931074566,0.9935894836279723,0.668379408582833,0.7588053715799554,19.46456898865533,3.0900347815957407,1.360196631969349,1.2381900893540778,0.7192324272992172,0.26788335400102387,16.926463827475537,0.15016473948651266,-42.42115960691761
3.4237024079188756,10.246934687198587,0.9784776069435064,0.5639850372154211,0.7577822110475471,28.139782513682317,2.8233545726312617,1.152134259182071,1.1518861650010503,0.7912569267021616,0.026440255408317685,25.57468292816274,0.20237638006031672,-1.843049524736017
3.423312310068622,10.57782158946173,0.7246614858114179,0.5820334882917213,0.7253460954778376,20.137988748333804,3.1267203007059727,1.2070847514065983,1.1508042367943452,0.7361693735688456,0.4317283855228586,20.063971640081597,0.1672263975315792,-95.2762563336218
3.438456048766999,10.07280601835792,0.932529530310493,0.6312552899796073,0.7524240547255957,21.578723390677155,3.00406383956092,1.2448361198238866,1.3251066913489455,0.7729822670836992,0.1527707435387697,17.3352977872137,0.18756466661868956,-85.48552502431255
3.4064152388499087,10.027773372505452,0.8937543824985072,0.6646911143000083,0.7450082660474491,17.641303952242396,2.7805181780685766,1.3353804895014898,1.1615893433936502,0.7321964589037194,0.21829754923705688,22.914827936826175,0.178601216755684,-39.87996033714573
3.4070689368108504,10.00232241757338,0.65326215751252,0.5641211027237077,0.7590364546378775,23.665743040209634,3.2619562159756983,1.2409511106377,1.3820190238400816,0.7886208280461025,0.2723309780607852,16.656419960471645,0.17720046487666077,-90.02454062527625
3.4149471477702615,10.215119977310733,0.7801190959487301,0.5721190453569803,0.7347081541042392,20.97150626972543,2.9426445793602385,1.2622918657345241,1.2653489766306478,0.7019076682587642,0.4363717440134529,23.599371278874738,0.2147148563350802,-64.98073431772676
3.4026290285779894,10.762225532697514,0.8694596036692146,0.6332253461663926,0.717064926558472,22.549340166767493,3.0829539719227332,1.2201532265705164,1.2597570707956927,0.765227006993914,0.03320159026478657,22.856116726505746,0.21236550111524125,-100.84403203066768
3.4257358728357894,10.264120821658844,0.7873349763351356,0.624784321286127,0.7699408477909706,15.353833545536748,3.0703692605211375,1.121041326779278,1.3758965350392856,0.7058118190777405,0.16152918598829938,14.825517545225846,0.18156706626883867,-76.91329752022664
3.4304525539395865,10.12301631918057,0.9575664176612335,0.5792956278186364,0.7500993893335365,19.40915983406523,2.6770630011048784,1.1631391485757026,1.2566137159946038,0.7956731862605749,0.41616004913258564,21.31838896478895,0.18699824251331665,-27.29855820908773
3.4161096735315035,10.19565109921005,1.0008927628436808,0.5820896325681285,0.7067843706807192,26.392996939190176,2.75376009939227,1.2086732025847502,1.1271285090541308,0.7666081688108487,0.2950486897616006,23.787714694579982,0.16518441672290043,-73.67814300680658
3.435258163986027,10.856157070345033,0.7784150284811733,0.5982565548906933,0.747958038174387,17.02882467994178,2.9817423472443862,1.2229661247500823,1.3061662819755462,0.7692553918216075,0.38018731359417757,25.96229471870099,0.18743237855488787,-4.052633380381593
3.4001714198807034,10.529415089325507,0.7432083686870559,0.5886069794798828,0.7561787075171007,23.821346759059356,2.9539084906222492,1.3140282954292537,1.2902281612546587,0.752729840580733,0.3750339510678031,16.968914321346062,0.21382482623030968,-68.95756406550083
3.419103098383543,10.896135304803076,0.696682917226463,0.6263175594010305,0.7267564848503616,18.643503885804495,3.1370478255252148,1.339286371990727,1.3721964774092987,0.7839035751370812,0.25307210073188313,19.25974770524007,0.20955642884492695,-111.06100534747303
3.4045285249234802,10.032213180779717,0.8470526984655676,0.5805228691896347,0.7218140746421575,22.274050070433326,2.911497068874926,1.1363772777565535,1.2269717321140956,0.7264930515649125,0.10035691800043485,14.318717265207848,0.21609746760611526,-64.1782926425416
3.428348300566051,10.671230913644159,0.7263537686057678,0.5637232574060754,0.7508738281371968,20.486446492260296,2.8962413393684243,1.3052034331608553,1.3008559904960593,0.7076002668413768,0.1402708505816051,14.062998311532466,0.19694176174636305,-44.29172910868077
3.4147192936280084,10.082282473621138,0.6886167226221729,0.5542101841080062,0.7373759649627363,19.21285600080158,3.0514385533100876,1.2796544650016433,1.2131426240520993,0.7950299382555828,0.0679629575001813,18.765220697856584,0.18261142291110838,-104.69453530695301
3.4112831420147725,10.004282272603147,0.771167942117648,0.6102743075858131,0.7642641828599328,25.1452553365389,3.256207700140493,1.3804724844194531,1.3233364834288843,0.7503915914186033,0.38782571441798325,18.8295585875789,0.19573508587985702,-95.10764288186175
3.435385498547548,10.262657591809356,0.7268547517686214,0.6852943788714976,0.7283011086287102,20.65733329606337,2.7520612308785877,1.127937231090268,1.150151557059348,0.7773625735843741,0.2857519882754844,19.779984500692596,0.20258544973425738,-122.90023509877106
3.437293163696022,10.869918529476067,0.7101950753246358,0.6463547483401174,0.7305014778689882,16.486966895190452,2.747939365506559,1.2948381713036992,1.1665852725765369,0.7172733211694038,0.07361943840667658,25.763653064346872,0.20811856969935794,-45.32276380872719
3.4134885725035358,10.20945918027394,0.6585548742544702,0.5679137225994967,0.7248574751879504,18.346944254849966,3.0999289978653324,1.2990097301472292,1.3201767225911658,0.788693201222588,0.42433553708967214,25.89313468229659,0.21421036268550767,-97.61544540965367
3.4236612514939133,10.050332148900946,0.9313980975554099,0.5627779900539757,0.7532273071159961,24.076387165563375,3.233668929676425,1.2458584584861625,1.2880768098511453,0.7452062125982352,0.4649820834398913,20.795674544431165,0.15810279299990157,-75.97159778408772
3.4064658866464455,10.241877612214667,1.0137452179243769,0.5792359734292121,0.7664191438833887,26.198994947019628,2.853344649394593,1.1620251545095521,1.3329214725139389,0.7478190197697827,0.031075922521276823,24.07606682938314,0.15023289536155843,-63.78983227651187
3.42973923965897,10.463765061953884,0.978413390582148,0.6791888054488732,0.7249427387800212,26.059184010962564,2.675467845112763,1.2711491343157142,1.282802495711056,0.7064206469750005,0.1317947043934287,25.971529449930607,0.1652870184769423,-123.9774259788659
3.418188754631794,10.16265662433956,0.977766611106126,0.5464201033078547,0.7532864416934801,20.514867950119772,2.873364410328666,1.161466517524642,1.346527767079209,0.7234667558334904,0.24247128795270703,20.256168804996314,0.214199627815879,-55.103484301935296
3.4317477060296167,10.502260649208454,0.861370463018272,0.6639730022616368,0.7236073945928599,16.949740342281032,2.968868802647367,1.3252255988576322,1.2140705817503312,0.7816681068653093,0.2201868066847026,25.530825366208685,0.21175917066431424,-98.51894538640471
3.4372361634176927,10.726353398122077,0.9460853726454472,0.5799365209913271,0.7415881860050362,21.713178967406012,2.76946272433879,1.3608355783349817,1.142149640929697,0.713924661556794,0.23610730542420763,19.687373231480287,0.1812990654864194,-18.68103755255686
3.40361090398137,10.092371101703717,0.9124866945312415,0.6453969408082485,0.764341527415271,18.37583034702078,2.72432227532697,1.3649171242648372,1.1757194250540797,0.7182803626045825,0.45052258084055224,17.136077562598015,0.2133122672805593,-10.265682579430319
3.437141053865011,10.350327992142912,0.6884091942852857,0.5941822316272586,0.7218617372346012,28.32640363612378,3.2287340295430016,1.31787735497717,1.2296670130586103,0.7402869553094158,0.3970965767980614,17.58903769154782,0.21576001567170552,-89.5739999417372
3.4331311356010907,10.48843895881809,0.8073968598837908,0.6219868626228584,0.7387914809972758,24.346893417076927,3.2427197557997673,1.111896196491674,1.1587815145160514,0.7595781207963326,0.08019633581860909,23.497400112486346,0.17813304495722332,-4.458833003014021
3.424518731990148,10.562506887607885,0.8859908646061523,0.6012707246689303,0.7326390553849613,22.934607962466863,2.8222137128176725,1.3992103586442752,1.381322576317759,0.7993034600191075,0.20749982549068227,16.008065261442464,0.21350519209877716,-17.78826791619045
3.43779341172628,10.21711449061404,0.8626067214518005,0.5946220032939333,0.7214692241806818,19.09949484099148,3.0130239041017823,1.2892305856123516,1.269081230412162,0.749242471156034,0.1733955921524829,14.419516336903472,0.21010764240892407,-117.835863468309
3.4316586096084234,10.526348781275676,0.9529185045197324,0.6318027711447601,0.7113528856455916,27.519623727110428,2.8524578847167255,1.2421361125613497,1.3548688268184261,0.798789460679579,0.3825220256633802,22.107764397581214,0.15392364726459742,-4.091081180676966
3.42775283041747,10.460325200423599,0.9391645679295614,0.6832171489943151,0.7722408656721812,15.53984248908519,2.892511570657795,1.3492746526730945,1.322596396955862,0.7628131464341581,0.008513775329811984,17.73440148434765,0.19395259816598961,-73.18646611883369
3.4197616392354475,10.030600181322738,0.8804008768961691,0.5854124098516136,0.7162263196571704,20.896654028731223,2.641192571663664,1.261730788804254,1.1875607351733364,0.7652514682197799,0.44443124687293334,22.45496304973963,0.18321929614476498,-87.76575824394592
3.412059152631254,10.873486027997107,0.69397681209039,0.6665067739512249,0.7076726810360267,19.77842542934619,3.149210603474428,1.2240375616122294,1.1556976270902246,0.7700022029134354,0.09329516451399981,24.482374147913312,0.1787524794293584,-75.1645157947242
3.4371290148944,10.475389469867759,0.8438913004413102,0.5663054119368021,0.7010044621830931,23.74557706919702,3.1076003617564973,1.1756920707197183,1.3518359635661026,0.7015332588141944,0.04477261944426862,21.247722827799837,0.19639361613741516,-9.291612990698141
3.409440580358634,10.469141258882392,1.0135695155844222,0.6914800527918642,0.717203689224862,20.301440895394418,3.079509092820672,1.1107679781159754,1.2385853244915521,0.7253282707864573,0.44579997550018485,22.65705602918778,0.1960689343085835,-105.35172870064727
3.419884447068559,10.832052250719391,0.7270812004982121,0.5400019298894135,0.7086050097596988,19.667575272517368,3.121654191250433,1.367107567554872,1.3806696020519098,0.775300138421348,0.48841310145094646,22.41097817424135,0.21713338131201862,-29.166772379733075
3.4278462601197996,10.780531629513476,0.9158162045999281,0.6357781581398528,0.7398526938204532,16.483834553777086,3.264445663114004,1.1850856747356169,1.142417296289745,0.7714660475449131,0.23402393925945184,14.290491339893713,0.1576541856209784,-46.411146635583066
3.415521546504476,10.29427942876076,0.6942477776059355,0.6176325638707294,0.7193753830595587,16.659754603590375,2.985517644590305,1.3791517884110422,1.206128607757311,0.70269805814995,0.16517179810374502,25.710376337079644,0.1953253478595433,-29.45342311884852
3.432596363752203,10.047170220017842,0.7657941977426055,0.646092641067444,0.7203928696270517,19.043539469077146,2.9664132168209827,1.1107145009662172,1.3735534842809147,0.7072199336742337,0.31309917209866345,22.862571156565036,0.15850408117983708,-31.519444483712377
3.4077889194552147,10.029144644689312,0.9209894197762333,0.5553649569806101,0.7622035397110075,22.969752738530133,2.714599211639181,1.2635260865309623,1.1608993953514368,0.7965841553540061,0.479868703778289,22.51925079954843,0.16784858480149242,-84.88456742634432
3.421860265842723,10.201860505501031,0.7322929806750338,0.5914238649450217,0.7119891493876181,24.45048462936914,2.8226453947850825,1.2573049039604491,1.3462107653166488,0.7478853260108211,0.0018520875251266868,21.110120992148563,0.16180875122292346,-107.35034216543849
3.4128536609668076,10.311855559863968,0.8882459185597269,0.5559033533977529,0.7596131679994279,17.262161656733777,3.2234474505899,1.2294070904034033,1.3562526367807244,0.7807688447035,0.15293316984532537,22.905399827635474,0.15438411732710577,-61.10756033159836
3.4319061900629766,10.325100663051282,0.8158421695068094,0.5892882859092018,0.7269538419677537,16.779761124923418,3.263365718494744,1.194461336153274,1.2913900380228545,0.7188605555890102,0.0865635397286849,18.78795675738344,0.17347637924297166,-104.42467885676447
3.432954767121013,10.807518226328433,0.9029673522658049,0.6846558382849907,0.7533055256126272,15.987045536180656,2.699052756639206,1.295309827258359,1.318038179395738,0.7675644984751757,0.2162966194380066,19.32250195685813,0.1904636874189164,-118.81159954187936
3.411925996492228,10.845140048783605,0.778306119749854,0.6087644644645345,0.7715248944490153,16.066707306021126,3.190633427454908,1.2690841526804935,1.1567594799070717,0.7795571016468908,0.1344739884938065,20.24953839469167,0.18929902747721322,-4.769387909733297
3.4203937356154923,10.31217762678589,0.7836329887276563,0.6293517031031528,0.7146041591210843,17.333874069928207,2.997006003876123,1.312542218502247,1.17041819461454,0.7674676380254098,0.16537394064541025,20.70344952349578,0.20638015159361323,-60.179942698533814
3.4027341581565174,10.88536975290605,0.740752171333904,0.625302155728581,0.721391202934972,22.369298626449932,2.796030023002153,1.3376801300476455,1.2940127282771208,0.7002306531937609,0.30645961043974035,23.213379392253323,0.16891381112419676,-4.276133758620119
3.417137500452283,10.05525204401725,0.7885933372937777,0.6264919294678496,0.7240801199160211,21.13128223137821,3.104484345170115,1.1225882886190726,1.180398472757142,0.7030812406059823,0.10407523820093553,22.88486752397182,0.20006571960035735,-92.72519235802409
3.4067413595158853,10.629345123719542,0.7413461929952716,0.6911352708955474,0.7412042010687594,27.325818202448563,3.178709905461219,1.2542101322830144,1.1916350735259909,0.7115173482442727,0.1883091206748996,21.14136305775797,0.16595932032757213,-57.63656228397855
3.4326699574354063,10.793805874383377,0.9197921133940723,0.6313911707125037,0.7375926389639129,19.840182787026983,3.0082010989933305,1.1592733050667168,1.198527246730232,0.7586945370203257,0.15503118010094724,23.652784567733093,0.1783400661337012,-117.17654257385757
3.4324204035061014,10.889391718361145,0.7700092345967018,0.6308158693939739,0.7572583232675574,22.909886640288583,2.7490545939874496,1.3547065585091551,1.2646284866813067,0.7566092161137999,0.43377441573196074,19.8137106720254,0.21774493095755498,-117.4987204681753
3.4074953212916417,10.366127203692452,0.9177005414249655,0.643144880470773,0.7583771826680039,20.640052927948634,2.6762740716375086,1.3327561421375749,1.3145622654563922,0.7284432534520648,0.4767174673282561,17.357631648589972,0.20036450794523872,-73.82699110522496
3.4358085277428496,10.73145504754218,0.7880691040673564,0.5590766900150286,0.7793206561896253,21.6868794322368,3.261036151878499,1.2241006083564359,1.1729168213132175,0.7848014413775182,0.2541760309213186,17.0470962019714,0.20114052718371883,-101.74927767227965
3.4143238975174888,10.697323307407881,0.8670689589874085,0.6537831853437288,0.77418955082493,22.69133511959092,2.8605322340242747,1.1502869898423553,1.2603037198800995,0.7220754480672563,0.26987810954681263,23.718066016666086,0.17196160211252012,-100.08052136591743
3.411365137128253,10.050403553924056,0.9181496161228144,0.6886019564477024,0.7087796460261878,17.350751017235158,2.9616815162545684,1.3610655573364885,1.3666381296356775,0.7202849946384149,0.19054694132367414,17.837635459545133,0.16716322864267197,-51.7606208229425
3.409402654269119,10.342969192631546,0.874508021202715,0.5875626582763014,0.7386425889334929,20.346942634072345,2.7171881201357877,1.2706988769202168,1.1855886480281599,0.705991139256191,0.20380100610615173,17.471406057069697,0.21786733986460996,-122.83926320962418
3.4193466322864614,10.089534268158879,0.6880329609690834,0.6832097720255683,0.7755170448362415,26.6071180159634,2.840385170134375,1.3124802167235126,1.3265325478887633,0.7947022081031715,0.015497112331093838,22.441592921587564,0.2105600696604835,-10.244162669538468
3.4322121301349036,10.330187475803164,0.7612548843069191,0.6897653240001704,0.7033318874032218,17.666417843489356,2.8567718441199395,1.31453813687477,1.270193259836845,0.7256806221547698,0.11718010568837786,21.586349690873497,0.171813761450647,-26.019297433762304
3.401089513479566,10.359673043057084,0.9137298080712721,0.6287698795307595,0.7330558625690125,15.593401467044144,3.233634323509456,1.1013406808318482,1.3697958548909441,0.7651103400982318,0.04123750224982433,17.134336432290343,0.1873506058283406,-5.715085083652198
3.4270731973354893,10.155948065101386,0.7835820336758607,0.6860636831543528,0.7618553166818087,19.66909370266154,3.1581808715165303,1.3573538583191032,1.2742070275850217,0.7300017757737577,0.4711031959462566,21.893696387413193,0.16832089520508722,-20.064841708253937
3.422456670777083,10.764658848040423,0.9709934481658047,0.6979448393933834,0.7263620764987789,23.18347684793936,3.1380531415200363,1.312287991329767,1.157140712038254,0.7816327334151781,0.41506463943161687,20.65517936126308,0.1556254029867819,-92.92012826339888
3.4101143952652246,10.766891188921262,0.9876735391615179,0.6065015110357209,0.7418665249331706,25.517356064793034,2.8445680694127886,1.1234101768181972,1.2954345130865608,0.7894220337191356,0.25024932332231753,23.516350149145822,0.16839673975535355,-106.17337531656818
3.404878667971299,10.438348934724399,0.951605150129321,0.6978453149762367,0.7178773077478888,24.022953232399395,3.081452931272492,1.1757605964325708,1.2597228391790314,0.7155043954352066,0.173444117995552,14.750619834055003,0.1745647803278338,-29.76080723902973
3.4139587604227892,10.018637162610048,0.652929524871491,0.6809454095215566,0.7430185285148874,19.696008893902622,3.0256675233164585,1.1622718687645572,1.169524959566693,0.7262819417236402,0.32152517168477124,22.751205492321358,0.15260343683891195,-110.67679675524526
3.407134238959644,10.573549914237134,0.8664668872258066,0.6972401073028741,0.7786616009185627,25.958757811440087,3.003660272218454,1.1781645348914114,1.1135377415701762,0.7932801090399122,0.07488716643541352,15.200898541062584,0.16720411600305723,-20.822209619269685
3.4309726485112684,10.517496802149239,0.6696406968515685,0.6755908775742242,0.7680175408580326,16.787765394755983,3.203400458621614,1.3032637047363984,1.261930411913359,0.7633036646041759,0.02097242095229586,20.75386217933709,0.20663073901032727,-28.750206358649024
3.409129917651595,10.79974664518504,0.7090559349068583,0.6800822935823099,0.7565348740043659,20.245219443778176,2.9333488770260114,1.3191918286263276,1.1654705103125254,0.7163732771149188,0.4277610667001984,18.66800204839244,0.16859234920569785,-111.77994983274498
3.4151647255917026,10.748635418186376,0.8258759441057109,0.5403946790250002,0.760706938900941,21.6362603051461,2.986970241443758,1.3811950491150997,1.1557654289702486,0.7631631963126854,0.008567805369153624,15.153022949707315,0.20269191609401657,-26.198925153138887
3.421482085765718,10.05935796414726,0.9834996397126683,0.645978804867807,0.7389816038397364,16.746634069292224,3.007148948562778,1.3469415203545392,1.310553507861332,0.7702846630384987,0.0839428226232902,20.63231207675108,0.1660047357255102,-88.10488647589577
3.4062168987300607,10.035947785175276,0.8602062971137,0.659327654230234,0.7281838160569476,16.122413823884802,3.0016405143119984,1.119101157360459,1.2687675455076508,0.7972446917206606,0.3423476865943535,15.785239764889448,0.19041837861158264,-46.13643866559397
3.414813376918654,10.80258678001913,0.9755537217496386,0.5933239423888104,0.7588899307000883,20.921441186730675,3.085907657852352,1.3854745322104356,1.100586164981743,0.7160304813339391,0.0045204429616320495,23.876188114931978,0.16309518766856976,-70.85303327718374
3.4163176496541134,10.422999727159887,1.0236110716644609,0.6467079352591836,0.7145756194317954,23.27494906089041,3.141823866578334,1.2006778312073607,1.1807840472217639,0.7073011184151443,0.05114968244144623,18.152811789076324,0.19795229866720904,-79.54919359460074
3.4101888811718775,10.801915958870694,0.8341781039182836,0.6059662832392948,0.7667929616254692,24.35608176756557,2.9318115659969344,1.2675086270355542,1.158925797752241,0.771240978514105,0.1125795029566444,21.87108243056879,0.17113436904685955,-22.310065678077507
3.417335346601357,10.574834742954245,0.9347406756438299,0.6651547456633766,0.7269626249714275,22.299495829639696,2.701623969765615,1.2891493923125956,1.3866988981350692,0.7387710597461701,0.19660065197272408,19.866781813678827,0.21817327532037709,-68.96922505387413
3.4040706486705017,10.333240085952312,0.8853039746328095,0.6413967800872908,0.736476023310006,19.17693357512646,2.8820902436204876,1.3791445079707085,1.395239848141026,0.7795285129913935,0.05904056593132704,17.79295146043043,0.18952013874962223,-99.86889526153533
3.410738967103107,10.501085722245312,0.897418409075139,0.6854776857753381,0.7348835142409025,20.427171102019003,3.250513549960763,1.2673229919532984,1.2726810255189291,0.7746191757674068,0.37718553181516556,25.93379983172292,0.1785237895368423,-55.55059062929874
3.4136543527805903,10.520945295453876,0.7682769500355241,0.5499852018761843,0.7686156335150182,26.549726442302077,3.1929395726358454,1.118176762079061,1.3752928710396273,0.726648744358103,0.4254285940230591,21.838413120887992,0.16004861590642003,-116.09403889514815
3.4310949626544542,10.564195968983588,0.8022126612797518,0.623587176422338,0.7737873973261366,17.024773509454892,3.053747774833139,1.3535731992411288,1.1320878992983925,0.7495779555981503,0.17967191813568265,22.33700349601915,0.1654378474159252,-22.36506200822228
3.43614877336098,10.33269231056832,0.6571960928167581,0.6117786592010674,0.7679918372297434,26.709310533473307,2.884739448068946,1.1219346343527246,1.2189460515202333,0.7809742751346889,0.11784707244654974,22.09931623643538,0.20882210445375138,-105.78358789627076
3.4078140766650336,10.146700365515352,0.7400872867627156,0.5842353216324523,0.7345374783485528,15.777335176043504,2.6598600470254166,1.1285684897200192,1.325172143771817,0.7285674259145177,0.18516669078386214,15.307988450155996,0.1815765989916879,-82.14102338981058
3.424569240387414,10.409336553033523,0.8152355339899028,0.589000643447795,0.7587567370362688,20.344354435587867,2.9303829667655363,1.2900457087110735,1.3773031962811295,0.7600216355838136,0.15189785734583283,23.260164752927373,0.21251288726564466,-18.64616583256104
3.403971294285982,10.493263303379786,0.7799809995412181,0.664800702907475,0.7714186652687808,24.76418139167886,2.712971572850803,1.3688795743518325,1.367654422525365,0.7806095865698529,0.02309367963708623,25.582871623492323,0.2017494170601472,-40.29172837787246
3.4054654174035828,10.573311973053075,0.7863400485804628,0.5865288054110364,0.7045660979049765,17.691814708995118,3.262036180470159,1.269985325674136,1.1099275664112076,0.772917346973581,0.28906075399906184,21.28987349790473,0.18514481324636828,-119.32072463848165
3.4032781354619757,10.825425158909953,0.8294348393929747,0.6004317479215076,0.7306755699690103,17.382537505582942,2.851855530524658,1.3251875959577077,1.2404875460096232,0.7884118358980666,0.1932968076089287,16.152408930708333,0.16218918535010152,-104.73454677699024
3.4386330075878337,10.135210916953334,0.8714915023885308,0.6415462169495981,0.7316279816988226,19.544507407937186,2.646299697501643,1.2409313377963818,1.2913643349051254,0.7816871808514374,0.11097883105567614,24.054589012417743,0.1521447895739184,-82.96042816942435
3.4155394005953164,10.765106045776832,0.6547981413774419,0.6861638461788065,0.7480377938167084,16.47964021775315,3.256415880142229,1.324176061049309,1.311181544714111,0.7108728128095761,0.06535839855780902,22.742183066722646,0.18880012585953232,-108.34274778165528
3.4230786633113697,10.010914652413517,0.6656765582788672,0.5754905893756302,0.711671902070988,24.003596179343305,2.9293802779498765,1.1434787264892579,1.3344685285854243,0.7204821887533008,0.040600692851819914,21.237753477910942,0.200484161177911,-39.023044368803184
3.4061064933675103,10.386403353329468,0.906281621796094,0.587695136449049,0.7030959477820461,15.494647930655239,2.661233990878859,1.2148298986781565,1.1684121898899353,0.7107356560205549,0.42600027700550447,18.1204548665336,0.20333262840580688,-25.920951462286524
3.4212748507262907,10.162856228795336,0.670788527128276,0.6780226552959069,0.7133438206261256,26.977643045451583,3.0462462327730413,1.2684609366739743,1.1632450840555697,0.763425895642359,0.006659617404913457,17.615169066729308,0.16930986111979623,-47.39206871808608
3.4013055575695565,10.261064584178703,0.9674758027833434,0.5884134656099801,0.7042313855530042,21.027712412619575,3.068328829869926,1.2098541832535243,1.3955798933295624,0.7619902625744823,0.46063405328012225,24.562762717087768,0.1885829933284101,-33.44325706179333
3.4121999622604258,10.677022793925065,0.8750309739639476,0.6065670907719343,0.747632723686517,26.534724077668432,3.201070425542413,1.2689252243001157,1.2312645940419022,0.7486116039280541,0.4359958929310655,15.938040369984835,0.1978974664108129,-40.53666729547163
3.428915770696998,10.787942208510671,0.9493604987821156,0.6631560238391147,0.7242845736564557,24.270213342030686,3.0243350044274226,1.3765676796544817,1.1816915357309759,0.7072570460071063,0.3395061877806675,20.00947169397955,0.19314472867054483,-86.5555839162912
3.4111250764325876,10.108059679216964,0.7489946298739617,0.6890052693795947,0.711493549342963,16.66683019980384,2.877536976536445,1.1979762644313068,1.3657903200148387,0.7823813038650211,0.2763955168516667,15.869228382756887,0.15819793347361358,-33.58428794666389
3.4136817497224246,10.720935414064261,0.7106845987663439,0.6325141646631448,0.7208676920703513,21.197452363667903,2.809403939702434,1.3695139385140545,1.1284548498516584,0.7235441299699967,0.26743677003038296,15.918081524652742,0.17137297953346467,-77.25907279912391
3.4227250983567377,10.189960091908404,0.9781064935702879,0.6973080960772725,0.7750129342901054,21.252365154699646,2.7898172575619196,1.3875805516375603,1.2505914837343062,0.7990159485269018,0.2237599637068715,22.41830423091292,0.19578355009151582,-31.177631105257035
3.4034274109827343,10.68876842859933,0.66821854612663,0.5820131676565603,0.7424381389179511,26.114808618313543,2.7715988003434973,1.168893701236494,1.2972065208794477,0.7222201233095388,0.05927551710990286,21.250095478817563,0.17992201278727116,-61.18539439179532
3.427219944574274,10.871926746103565,0.8077741334757673,0.615060198203861,0.7091175353551629,17.44389631494824,3.007840303714592,1.2242737064852385,1.209179320281804,0.7587732202407993,0.19875128014527532,23.28077363151916,0.15338020522286205,-28.437773205214754
3.420991157140569,10.055971606512404,0.652915041159277,0.5868725475682585,0.7700800237032559,24.9206938596398,2.6528321077164096,1.2041816836206862,1.1570872636280929,0.7902367817353165,0.2762137655202061,17.26435620786264,0.20886390282541245,-47.14005038929156
3.401678503301041,10.20605625775807,0.9200711364510392,0.6606806972036239,0.7772439729589441,26.10654569609774,2.7447883227811696,1.186909352755971,1.2909618048473837,0.7696346045740368,0.06723921895806222,24.308136711190674,0.2144125580241904,-7.750488505955545
3.4095596921869005,10.812581586901018,0.9049769287124307,0.5410358688613609,0.7519351736334555,20.600137956896614,2.6469835045508643,1.2619357323471854,1.2923341706781795,0.7413902377114243,0.437444418601711,21.750527950665425,0.2034178610121406,-14.465793410644622
3.4279724223232972,10.631760255405425,0.8598009005894318,0.6269586114525957,0.7093608272485012,22.14397218009025,3.02248511436546,1.2542390653725808,1.1999156950370187,0.7145831002021122,0.2506269516576982,25.324410705706885,0.16150345152761547,-11.904008058640258
3.4000206068104273,10.311114497296316,0.982641729449128,0.6405944520273332,0.7584013744293787,26.03525092719364,3.115707420432067,1.100154398807999,1.197296285626466,0.7037907779689864,0.006048742897326104,22.930124185911914,0.17848904985997083,-39.013532978266795
3.4230351736038034,10.70012675323683,0.9815705837213557,0.5914540518884056,0.7185310187414337,23.460887483884534,2.7028595569395124,1.3195822113904887,1.3034854412511037,0.7780566132686233,0.424903927202789,22.415026714476156,0.18913345747447863,-65.24964356833564
3.4229707001083187,10.269746055288513,0.9842805381785373,0.6724165608565618,0.7495361986862571,16.93174312546417,2.8516783922166544,1.1940451354754527,1.2320798602340055,0.7116801472571819,0.0959425606224197,20.20562985904749,0.15313803017468466,-20.669694768875175
3.4364379070690756,10.628891941686168,0.9440208589921969,0.5565183319219228,0.7336401011299365,20.120409286103573,3.172262203631061,1.3015194076441343,1.1565966742551719,0.7016512996102762,0.3276557646314626,21.501456735972805,0.1694886460044325,-64.10341978172855
3.430215202058436,10.790256333533932,0.9949557013888213,0.6176711338158143,0.7007108726694717,25.64274532452555,2.7005652051763582,1.1713510944613856,1.1244944039222142,0.7643093828250147,0.29252751666444243,22.86835585199377,0.17266389003603833,-0.7697483438068957
3.431289203265145,10.791717866547952,0.6745315975241362,0.6078297481592377,0.712300754068152,20.36144796105279,2.8895220097045127,1.3799197138760575,1.1068098901026238,0.7564689878046319,0.09480258505507941,21.208789607567056,0.21112462680037578,-30.976729641270694
3.420073269338331,10.47892297406644,0.8260929430083845,0.5498327052780206,0.7297961608701782,27.265645116114396,2.986815341448702,1.2472554590917806,1.272348511499875,0.7582898748040157,0.027165456509657383,16.921915744524586,0.15082597533656672,-62.886525156352995
3.4115319965685003,10.344340351785723,0.9562022203140068,0.6766247132284698,0.7694170024771376,15.442342465483005,3.0499777970492183,1.1062128188309848,1.3799709789829435,0.7630693960735117,0.37895647611994,16.286106382654584,0.1603043571244908,-31.534878731474066
3.4168623863249445,10.082414792776996,0.8085932418475451,0.5521911405226537,0.7765532278304234,23.673168067606838,2.690349241083599,1.254281213117765,1.2104823389679729,0.7687283844381786,0.16990079991538434,20.01380385797597,0.15682106659064216,-87.00797567358859
3.4196386863512944,10.248237394097945,0.794185964292452,0.6314909417024951,0.7035103689039889,18.80873571319039,2.9723422542296714,1.2232879816554918,1.1437035118651055,0.7045996205066827,0.4991490615245565,23.193158808040376,0.15032727778892327,-48.691398771033406
3.439576378990081,10.6509151778626,0.901577910045302,0.6750091300573365,0.7490642946458931,21.425912124335078,2.964494196237407,1.348132530621547,1.1928138882731911,0.7421131375879403,0.07101466494515363,16.74361096078553,0.15288619098513428,-118.79431105521526
3.4281643293431103,10.806282103538619,0.716442908008193,0.6884442030440198,0.701294015234263,19.17482552607462,3.2072352024857365,1.1318055808495933,1.3520800094218126,0.795200361047485,0.10365581464769417,17.961293359154663,0.18617993348733242,-76.54954478095347
3.4239860597863316,10.836463132446502,0.6930237150606995,0.6108423729841792,0.7034611135830117,21.441352851439348,3.147759008093022,1.2334929674537867,1.2052848486065595,0.7159025567039545,0.36168966522879414,17.357441368258364,0.2059936544226067,-66.24468039455662
3.4170881639984185,10.848354479333983,0.8549578860913106,0.6412322091069906,0.7046653621159302,22.40542009154006,2.7243919357075717,1.3235575636106043,1.1958679159527548,0.712435058686095,0.24394057027346586,15.507810156708905,0.15831038189367808,-48.21029254749426
3.4244973877339744,10.2938429481423,0.6577166344736959,0.6617373416422033,0.7247542680195441,24.887418922703915,2.742923422366586,1.3568733511484181,1.2791363460272365,0.7419944497907653,0.2193156439913304,19.77264285700836,0.16469707636502048,-71.33910826793428
3.4201755610480116,10.193358041368544,0.9791836940895604,0.5635831747713712,0.7323549590323285,27.96934413981157,3.242657178117268,1.3722429521340898,1.3496228951996065,0.75952031258702,0.023346676843571713,18.64113691284848,0.2063101809380091,-103.33409890190252
3.4103139567710152,10.041511961113661,0.8778714366512976,0.5838367768369397,0.7508923752181171,20.3696013686455,3.041308727512294,1.3335134303380685,1.3607060223245373,0.710765269282837,0.03346866694137815,18.032546631510296,0.18334423397168315,-88.7084331556631
3.4108197650968357,10.700232257820533,0.7405218080464864,0.6192659759719635,0.7422388604230522,16.336433739428955,2.7071288236502937,1.3810297546598673,1.2726247976367486,0.7957444553576525,0.48396179244846194,21.943403456316197,0.1633722620965324,-40.88116483691681
3.437493921582718,10.52699751049084,1.0095227216328504,0.6459183639229322,0.7737061504475329,23.504317736467293,3.1879076042142263,1.3641013506844282,1.2110322205366608,0.7252472026429149,0.3793864493618516,22.601490751475886,0.20717056097854983,-66.1290471961029
3.415739973679554,10.213553144320048,0.8503767354059012,0.5839358947232424,0.7252322478226085,19.57119798608932,2.828767531268497,1.166361617542192,1.2838380280954775,0.7405945485695642,0.33901655870873415,16.416104997431535,0.19093024076798276,-110.83943433877901
3.4245958194195643,10.3452749525478,0.6761029094249897,0.6105862461762263,0.7094244277509915,22.814649374082045,3.210081697497703,1.2228971545697793,1.214777451337547,0.72151131974301,0.1831860410068731,25.087316356833615,0.1626643197417267,-118.62553347078702
3.404732060323049,10.016637304228796,0.9486844476127956,0.5850866742865232,0.71664114065823,26.747149608931196,2.743610967984838,1.3151396708882233,1.2262174462339046,0.7815312541517319,0.4163686872133459,18.872067169426984,0.1737666897171965,-56.18350472977211
3.4284003157446827,10.025071079986834,0.7182348080912739,0.6101470544856241,0.7583563143351577,19.659904946653967,3.033451093940232,1.2887357877751664,1.3948320570401478,0.7343015152874401,0.123027314792329,17.475185547740868,0.21159502061893884,-47.700442632783776
3.4087414195430155,10.096558411082977,0.9263353304507087,0.6623759543897285,0.741005260042972,16.141694754951775,2.8110749027945414,1.1797075520306812,1.3617108114059464,0.7302019118752414,0.15742128215009957,20.238878619226675,0.17419692125361105,-67.81000278865613
3.439558389624323,10.195542600891057,0.9480515119286237,0.6725666075051919,0.7399116030495128,22.015602417507928,3.154179322195974,1.1916727349138898,1.1524738296445944,0.7406183560057074,0.056833831420404296,15.966451462905091,0.18772398086132147,-120.6401099464033
3.419743475716135,10.640396099324493,0.770835686823637,0.6923225202551564,0.7435148632686162,15.764533290695082,3.2681288125589987,1.2161255736754752,1.2795345322476066,0.7175145535641263,0.17485463354335895,16.489591773805042,0.17924354616016763,-76.89491348673678
3.4179092694754334,10.256971371022077,0.8223488202528261,0.5546573927522616,0.7394250211874746,21.00444325380972,3.2052914479919856,1.2073617489993431,1.214565501331047,0.7779836301576294,0.39614330764055566,20.775910995170584,0.21062762645349561,-63.28075885123085
3.4076793569033703,10.73424136407693,0.8532564028774305,0.5503085146564939,0.7277351426597555,18.696688995864292,2.892243220248997,1.2830943217305244,1.338910090756672,0.7024576810843108,0.1757749185341758,20.084796274523214,0.19170179230599835,-109.59416902380224
3.4161043282503054,10.855496962589633,0.9072788412713886,0.6268618012055316,0.7628251811831543,21.213916375483684,3.190041903591829,1.1106773328033523,1.1638296750792751,0.7913528036656576,0.13564197035690495,14.961062546711727,0.18725484345881876,-25.711548858003823
3.415085231199068,10.2828314898944,0.7216659739706321,0.6840523099645953,0.7264884313427434,26.84799811169053,3.164503961842959,1.1047847631481644,1.2340152788678282,0.7898005299826116,0.0318936023665673,22.468228911831815,0.16052725587135458,-99.53542648680764
3.4077380422711614,10.028494085043606,0.9399891266680119,0.6356740709155938,0.7763234745152616,21.156324705697507,3.2144427380477567,1.2127302247049638,1.2409531024253218,0.7139066836165731,0.3617077362354947,16.18102017169657,0.1748770731064445,-56.58309280110663
3.405413136018316,10.38913204784511,0.7635187406419669,0.6302739318407525,0.7112249377778176,21.814008629844857,3.1651195099500424,1.3796371574573554,1.339398700749311,0.7215308600431678,0.09948722350114797,23.233321430801446,0.17579181249749792,-119.0048135749003
3.4192678936430845,10.676466181910543,0.745551034895406,0.6076791517292878,0.7371130443275857,18.014342061781615,3.09782765157037,1.134905961768184,1.2907099392645447,0.7429084130495215,0.28717864085692413,19.894550593237014,0.1951042940431224,-9.202072597030025
3.4396202297128635,10.671420859831532,0.8167173441335822,0.5786624799642939,0.757755642822308,24.553079711281406,2.933463424157036,1.3317977646585073,1.279594128971381,0.7580119596540689,0.4487993783403579,16.98248054545905,0.19835602995224386,-48.76907879673924
3.410049017989573,10.8820741176668,0.8457707973428203,0.6867968972793426,0.7727552225472857,25.634041644865604,2.8174450144409056,1.300135604690429,1.2217913250930075,0.7325257132739598,0.1667590944711512,16.97892960314116,0.17695674329104172,-94.53975615460129
3.4376424879908103,10.685048320969914,0.8430336653467003,0.5599448518682859,0.7500105301316711,18.722145735901336,3.006422968681777,1.3794403946369025,1.2586055172185278,0.793617914904107,0.31872750979520087,17.29168762749149,0.20304158464812144,-59.82625520413902
3.4255573640617754,10.206131753660534,0.982307896623359,0.685656012515881,0.7677605591014753,26.127231709536453,2.8697111268162643,1.3551728353397063,1.3210490099841656,0.7375007673016056,0.10745412705129602,25.110778664491832,0.2192904597900493,-59.4057068651216
3.410901959916103,10.527462646959592,0.8831514763338523,0.5606036719757556,0.7031853463692693,16.707072082074227,2.7532575003343913,1.3035153119228853,1.2621317493289717,0.7177325850301733,0.24604328728759103,25.495584225811875,0.18244579481995615,-5.526304340747274
3.4125763982783424,10.260105685822328,1.005336970134022,0.6335740170350171,0.7590209286198718,20.200940640357274,3.11211538650338,1.2947205273729985,1.2927800351630003,0.7276327600887678,0.08621692689404975,21.801343599098622,0.1803022005916238,-34.04435965374434
3.4332779830832183,10.156346034444939,0.8772198413421138,0.6797659426435876,0.7327030072176293,20.725740141452157,3.0424433793671253,1.3339106398406322,1.2020112818429982,0.7024979218688623,0.1868797453656926,19.70737962437105,0.15635776474043112,-42.99945548435862
3.4057294362048354,10.585159336058888,0.6713728089800766,0.6268347802828527,0.7677686906494527,27.961280353310276,2.829598848391174,1.2630796061828446,1.1030979804512118,0.7112213295254286,0.07001843631272615,18.606831872969817,0.1577419845926524,-65.29086011391138
3.4043109576638773,10.426405650759573,0.7434026682742563,0.6288070677532343,0.7550497308606701,17.524004715454588,3.1745503198563547,1.337323276068675,1.3683186749686487,0.774383811316807,0.1476196505596017,21.18274960224538,0.20201631353872948,-102.87851418810642
3.41784446734032,10.093620521171532,0.7131397975791632,0.6387403570794692,0.7028643473562105,15.59854076975272,3.233861579472033,1.135721888999044,1.193691228262942,0.7840683099813404,0.4436904485938307,14.228159218683766,0.16984092074108628,-51.820165592579784
3.4339667880783713,10.354865058307507,0.9539581315682595,0.5875424213662713,0.7447814933313684,27.136431279332726,2.9109988646480023,1.2490932544465425,1.2656141746119551,0.7287646542452534,0.37054682256940763,24.700660900381394,0.19271943694063282,-35.957119126509596
3.432643148780987,10.83319142833825,0.8152169715120089,0.6092266153881605,0.7151519109555441,27.381664876145567,3.074012826653453,1.2996684577306306,1.3045395192963565,0.7903708103949408,0.3468784949183119,20.147162117246243,0.15369675852135706,-86.01189833241716
3.416852692069777,10.602809076112644,0.8966170945643525,0.6188756298272918,0.7739238552279588,22.820966441165822,3.252951752832739,1.1154339164765945,1.2090492783833169,0.7629257288912566,0.09565204339602437,20.1394674383564,0.209173829222237,-70.9599123535553
3.4315441450118906,10.038356380131386,0.6547720613296838,0.5727393613996123,0.7542902516193157,17.704340323880228,2.68962675322338,1.3443159995870055,1.3291338112347704,0.7179596897702755,0.11139215196654062,18.526993129932684,0.17759059302245775,-32.88856267941553
3.418251533775534,10.103648635615587,0.9502620509606869,0.5712155212532992,0.7415663056194451,18.951306841617807,2.6966572432812415,1.3630488336314124,1.3484594681465931,0.7834471421481666,0.47315604751418594,14.612086726531082,0.1913756918061899,-106.29526433107158
3.4382814483270336,10.398076726670212,0.8982573642019285,0.6420183827023915,0.7665689528825316,16.109075845863586,2.6948033595631022,1.1983375060086519,1.2763756066944312,0.7432500286776133,0.07123326898450642,23.64907074298126,0.1917497322703206,-8.724794759761124
3.4012654289001447,10.572196614615088,0.7328847491597767,0.5787736210403065,0.7609143969462845,25.934037004507495,3.2067127165450584,1.3715074574823047,1.3731720492913844,0.7691158596864474,0.33291754236356136,21.698911653714365,0.1874225529756201,-48.54894214347709
3.431404782856504,10.675228537669815,0.9145875673972449,0.6712066808323225,0.7640495449077238,16.037001120225494,2.7751539016950835,1.3754196397763465,1.2192566347777904,0.7488264978984063,0.2262561207085151,18.10484490194895,0.20834088112660007,-21.451805584066037
3.416222832885071,10.265301969993358,0.9411537723197644,0.6374085672210666,0.7370464681393574,26.780515008916822,2.6709622255314955,1.243164192896302,1.3044870169483553,0.7081230795799631,0.041814256987206554,24.30329013679069,0.16323954138133784,-47.53645139267262
3.4043607077763878,10.142168953951893,0.7359587488799064,0.5655615098918091,0.7757038909457636,23.279310124278716,2.989712688777569,1.390117987685659,1.2281678387629436,0.7091652228422108,0.3994709273090558,22.73075316283694,0.18213899622978455,-36.70389208081417
3.438154940029122,10.839431195988753,0.9258379457225838,0.5569062569042041,0.763451312024112,22.335292927578454,2.7612635330557316,1.1550773826705598,1.2968233671311282,0.7754081775841279,0.27055068895404305,23.354099553458035,0.16992631596361005,-21.472598384428906
3.4065355256223624,10.102734862804986,0.8361165878283701,0.6652236246032935,0.7115515674768875,20.270935379879354,2.985853456768951,1.2697693563967962,1.3007650171911689,0.7311999157848351,0.41667975988785605,20.166097638761595,0.1695418596186482,-50.812580458206696
3.425221501140412,10.692290367806491,0.8212396663891401,0.5425254196972927,0.7616688279257571,16.501978438841547,3.049257244748272,1.1137183638394312,1.1494034896398904,0.7373635643129398,0.4271131885903245,21.934936174711677,0.16492235028382005,-121.23848151198376
3.4389440850439073,10.37668100787506,0.8970733943669907,0.5702138356842414,0.760489338526288,18.234209235262973,2.840375724944193,1.3503724209850476,1.1546151692603823,0.7670250289749834,0.3918000586666685,21.42594167956892,0.17905331034821767,-6.675085047799115
3.431930701935317,10.185554171931406,1.0016972480553827,0.6387916822447531,0.7578474554660861,27.962108107241868,3.1200417293560507,1.3423027468488702,1.1696326834481487,0.7077944082526968,0.4075622171721151,23.88208244519916,0.18424245477645512,-77.28217832773043
3.4228800010000966,10.374684251282824,0.8581229144410154,0.6104497866530769,0.7512491123373349,16.542755236578337,2.7288319686173796,1.3583322387652847,1.1920778832958037,0.7312492302619608,0.2821202614267482,18.596418405883867,0.16880104958347814,-83.36311802572976
3.4086415426013104,10.225614396184742,0.8500185887621459,0.6624798535717801,0.7445361941258336,22.213161708958324,3.1953992365764865,1.155361470223832,1.2795112738787768,0.7271025204314191,0.37046499096548,24.38642791830863,0.16922117516244412,-81.31206660096612
3.433092489195053,10.656061908294362,0.8102646282427666,0.6435492340199734,0.7346880654276488,24.902681705336494,3.133340488406682,1.1868087276802213,1.337295911584924,0.7663982370354117,0.4415475176586623,20.24605892202758,0.17090091897738097,-108.45268467631497
3.404204999548203,10.17314124669195,0.7233864085823363,0.6643149732350226,0.7462036728553492,22.69786407483516,3.17789388272205,1.3077257137870415,1.251677533464106,0.7142838862412052,0.26670576966380444,22.2601420182027,0.20920119971505827,-42.051474581661424
3.424513946833555,10.045069944378088,0.9441314650416882,0.5952375077306167,0.7090289532884941,23.1494030744339,2.8944145486485615,1.1238661937084322,1.3146571305157968,0.7846334484957372,0.2679654716108931,21.85299797777883,0.17402015005937294,-123.5234840761378
3.435474806212565,10.67926213316821,0.9560517591396811,0.5522073868164189,0.764581283443718,20.214679082274113,2.9234568297988193,1.3411030121290997,1.1330842139957074,0.7842255536011575,0.04931333457621797,16.750910127315983,0.18030408092379158,-1.455010256307773
3.4164022292502594,10.058414665094128,0.8227307237098531,0.6206111320578787,0.7399751133827722,18.83751453283229,2.6628906666240963,1.309174306144358,1.256589674786376,0.7765469946583456,0.0960037492549432,18.724711725955743,0.15718654610709518,-36.86694066068915
3.4363501976906976,10.709160310464808,0.9279787191122599,0.5650845893497783,0.7377185191330801,15.964325874136469,3.1190472135006595,1.2483015794197152,1.111418387791149,0.7421231275414815,0.24297861668077628,14.209115800609062,0.21226467226114873,-13.946214817276086
3.4042732535871756,10.093065719167493,0.6860902040668942,0.580065983378847,0.7721816865456238,21.97319696535482,2.8789425887160607,1.3014778757505223,1.3146993504108617,0.7990900328849456,0.09581520832560278,17.775371645226134,0.1849457308479645,-89.94834276187187
3.4312570837466767,10.319499447421016,0.6558527337616403,0.5924086511139649,0.7021325185179647,21.196473484549923,2.76168979862011,1.2620286875336855,1.2087376503020633,0.7718498020665066,0.07915862754198695,23.77847147585807,0.16431906213640746,-78.38585064089044
3.4333018968876257,10.643953457123446,0.7839847918589644,0.6652132022020386,0.7747919406782149,21.158060035184338,2.824203772433511,1.3197879573096474,1.277673680979914,0.7689828434571887,0.46038258686345473,25.339027172109372,0.17361845524676192,-109.25247520591866
3.427299322573152,10.414111405052848,0.7295569356045222,0.550926531304283,0.7733853542794792,18.849363032767855,2.816623054251235,1.379537733506327,1.3089622330397865,0.7372629333763588,0.30104519761737314,22.555596212193453,0.17206217461901524,-31.248013135222237
3.4337671704763264,10.014019710895186,0.8015338875671549,0.6564039186851993,0.76133461568458,27.43623732736072,3.157198815163576,1.2356147916228517,1.1248777174057594,0.7358431352024413,0.055651201931818335,20.02159418157016,0.17445749076864187,-14.83014804130093
3.4154089726383177,10.731221985589194,1.0122823761457802,0.6750729821285263,0.7125707791215633,19.756742503471344,2.7203122738169285,1.3662535667715994,1.288660880225611,0.7804283835427517,0.4872874536626799,17.006305214308085,0.21948695828607526,-119.72461417188622
3.411030358272342,10.14627150470847,0.8120263465264621,0.6504064325197068,0.70364126640012,24.19896924766484,3.2203143245908463,1.1267500966234059,1.3818230059371945,0.7926041399190715,0.263394119000127,21.462085205450286,0.19591878019664835,-43.35789125859145
3.4234010783133506,10.072604847499733,0.8267529441710283,0.556360561058195,0.733753321019205,16.243992386881253,3.053647817961565,1.216895074265545,1.3697338859305401,0.7268320557075842,0.37648521523105777,19.738199720375825,0.17371813830957994,-45.39252466508569
3.435320197076572,10.648471328142481,0.9558550706397462,0.6584373041978399,0.7260658691266307,17.993069827798475,3.0849740752030668,1.3737190673186908,1.3659589221473467,0.7091220286969688,0.16874007211487543,18.03752635474001,0.20998193934078627,-115.63446522035755
3.4218580934265894,10.696436947945207,0.8860631847147554,0.5841696623100895,0.7139384637053924,20.016327040773323,2.858904845269067,1.190069849432751,1.3693493868653206,0.7994848668317883,0.007499738992233569,17.15295089877336,0.21262822315144625,-8.429221985577556
3.4098124181200435,10.544982546660664,0.9843715832929885,0.6708036283448378,0.7779676442225107,24.556688828093602,3.2519248786398505,1.2063981343457755,1.1220594132007427,0.7875052811523747,0.003426325765304569,14.720936790351114,0.1558452423705555,-104.63319991892352
3.414502598437914,10.174158253976136,0.680042497843973,0.6900996964477466,0.7751411731296091,19.580180041536764,2.7394880919299776,1.3527914293491736,1.1484386555772959,0.7939169617478578,0.27959492472996855,24.502522002425383,0.17005186398906433,-90.11019855004706
3.411309763811211,10.869422807196946,0.7749392443720389,0.5644574140761031,0.7713411302226424,24.33428117788209,3.1099366446884473,1.1843225456662454,1.3652227640178194,0.7179478914485078,0.443915664811693,14.452071085333703,0.1632863140048246,-9.375410701479751
3.4280085970633825,10.487556266108209,0.6743543468976751,0.5644909861915319,0.7527317268572352,25.540746362979096,2.8955878782470985,1.2254632226353857,1.3798154133071978,0.7965469997374015,0.24342147480481607,20.186731361963954,0.1525521611575145,-13.469724222434905
3.4224777394463164,10.168313405309746,0.6543694848988222,0.6313155535822581,0.7263229039092073,27.71454997470812,3.147003475497563,1.1246363335492138,1.2977633801617312,0.7865730577607494,0.25421751891417244,15.238601310675739,0.2076289177990936,-114.77957784316771
3.409736103489743,10.152460045499257,0.9869770048829938,0.6555732512424,0.7756373961048273,23.158818582067667,3.1861472205733916,1.209337312121157,1.184365672773769,0.7204480631972071,0.488509004870863,14.160377682407745,0.18836806529354144,-48.33300352108631
3.4322054790430525,10.12425984459294,0.6565794552908513,0.5976350010049994,0.7733710262878782,20.762023316625974,2.9977066687222638,1.1635788867632282,1.1371272777723007,0.7748922084057107,0.422139837601177,14.287546815750138,0.19116533970869273,-16.23625399549499
3.4389539350843195,10.392163600269232,0.9218647068850303,0.6157862194078463,0.7575362777937502,17.268607048958117,3.045883073141665,1.1002655368243581,1.3921531442830726,0.7337017951274087,0.43368559186288086,15.133490081872004,0.17014756051453975,-99.37270540510606
3.4242379640102456,10.430278916537127,0.7901663290570936,0.6180409140284968,0.7677391344993896,19.307551542907923,3.0658784546817657,1.3081541831811925,1.1957645267110582,0.797416886664072,0.4509380327643454,20.22367916288968,0.1760369627187993,-122.85281611300678
3.4078730336654264,10.227957812168048,0.6876207071724559,0.6356608510616863,0.700039425299099,15.46435836814209,3.0156672684016517,1.32207497850169,1.3646779063034895,0.7105464830363974,0.3496579297757204,15.179331238819483,0.1888257221728173,-54.20426715773581
3.404948829787734,10.797640423132222,0.766957469867422,0.5858800342820671,0.7192426179138395,20.795891445701745,3.100509665507907,1.2590496593543685,1.3012179163222377,0.7405183262196361,0.20453233369131218,24.27635078365346,0.20981026410918477,-48.5701573461226
3.4069764964858753,10.472831976924793,0.7803961609778503,0.6323730116576032,0.7158122663375909,17.79118328070767,2.796487176233324,1.1864954367783853,1.2229323816163677,0.7787074714348609,0.1968226822713611,22.476475655769164,0.19552119546194804,-62.900664739882586
3.432495616000327,10.139570675036069,0.9685723589254556,0.6909371004049806,0.7170498571221311,20.155056607268797,3.233302294867886,1.2356399934808593,1.1204574140739418,0.7696922893796201,0.2783978132796782,17.00029724348312,0.194109452018001,-97.3068886296509
3.4341832046850347,10.31664317726057,0.7487223312641776,0.6024503492223843,0.7676306646366957,26.32090180090269,3.203237434699496,1.2439371332044276,1.2572037009502426,0.7740568220961815,0.35982380031188005,22.826124570509545,0.1808676603306288,-66.6058664647556
3.4158482955567373,10.172406309331894,0.7602592115317923,0.6711189607276191,0.7307787971804974,17.637285298556012,3.12798582873097,1.399419232343194,1.17145800078734,0.7058043586643282,0.41782438823953555,22.62364763743566,0.18442160658126963,-110.96905833144034
3.4090199895619078,10.26151349481131,0.7685609956355851,0.6635473562171896,0.7603544596808268,15.32312888732845,2.9887548209356742,1.1736053788104526,1.3687387565763371,0.794566290729107,0.2472134106088229,15.013101141627654,0.15065220102880356,-7.585549315656522
3.4127537914140493,10.113743389643007,0.895509285390153,0.5587399869409225,0.7507147105208171,16.772830463222707,2.915217782379282,1.202581749834177,1.1238315347727463,0.7107261931580161,0.48241174245173407,25.169813142174064,0.2136998843710418,-113.68383078880419
3.4291266336821,10.653505099431822,0.9995868921633981,0.605484174954159,0.7348912733254165,17.362559693860984,2.9424550937555956,1.357734616554996,1.3983759110898575,0.7721117320197934,0.3553232451048707,16.2761815013799,0.18725164588627086,-16.004879759085384
3.429781508204701,10.454484391485002,0.9580863814019281,0.5410081372416852,0.7710802001942819,22.695469056969173,2.694104305478513,1.3901440759457828,1.1374032397766929,0.7918311685631009,0.3286213616375826,22.89170498953549,0.19404997430857462,-114.40068725667027
3.4358646805439172,10.288870840337516,0.841869817606154,0.6376137489515156,0.7610027608854467,15.974152142380863,2.851985031126236,1.1821152598937998,1.3053992834298507,0.769082158083724,0.46801038046982163,18.579534583202708,0.1593319378677554,-55.99366934412086
3.4015131593860164,10.490449602711228,0.7008224244221076,0.5528095245955504,0.769905718715225,24.526070269019176,2.8115019391729126,1.3790368426862831,1.2141210689063984,0.7771496841565477,0.3647416977509116,21.48416718737379,0.20419018340482056,-113.27008440049606
3.4357983304137254,10.525251370972622,0.8009427787784905,0.6000213991730566,0.7377644148852299,28.08404762088169,2.774811322159853,1.2079106037087897,1.1763866982506213,0.7250231681184857,0.16623735534944514,25.545877759394482,0.16576040009514686,-6.9945154055120184
3.434912758832828,10.775547760728603,1.0242054056189087,0.6518814078498003,0.7246402322533676,27.13494762836634,2.7843878931357535,1.1854755101935062,1.3656207409321068,0.7953772191374007,0.44974121572800557,18.565235480559398,0.17778178081016874,-49.945886937105826
3.4329484425964867,10.530078004337868,0.7847499752190694,0.5821797308281185,0.779261901817561,27.661980881185297,3.0420169430186688,1.190333274685095,1.2963487252357353,0.7828730572548469,0.4259538968901347,24.35711938310783,0.16580387794121595,-16.620739832158492
3.4156187350636036,10.818124863920362,0.9949110200404636,0.5949212131697248,0.7042478329813991,25.833043390153403,3.0664919936407298,1.2404169144230157,1.1677977107092008,0.713591759312117,0.20379306320786103,24.69852650374788,0.18609751297869498,-50.55654075264178
3.4070590797224742,10.362244524002298,0.8276706272830816,0.5520548953190021,0.7773407025710181,15.94945106174642,2.651214440250937,1.3913088421549462,1.1809274145110495,0.7098307717697068,0.30939030035379805,20.10269045732124,0.20906961209561584,-71.88004703915692
3.431603710185278,10.325241876278234,0.7212396872623172,0.5690209260322182,0.7016329318208652,15.932159494964672,2.92146659497835,1.3139264935437343,1.1070414797322428,0.7690667896996333,0.34941170001997207,14.708601462710531,0.2176388663411546,-55.72829506550521
3.409803607209089,10.320991329285034,0.8129160246983376,0.6556492517519785,0.7373323622530259,21.411829074452054,2.830502361425797,1.1883813897906221,1.1788890952811748,0.7733042116684502,0.49432011169116186,19.52722819255235,0.16391035389581432,-31.729437227764436
3.412717801620351,10.01655756242765,0.7655772652075612,0.6818726961791199,0.7473363939785527,22.329264299536398,2.669481889007227,1.1500723314073402,1.3192040265859546,0.7173120777443236,0.40569268562631233,19.03634846605621,0.20218472453849495,-36.99646484566534
3.437022294839285,10.044658442826902,0.658423450454775,0.6829038818708358,0.7105183024208183,15.618900570365755,3.1503391558690925,1.338044028462087,1.2049016392932905,0.780249526945099,0.020089275263654335,16.334364036079286,0.2190146675386898,-110.18631295431233
3.418481626546067,10.009440022037756,0.7010322416369557,0.6950746849577228,0.7635392643834692,19.131596103501984,2.9540664083951014,1.1538126924736634,1.132026994174905,0.7508322817701153,0.14298524766809168,14.066575614821948,0.20219692628369812,-11.19334790198262
3.422033970728464,10.163686742679996,0.7371076405040485,0.6548408741021854,0.7491257955086881,23.773073503980115,3.2347510229429437,1.300284720935017,1.2331252301931217,0.7641973735314155,0.36462158967542385,18.318035210734806,0.19852937125753883,-22.021061073234122
3.4341091843994955,10.584816131821444,0.8329197309268123,0.545356895356546,0.7685428634995664,25.38159246546865,2.8525007391895087,1.3987506669544607,1.3566025536989286,0.7236294216626696,0.03340420142997274,22.000145918548558,0.1616887882045894,-45.0846864782789
3.4306932167484048,10.769773534380214,0.8460688818829457,0.5620078650012318,0.7722375727021255,18.47105499400756,2.824263724117745,1.24063486388935,1.3527075443626888,0.7257804197428659,0.15050959453706328,16.942665003583052,0.20526466243205643,-122.47325507103973
3.4014508954214393,10.380703358258751,0.9545138496326737,0.5941002010336,0.7022195477890669,18.190736230292302,2.782802889949845,1.2663811137750056,1.3312929484694243,0.719733047680841,0.38632624611034944,15.701149124049223,0.20756146262604935,-63.01063921401761
3.424552513938412,10.701505482284615,0.703482444223933,0.678347382284549,0.7761434105868902,15.514475102299578,3.1772633028153723,1.1934336340762095,1.2405170624639852,0.7393053096946004,0.1847613779623891,23.074374816126916,0.18225639435846758,-47.57893707371045
3.403170074952227,10.173821626449598,0.7027256241241162,0.6923681593563757,0.7228202314456379,23.51654746850678,2.9730372077657647,1.2940178218482334,1.339109569759629,0.7754501365033987,0.020702019476060332,24.791781447239682,0.16151214816032927,-122.18297997696737
3.421029282849368,10.152057683520482,0.9376620056630199,0.6103398064887646,0.7061793768626193,20.178670213013252,3.0230618208482785,1.25676843711666,1.378686277575998,0.704643362511417,0.09472697422600124,22.920786105137424,0.17464865043402641,-67.09220837704589
3.402708058049887,10.63205122944372,1.0084845091396895,0.6384477157464117,0.7079452307844647,28.353246606169108,3.057954970830491,1.3808326813967877,1.3675358185286581,0.7028209414608273,0.40226506663129963,17.24918135451788,0.1648377329622159,-0.7342459474733687
3.4029603671674167,10.433335390601629,0.8584697007966196,0.6998928799688151,0.7270728217415472,23.083668426618438,3.1702947210946277,1.309303249106116,1.3349802793934626,0.711523687970294,0.05107172636428064,17.99681015852152,0.2093751183948858,-51.12748686641257
3.419574094353405,10.442790320610156,0.7348241383213304,0.5907690037696375,0.7578752453524324,15.963837174311584,2.8755482395064567,1.2483408350064715,1.1702709776258615,0.7200472320547552,0.3022762237108788,18.25621555311968,0.18190780204553103,-11.515410909722931
3.4033146157038443,10.261129843930453,0.915932227779748,0.6234118516968401,0.772859859066256,20.654536730972293,3.2081446458543477,1.1982239764383642,1.2840676890982419,0.79200712665927,0.06300119372627416,23.792676370470588,0.1838917650062765,-97.77325851215426
3.4077421789793596,10.224448328196043,0.6501251826189123,0.5960904010878435,0.7743071754708908,23.261989438558853,2.8914562964566652,1.3254836781383053,1.3075732186600262,0.7288969616479359,0.207222513485412,24.14682528645007,0.21923140533332752,-25.662028698659384
3.4089892310235688,10.705736194180497,0.885624334477877,0.5748465436919181,0.7255169003841423,19.482885064620316,2.698359924526549,1.3009277480340573,1.1662579359643124,0.7482916458117224,0.0785168361792166,19.500838353989085,0.16871316377658224,-77.66589404977057
3.4175313853529823,10.026924587459185,0.6536566077051893,0.6358330711128083,0.7244636015188606,28.026452726351437,2.965686192466104,1.3505906390982214,1.3151557790730941,0.7898999972086137,0.42950433052308573,14.912113942306073,0.2080071810063862,-92.77589151504851
3.417971868178428,10.6240506127989,0.7091728383747324,0.6993949440859122,0.7240578047133137,22.126009811634503,2.6569999595216363,1.3205247927592032,1.1668581116473826,0.7411323984059995,0.3537619484058228,14.586566966598884,0.21741175114961564,-95.21448920512493
3.425417858529485,10.083585660750233,0.6840897448142141,0.5747940100553393,0.7224941792731119,24.581190200395636,2.651449567978204,1.1298958002061148,1.3725455669257598,0.7017790840343887,0.20365748426409555,17.513723108618876,0.17712138434729266,-30.49462632378807
3.4351928702902215,10.602885057600504,0.8063059965993042,0.6762688437729069,0.7266348612794461,19.74362837632362,3.0618891709432616,1.2067140028806345,1.29553744500969,0.710567482525214,0.17792948212520152,23.02994653780069,0.175650343081675,-64.79529145822926
3.4299044918507944,10.15569444375651,0.8341459550143909,0.5916154999932914,0.7108284094086905,21.4504882815543,2.927220099939412,1.1731176383144468,1.129888846261708,0.7669210466419083,0.26818066242504346,18.946644565125155,0.17793870724974317,-102.08854686395148
3.4121872404937252,10.211813522377918,0.7006925509823446,0.617056058025498,0.700868710811491,25.98383685608077,3.1549890571529984,1.160780976526707,1.2572758152608419,0.7103537453485677,0.31686252407824383,21.89134463585251,0.1998253611524014,-87.58682469238121
3.400315914840306,10.840693195794088,0.7092677474012684,0.6372946906096523,0.7356708181008722,16.674822874376723,3.124780563322306,1.3820714693074132,1.288871190221086,0.7562326874772982,0.46661056480000807,18.916451928872696,0.18251254615250098,-52.37916402977022
3.4294621180909215,10.831850757096948,1.0244777112027839,0.5993607207146968,0.7029061830199926,23.966888498764884,3.0723362724472514,1.1074606950614094,1.316058142610041,0.7633485718972711,0.4357369673551472,22.104180670178017,0.20388130120180856,-26.10354493853714
3.4079358405361555,10.35466037585967,0.7640582244060542,0.5557161744806504,0.7495697905906653,15.909994022274253,2.802243018981782,1.2199703200985144,1.2164047706967394,0.7032106328254699,0.10608113384435146,22.718897283730083,0.15481205709992224,-29.423071616878232
3.418988750738297,10.597466982344292,0.668272786556797,0.5456478222396813,0.7473944075635566,22.583606296960923,2.893831646675284,1.1481639223651678,1.376428462314254,0.7966872565336214,0.21052620726144977,22.908049100496825,0.15689291763393343,-94.41869557734087
3.4102113941387366,10.592167910965374,0.9340469469064336,0.616952391115442,0.7275256123672027,20.969058133634274,3.0513803101386916,1.1066418708860029,1.2715267262073726,0.7487224268078875,0.3881632036684433,25.478152557150413,0.15983410589417715,-41.633333463718145
3.426401755993839,10.761572661340573,0.9951829392612154,0.5679281008704941,0.7194628750196194,17.1024376068905,2.814408034672478,1.2374178332991972,1.3992852277352754,0.7408696442623307,0.4378597964365276,20.019867498411323,0.1566328367802902,-116.20663216167816
3.4300424754280496,10.598212380253354,0.7395682176186786,0.6545114072288502,0.7397075068454356,15.368172295964017,3.082822493971845,1.2461881772986718,1.2533044329899106,0.7861155305987267,0.20959717514874288,14.27133014386587,0.21996658485949425,-20.199660872146794
3.4333909039038772,10.50206406909728,0.910806988841607,0.5595411224421702,0.7697355945182592,22.219649028985504,2.986618315988486,1.120112945333278,1.2456063853132031,0.791398552492684,0.3880790445795327,22.020309271161093,0.19633090821389926,-20.32339308883374
3.4315209747843363,10.173316649893904,0.6677030166472732,0.5422918384672554,0.7129528332204993,21.40623893074967,2.7370707677421144,1.3249249265620666,1.3701343592838442,0.7542854605704153,0.06476303710581806,20.848512482655515,0.19530008085620187,-85.42382576200842
3.4013248693420253,10.046505367186526,0.792053789357013,0.68448335531147,0.7402657845661942,22.1474136336262,3.2628718001479666,1.303531720502625,1.3897134060862253,0.7567725912772513,0.41500307199569775,23.612239177396912,0.19254232915867753,-92.11914181012975
3.4287921167688427,10.22579033715546,0.9337444702591526,0.545385836880995,0.707002568339466,27.676219855566462,2.8866856888361285,1.1200829595299449,1.1679762485957135,0.7250367087335116,0.1451768043914186,21.159895369056137,0.2194032619142503,-45.90048663710249
3.4282176292579307,10.298468804424667,0.8322817877388673,0.669701234172641,0.7217873665203096,28.274356796999243,3.1066841685295326,1.1580323925812173,1.3981677484256034,0.7917398316019064,0.4392295957723837,18.876612302925608,0.21758806396196695,-100.23746112767944
3.4356800474671894,10.331225512851827,0.9927989298851646,0.5647971445903981,0.7755094579113846,18.113765195870535,3.170639966684292,1.2930704466053873,1.2125500711613935,0.7028182314473277,0.19516251968953152,17.744482517616632,0.15751382683370915,-54.14168147024672
3.4080530424593434,10.404913410273998,0.7873066655925898,0.5875246203808351,0.7542361591817457,19.867772549337715,3.0128441248899414,1.2683560992593375,1.1414202389034172,0.743418435169533,0.15748352371251906,19.63332925767141,0.20987940877935468,-118.87568450163376
3.4322407030847266,10.628138259285272,0.8872604056159026,0.5673930289591629,0.7485462866928749,21.772796440642406,2.8821701238710493,1.214270532422572,1.218552817931079,0.7705174140862647,0.30034461702043647,21.581966133816028,0.21195174583115559,-47.03696369668465
3.4313313363398876,10.168085067203137,0.9607581356869159,0.5616393881121289,0.7002301258992027,27.328412827514992,3.040259660504154,1.3782620966710684,1.2972409957964048,0.7615797999212188,0.37138570574970886,16.814619910461637,0.17422766501632977,-76.80798325274047
3.439263417190625,10.585612523818245,0.7571450735712257,0.6061115582312077,0.7602752024869344,24.637851004060145,3.048649216341388,1.348407532020278,1.2249769148789442,0.7355709663312635,0.390166421209392,25.29573085308049,0.16272867984134315,-42.23581361701544
3.4306674785387004,10.39891385114315,0.6881851146165977,0.6970392686244626,0.7348302829692048,28.18392474858831,2.8291827142154604,1.3579924472230376,1.3911090235506443,0.7654599652011879,0.3375755350688881,14.234856465826198,0.1761134785839698,-97.9862658383129
3.403334164427443,10.573673688816596,0.761709924730616,0.6089283119065707,0.7215524809754639,19.61976125870008,3.266977797638116,1.256018592792908,1.2222518739626087,0.7202395484697798,0.2836153051430573,21.58060404386897,0.21355577703054662,-56.71257191139192
3.4242679559449356,10.297196049143587,0.9298063796229818,0.6918806144572834,0.7409881937880339,20.488239416971126,3.0459265243933906,1.359493637455862,1.3436356269750898,0.7768436296547059,0.3142423346261271,19.56555013764289,0.21888437018391999,-52.07816318083239
3.4082516896092185,10.263468549472174,0.6535135664945659,0.6450529934315424,0.743165306005593,25.173872717600386,3.024050557657186,1.2470674558766484,1.2866297363135535,0.72177572596116,0.38424171156634396,19.00638688081427,0.20493797904162211,-115.07525985883265
3.4158448597386504,10.204593970737255,0.6950217860236082,0.64327887840488,0.7090731909048219,23.270463533835077,3.068003284227265,1.3677569415033304,1.1222986417690717,0.7101256961062106,0.11020684549288354,24.361719262807185,0.17082299042143057,-67.31483924701848
3.4376753458935654,10.334788122521054,0.9734175938678964,0.5425912724465015,0.726460731732036,25.695796877956013,2.981640694177311,1.3010700449221078,1.3937020102041653,0.7446293496783687,0.46480370812870164,21.283745473306162,0.18610148216240235,-66.88894079239545
3.42474060564303,10.24125556275777,0.9879544305480654,0.6286272987478503,0.7627495153597239,21.12335310299545,2.6751964232538437,1.2291480429306958,1.2536183521311024,0.7329181887931997,0.004173403797815231,14.211696532662566,0.18965395744390617,-98.58004903026614
3.4010407795937647,10.135541071279153,0.9870400650951412,0.6936256344769514,0.7349891416209025,20.77737041231102,3.2162753080690605,1.2458848045215771,1.3212917696473234,0.7095733282529749,0.23924877764504404,21.78658833255973,0.1628279778079802,-94.98451281193817
3.418741197256992,10.781414933090186,0.6573409609132432,0.6149393629255429,0.7353463625288877,17.282758688807046,3.099625246752655,1.1418583733306482,1.3992562023487876,0.7972914096822857,0.49203171317421524,14.100764247232902,0.21695299890389874,-63.71441293669481
3.4035456289447987,10.169680791625412,0.7346247812196451,0.6430441899021991,0.773502198087354,24.75555512225538,2.856542866590619,1.1159338018136895,1.2197260963982408,0.7921294689167214,0.07472073348359591,25.664120003465193,0.19627610307028906,-114.69336156800614
3.41056452368432,10.112878116728345,1.02292809975636,0.547246717436103,0.7301621855199784,17.196385438225256,2.9450571075113143,1.1323734706181559,1.1915920646941598,0.7229817713537181,0.21698929779327725,14.49221770693522,0.21563667258531694,-8.166819111678748
3.421823570694435,10.382041284201286,0.8779446018002705,0.5404850444530244,0.7682360543758824,19.313788378211097,2.8432418994048154,1.1156081563029592,1.3316819828718351,0.7229095238872079,0.17736639884099936,23.53160141127786,0.20490584873170534,-100.17296528526936
3.414214545776339,10.038515383886722,0.8702867135420672,0.6366048656271279,0.7366452419637564,15.864106069790159,3.0735307006834263,1.1857942496063603,1.2921386731194724,0.7439206552582458,0.46457832313273456,22.125906484309198,0.21188257785422043,-105.6208802900271
3.41456057165437,10.628373563977744,0.8914536564209239,0.5903069525537445,0.7396198362408337,22.762402284748617,3.0501680642250344,1.1199030389369167,1.3202560578173914,0.7755602317838659,0.005765704955614354,19.882176886839385,0.20872672238875903,-115.75791794538127
3.4005505133930534,10.141842573971482,0.6620049199396236,0.6037733701324833,0.7184830572798823,17.181078005421647,2.8896825606706327,1.2418801750605395,1.3302338355074712,0.7386343391775216,0.23252336587759206,18.388444739153208,0.1684672502784643,-72.50457472480363
3.401461937768571,10.829616327096652,0.7649042148266408,0.5961837999614417,0.7297471204275016,17.381138640458268,2.835629069059452,1.2361657585263752,1.2150060486589165,0.7776395655844397,0.15198545971887295,24.939378487984804,0.16172369925800442,-30.021868869732458
3.4396393634930504,10.296311698533753,0.971929013342382,0.569470241872377,0.7747816272488987,27.942205883653152,2.7432750036543427,1.329331949506786,1.3523145412580102,0.7687087540331193,0.05179780458226161,18.682675818832138,0.2039244001260078,-120.09080379445257
3.436979410662263,10.894320220410433,0.7717001529869283,0.5529836887532583,0.7006740292136807,19.280494129431432,2.8915516790946882,1.2599437669738003,1.2005439241215774,0.7775980693117629,0.4374975479390154,22.02317859941877,0.1524133482983432,-106.96309314551176
3.4210071142539533,10.561759954832823,0.9804302242718914,0.5466420554071703,0.7483333978007862,27.0416115914254,2.690469717249233,1.1383897213474843,1.1837592089293367,0.7528563168430795,0.35812662531325734,19.816918154439872,0.1867642513614549,-83.22184156090266
3.4267468016661757,10.695707472981123,0.9819845652728522,0.5575237426655292,0.7613467150560552,19.064293423078382,3.121400977043691,1.2169657237441476,1.2689765121449241,0.721480981073091,0.3777051005811498,17.738159632666996,0.20646114402580754,-29.07633589661043
3.4291090987704327,10.473157781056349,0.9517977372038547,0.5728986729063972,0.7355061107702794,23.170141372306183,2.8357541294868787,1.1395217231389014,1.252941798102665,0.7426155116970583,0.10230055466615906,22.737832402336398,0.19966423358477337,-22.00045375888162
3.4128815757641706,10.243244714383856,0.7066048580333891,0.6407814054594447,0.7245712992280573,16.93051950840882,2.7680960887130137,1.1010462786604172,1.3627397257533493,0.7380726072525602,0.3335819754475283,23.869912979298263,0.202858418168074,-25.45055862151098
3.4364171773509304,10.841256066762712,0.8749945122025772,0.5644996018927069,0.774865357469283,25.931984788051615,2.8635852981540117,1.226787750530294,1.163073730959984,0.7720457948026471,0.10626219983781192,17.071456285979924,0.15639582401691207,-87.92405387632661
3.417897461544801,10.074555339280446,0.7189643419709952,0.6239686628010541,0.7432944093895675,22.838028625720376,2.8436509473113594,1.2518975045320713,1.2558547167931673,0.73832866851797,0.3704159983124872,21.520354380827147,0.1985208539217908,-88.69598550343744
3.403726878476817,10.07745416336093,0.8042166066360739,0.641120641405638,0.7543608991722643,28.191856542603645,2.732073835062163,1.1026471553897832,1.2102857723547593,0.7032417271530961,0.23301866028506585,14.894386606304824,0.19077097469435828,-90.26380728585735
3.4321964196548844,10.189648919871159,0.8594156203372544,0.6197453084901657,0.719303259699561,25.951571445049165,3.1473742042462334,1.372875267880485,1.238716662220996,0.79419475798002,0.11727481887253735,21.45950456952849,0.15790824994758668,-86.18106975455589
3.426063852248562,10.80579597715455,0.8836238499276228,0.5984781406517402,0.7641556151682215,28.301816252606347,3.2068662957018064,1.21088831969235,1.1336015144595577,0.7056999731696243,0.061560347219723824,22.472982099101802,0.2040139208717281,-16.504712199977916
3.4227022721833573,10.03992616633244,0.6989426214522187,0.6756537170728525,0.7655466344061147,17.233182955609124,3.1442519707583565,1.2279967415796536,1.3326342932713544,0.7796461742757108,0.14438746120967355,22.560045542961856,0.17328449807246013,-88.4532226057589
3.4099255010539915,10.217985738581856,0.9915559739988193,0.6606441962282532,0.7079235235237323,23.72961920753564,2.969246611539408,1.1513685020042717,1.1544584539381075,0.7797520995715462,0.35130847237350704,17.626299574337693,0.19844872291952623,-40.32749778637067
3.431102589088774,10.798177945845955,0.7082506218508041,0.6447464176445615,0.7572533321029578,23.88743724284353,2.8843309483987696,1.1788580598555563,1.384539858429833,0.704116522506831,0.45650874191802215,16.217184866187722,0.21783091406954563,-47.68929511839342
3.424009767072983,10.758769653824913,0.9106898829618983,0.6620576171333015,0.7031034120569518,17.971676625632497,2.911254067597641,1.2719768398555806,1.1296516695759098,0.793896310714584,0.2982988154036523,17.564069489134912,0.21747693367980026,-12.157291342889664
3.4017293575878456,10.417616295290497,0.7595499298245617,0.6303037288760145,0.7745006796100761,19.09562610072516,2.8466510544663066,1.1509420816333447,1.2347251242846544,0.7936468610342169,0.18048361776435565,23.301635486109163,0.15250863479732116,-110.74128613919285
3.400468791854905,10.63003937025152,0.8438226557303888,0.6518345093282318,0.7695599781841057,27.544967299837054,2.7564342887165507,1.2386901550108598,1.182195062465265,0.7053949095235362,0.06088309561821293,15.901142561171806,0.1669377554941182,-109.38847838113503
3.431378683600306,10.889752775893587,0.748564280023621,0.5674311511440605,0.7526634170282925,16.905156687944004,2.7644168759377785,1.1482945239340612,1.35359136629142,0.7884547036987298,0.20761052697927881,17.693239041255243,0.1716910820753164,-37.0993010356556
3.4279527425849046,10.399619375270351,0.6925011650688355,0.5970262926554492,0.7648063135909566,21.218767391421714,2.8333464477380352,1.1771245520999039,1.3248782055675863,0.7989575956669621,0.36746653264034274,17.53576145365685,0.18518827689285774,-38.18458310583647
3.4051531353333577,10.589370029418442,0.7859440687424747,0.6919929297327656,0.7321386437563683,22.064642616064923,3.1701749408261164,1.1569057790670119,1.247268606054715,0.755538968780435,0.22976919273487273,24.509579571912717,0.16282347613138576,-2.582747006854163
3.42635031558415,10.249082145323335,0.7849009298763889,0.6132708350020385,0.7460763669666659,27.31163597796315,2.750863654804602,1.3305418503300905,1.2489204812506762,0.7276197395659977,0.2650109635410551,14.959734562237236,0.16963291622766663,-17.9968295588169
3.4184250643876095,10.597586683941959,1.001227129030782,0.6421947443631892,0.7685071811110463,25.433681745014454,2.800963400530967,1.1840792410931804,1.3530256744251472,0.71328240750381,0.4389674819724116,22.203460014127472,0.19654938980698025,-122.45430922514082
3.4273523795730507,10.856768804277225,0.6871483254436634,0.5638186527554694,0.774195270068477,15.79215974464466,3.212763269580832,1.1694756012578145,1.3255267707766345,0.7358607825577012,0.2589143442900607,18.853076894841383,0.15232219276614295,-109.69123734583285
3.4185214334619825,10.723080534468425,0.8417992994762848,0.5584150042307601,0.773974419346468,27.731663451737447,3.1383808251275185,1.258176241325839,1.3475785229121309,0.7117028679491542,0.29915189712820855,14.262576653812648,0.18387246175738556,-66.51339516267558
3.40567549170928,10.14416987073218,0.9721624582873005,0.6248388967591355,0.7065934767167594,17.157389184973827,3.112766154180574,1.285198720582844,1.2264907383656614,0.7309519103023442,0.41147440939794777,23.786391032614667,0.2116532519019014,-33.9664652717193
3.408026690243802,10.591068769912518,0.9250018964308238,0.6168671096791466,0.7082987538739894,23.843833841722095,2.923823048383262,1.344602645267519,1.10977216243687,0.7363389505987998,0.18343751924735485,15.06556318406768,0.16526101643930902,-11.675339064118887
3.4107021129006787,10.62267469436079,0.856295858483063,0.6315165979708919,0.7611850093973268,25.27559016748144,2.9751292909293703,1.1258160110346254,1.1258442380198879,0.7893021247788472,0.411043856576261,25.7021904442685,0.18643164538378357,-29.93704435737351
3.4228762051911086,10.826900648770525,0.7471016819022215,0.5489728563664623,0.7522192208619847,15.412307367489749,2.775886679808199,1.1327059420544787,1.2375224084698802,0.7076412237240326,0.47735742419643545,16.822086145425235,0.16654413123728595,-57.58875069169281
3.4254083541214952,10.028310316291853,0.7926291730586308,0.5846725387554224,0.7159448748598006,20.425934676895395,3.087261272319293,1.3251756425762842,1.3009021158604697,0.7883609516612642,0.3670257730401409,24.352783749859356,0.19371365849031744,-123.2177394749054
3.4152330814598195,10.769978419708215,1.0150200368021323,0.5703491106572756,0.7786116570379226,20.824436289256504,3.2134128493434293,1.1345816887097813,1.3667148493497996,0.7015908477288099,0.05334840628308509,24.19355502117835,0.15568564800989654,-72.37293116982934
3.436968609433887,10.14087940903677,0.7229371490616686,0.6047635717776784,0.7405449648186578,25.212945327350624,3.215149039421099,1.1032677044763917,1.3244816388924825,0.7825221413821984,0.19903439071083748,23.270883779689225,0.20922796486452494,-34.05443745708716
3.419624325135834,10.637217905501531,0.8384203597989833,0.6236332994239779,0.7062894580316673,20.45566495296668,2.9677562135481512,1.1247534910213646,1.3222104506424357,0.7675373621584205,0.22481212805814638,15.059661076797276,0.19745381226951642,-113.37479523167235
3.4100750335477534,10.803571835960579,0.9940157780824022,0.6234795787662515,0.7662628209661808,18.598460100091156,2.8855190456188518,1.2731488622350549,1.2335423296110228,0.77636068653281,0.12759402316842813,16.881325029222126,0.17609344755524745,-106.5923688164801
3.407120532384909,10.772209001772286,0.8112931662615722,0.5840489817902282,0.751078103277272,23.94001901545331,3.2681987961991483,1.2269506236961156,1.1801052947106474,0.7219814212579244,0.42531904293164124,14.976907011824304,0.21558704335629825,-14.08303511376991
3.434430714457276,10.42844979735696,1.0228284232332325,0.5626668246967177,0.721308030522229,23.3119679422374,2.945010248176521,1.2470301402286654,1.3841755140334409,0.7360795389651722,0.08081299710749196,14.87432998041661,0.15291160739010634,-8.37721667395796
3.4142822252171148,10.62063404045406,0.816759572519134,0.656840296326914,0.748733883082554,25.080212057187026,2.8645859619581215,1.3764230855667805,1.2694664565558833,0.7374791964083351,0.39452494263285065,19.736790216908798,0.16834872589207148,-80.34512383541704
3.420934468257133,10.517903031489702,0.8518252939292303,0.6163834490294404,0.7438866074986658,22.98333780382373,2.758404352972313,1.264584874978644,1.3990491730498051,0.7516735302209802,0.012189229082174386,21.890121375464314,0.1823362770461242,-117.0124058631878
3.4117380734494196,10.867981249427531,0.7751432841850981,0.5585187651731541,0.74382938965812,23.031893603099803,3.224707188327997,1.1567691652507537,1.1077914110058895,0.7090653561820434,0.4002572159944014,19.764784299344676,0.1556373866549101,-48.30826648394944
3.427963389549629,10.347246968576519,0.88548754523426,0.678600533763899,0.7487191404590795,21.180687663428536,3.2330773863939233,1.3951381941179908,1.3780380721624024,0.7761455630134511,0.10180581842777943,16.029268210364574,0.1562756596640005,-69.05975069045479
3.4280870571770024,10.687052392967152,0.9115008387267081,0.6452114451472599,0.7039684684152171,17.12417837305127,3.0936212259798634,1.210230018580294,1.3089242290399887,0.743980396494064,0.12381925029817159,24.04480550124353,0.1949342667957844,-71.03689278502637
3.4042874203121576,10.883416583950854,0.7435330572902878,0.6606001553682765,0.7424423625174031,22.377300627370115,2.6522226491109584,1.3851653500205106,1.1619213777383102,0.7841058316312532,0.39765984553852435,23.951423396267057,0.15216643760102358,-23.247981819078845
3.4327253123542665,10.58809454110876,0.7138123647713176,0.6026938503865855,0.7537240113970803,18.19402575199132,3.13945212520808,1.3709788747494471,1.3740866129389149,0.7942060438014055,0.308469799523367,17.132348321201004,0.20999640101314646,-53.0978412690981
3.404351480899745,10.746352507127805,0.6907903334789508,0.6988570733492223,0.7528239537305077,27.366591555323428,2.966667099268588,1.3063034395054784,1.1831664384251424,0.7373515582812737,0.34518386833449083,15.484915519118253,0.21183228290166123,-13.71354125197827
3.4290806226811608,10.771510192237761,1.013984417772145,0.5524076270750978,0.7303845254599484,19.799008358712012,2.953699489553025,1.1789852415646322,1.3000123334732439,0.7407333408678838,0.10933424043376205,21.806372730855873,0.15013550492297392,-35.97054050548252
3.4249451837041534,10.737123882865362,0.7226003454306413,0.6368415210975495,0.7376021304348656,21.79372175935618,3.0077643420144575,1.1581032284541803,1.2142922703379782,0.712847793957925,0.34621017317441477,23.937722928588062,0.19136669368059334,-25.226170568178233
3.4375859620312066,10.064769216756991,0.9695626453833879,0.5597537589107859,0.7438147301131224,20.92346764260251,2.7157479990434577,1.3645239083605187,1.2060124172974809,0.7931075830532341,0.26952131899161463,21.168526555953747,0.16854070346549976,-54.60801963151671
3.4215197410520357,10.581297373251253,0.7778567698071464,0.684611347366581,0.7338699569804763,28.24414662355045,2.7711044749523,1.2984922253759084,1.3743805827352744,0.7453942264864186,0.459906409387271,21.665059176083837,0.21323830859601228,-62.169488381550956
3.4156511516801866,10.556465346623769,0.9681141455566611,0.6426457142654386,0.7561254470602747,23.194793580868826,3.144338966335787,1.1894748021426123,1.3609976459571071,0.7371214854787669,0.463107131699951,21.879792851955873,0.16178574090494688,-117.13570078048431
3.4248929563736787,10.787058296405537,0.7381443356401277,0.6288179950710107,0.756972311774218,19.976012267334156,2.7632071748204767,1.3297088410549094,1.3145551682590115,0.7459678836060087,0.18337597496945884,25.68452764676251,0.2124099599122444,-114.30228016087257
3.43846006994974,10.056496183871364,0.7930033504823999,0.6826974961148131,0.7038454030558028,16.177083587185386,3.0906984709906125,1.2235178116174916,1.2284815420025523,0.7702632593988648,0.21544968927044697,14.989087344655443,0.15532094380309183,-104.02828953846125
3.4244956575765277,10.647426926209155,1.0284486997988758,0.6248760923959011,0.7530389354455749,18.720013468129046,3.2440205170763714,1.2635409534698563,1.321170793107311,0.7524892363241599,0.40181113161154497,25.698153384618877,0.19064731172618316,-118.06867576415198
3.413823914069879,10.013766648626312,0.6628081232646968,0.5665367310115688,0.7429849346292631,28.107598950829047,3.2193101231617027,1.105804363271708,1.192743380542374,0.7715331598433519,0.4158958052577748,16.200460536222486,0.18953801013958563,-103.51051773728167
3.403263551774913,10.764403747251423,0.7383374597597466,0.5763832019060644,0.7280791970480212,25.93048916242009,2.9094943545805823,1.2204182957868126,1.3593924850131736,0.7570861356026307,0.3904180834079299,16.977338579066725,0.21263737271133784,-26.515314449969694
3.4272710598588496,10.165034959915294,1.025404569813594,0.5950787895960357,0.7547705212815059,20.460663313224813,2.8737275530764346,1.1458976386150146,1.1490421089580456,0.7990814483570263,0.2916347623821747,25.289528872127043,0.21296417170424792,-103.21757514029918
3.4230812222984577,10.520768904824372,0.7623131112029337,0.5626411371743167,0.7268467917965116,23.340502137999103,3.1471425266814355,1.3380658145836715,1.1781523045547762,0.7712273590103033,0.4143368152080533,18.40970425918774,0.21242959204356965,-118.01584664016724
3.4180295824361644,10.754824688197367,0.9418067319971977,0.5680207821228934,0.7154090141940951,20.08867950542631,2.72369966263552,1.1901212132032828,1.2797416330228284,0.7291130456675684,0.45763745115764254,19.483773616193304,0.18910512279016545,-81.02656815224879
3.430890961579962,10.115227673547796,0.6645300115286505,0.6249749830613697,0.755756001809238,26.990966754929083,2.681110504884237,1.257559729002648,1.2640441994833829,0.7672697990766886,0.19146336823892507,17.176167762265095,0.18226532776541168,-83.1924133258592
3.406847312015811,10.64833806791386,0.7086864260021533,0.563946872320877,0.7377901654984659,25.33087301154857,3.1975264270690524,1.1853828973414302,1.3695825486835345,0.7109386494155585,0.3546070825773727,20.999965712697445,0.19689202757147367,-81.07155590048023
3.4164335893809357,10.618500330654443,0.7272670340599953,0.6605094347674478,0.7797790062960553,17.859140749252813,3.111334626020253,1.21776905626549,1.1721008469305587,0.7262581371985904,0.17243691549979726,21.52083248323143,0.1999289696861808,-7.932340488392953
3.4166299461197904,10.77472303104861,0.7933457182838182,0.6617598851736063,0.7505229811117771,22.52092680903748,3.159620118180947,1.123141328519207,1.2252203993041195,0.708693437993802,0.40500681263294475,16.185974900795554,0.20031371776244233,-99.4654879450555
3.4340343713290795,10.385346745885837,1.0291019140135107,0.6712181111912063,0.7620597973223675,17.15121191061455,2.705368082988977,1.2980279479923305,1.2745430665219273,0.7876918775331258,0.23908488452950913,23.680600731063837,0.16523007079932117,-6.887814236841507
3.4011045928370387,10.893049349036383,0.979125320177338,0.6269224198565002,0.7232319462330576,28.361159960207992,3.1099799700067106,1.269535892638351,1.2637999656764907,0.7540103820889299,0.31775982679820514,23.984970120322192,0.1596989152400114,-28.572891292021225
3.4166239636919875,10.335377510657716,0.9564443729479748,0.614148773453044,0.7358278841577692,22.216488427021332,3.074506613859244,1.1547197055263123,1.3310368172437375,0.775312731522194,0.42103316337162827,19.92460342375719,0.16006130642515048,-95.12964438540773
3.402191485552525,10.78092296627588,0.9150937921232905,0.6736200666890582,0.7765090064474551,17.471089957163418,3.142077745252169,1.369566572473227,1.2434649137304614,0.7373163549465314,0.11617352145069614,22.36330372932566,0.2148299399673168,-114.49774981228741
3.4042912670192043,10.56851562146164,0.81490162198068,0.6285910177496574,0.7341567835065091,18.483114228899076,2.818059216308808,1.1431878150036492,1.241536111014694,0.7154801671398155,0.3583557230838284,17.56721674625625,0.2037399951266608,-68.00622865740738
3.410590387938295,10.66415533640835,0.7828453991922817,0.6935978417641484,0.7112672201842919,26.719061741604072,3.2767629683849426,1.2303789462015808,1.3580782287428002,0.7981932155186279,0.3732775752459155,14.939137944934371,0.1741640436268718,-35.68699382866188
3.4029584136448414,10.408402440512623,0.7627031404101892,0.6330981931084833,0.7668122476522369,21.845126048049096,2.9042626712131505,1.1402186007549544,1.1450711987881226,0.7490217966298272,0.2769319349461432,17.22876084792751,0.183899878102444,-51.33194894605563
3.427806238150648,10.416980469722324,0.9348504775608335,0.5753671697869209,0.7302263465511688,16.889403451381476,3.1978695474664764,1.3541760569033967,1.2857574876446238,0.7344242672936225,0.18625717862906402,23.43022431666126,0.21129844077759058,-64.85313191429043
3.406904671985179,10.461738012281817,0.9420714665465959,0.5939835839174267,0.771715324431239,26.886724040472004,2.731294479860182,1.364459773931703,1.3488841495941837,0.7406535774942568,0.19350540259816373,17.670978680796075,0.19884637411250497,-7.118676376357939
3.408138288044622,10.409795080458952,0.7421225268552231,0.6465309031356029,0.7166993037181375,25.04873655448481,3.1455772480375677,1.3461820253910608,1.2147265323109828,0.7815545872974046,0.37531525052746545,19.904095312881573,0.2049134111578954,-23.366252070236484
3.4117954944262645,10.860670751406044,0.7282174116712175,0.59055372836931,0.7321166165425691,21.566337824145595,2.9179745533110473,1.3779000885407486,1.202168831229396,0.7136209818928742,0.1149246541806238,24.205865822805404,0.21810782383922683,-39.97298022235414
3.409204174613339,10.01574817026264,0.9880646134427399,0.6227600439333871,0.7389016678562055,16.619512523642598,2.6885938492764816,1.2568249606362718,1.3133847852181233,0.7198943717767713,0.4181036864926691,23.674040524094103,0.1687699774235782,-3.851793033725599
3.424792127227227,10.71236152212449,0.9494857146476835,0.6638125790601788,0.776454831861579,17.96447205061964,3.0117406061222107,1.1254459858170673,1.152848206602383,0.7032283832582502,0.1908360014955029,19.751229824937475,0.17017648224765544,-48.02643720497386
3.418867231228819,10.21543489939325,0.7762712443432104,0.6544448319426592,0.7003932082141544,16.526802122461838,3.2492843884448237,1.2826033032201745,1.2438153106776584,0.7264431802007958,0.4024315765839868,16.557981762629016,0.15590219841223532,-15.009526754632205
3.4132270117632997,10.601569567854735,1.015093041347857,0.5783197595205888,0.7674664732276829,27.199490591573564,3.0166375794728677,1.2592613412871672,1.1582696913506365,0.7818660014696452,0.20214707061510823,25.616731712216286,0.1767462663345957,-6.795556205522061
3.4081453442850496,10.67747696666574,0.8724566837717581,0.6932107194497593,0.7321088482694638,25.628694969663705,3.2415362219937878,1.1966820557529367,1.1164185197104592,0.7205730877488203,0.13819178996606854,19.80008532687956,0.17200353760173204,-60.32512979161211
3.4166383463851577,10.746794471535447,0.9870855207638124,0.6924918188811866,0.7732098766648682,20.98301977572445,3.1591816620114495,1.3518816333695252,1.2973904935652687,0.7817612062008278,0.3854370939074153,14.14883805274092,0.1646279445008217,-17.152388568375443
3.4210737149398662,10.77847929271364,0.7460709820371747,0.6918358182523868,0.7217063432960338,15.359628285758454,2.974800492915287,1.2806946979934228,1.3872474801707386,0.7625013316885714,0.48867392543231086,18.929559147835473,0.19928034952451015,-37.63045887731789
3.4159217897008625,10.471822022508073,0.960351002161174,0.6748582020647047,0.7323112215981747,25.177126326520415,2.783503783367679,1.2333069310196594,1.1601633566695937,0.7002507327025896,0.4785583708922529,15.898132796526228,0.16965661548004568,-22.036747924972246
3.427857817960202,10.590713762912142,0.7693643952099715,0.6710024176741372,0.7383245238653409,25.76279232378057,2.6900705371084297,1.1836179563296925,1.1224036077384338,0.7548983007505682,0.40683696293016475,20.7573882105685,0.18503568586538408,-103.14691157053471
3.413665130388048,10.565349617709836,1.0192406378343963,0.5692967151950055,0.7704805096914082,20.084015967819184,3.1994600313935906,1.1061290242622999,1.1700281793300378,0.7973178358776306,0.10602935264706236,16.973679483931253,0.16927064593320398,-101.93387440540074
3.432742191409126,10.33796085427438,0.8424882783904722,0.6595999215010392,0.7246649434717285,17.818324811377483,2.8411334935986297,1.290157003561188,1.1720056685335454,0.7142234755524648,0.02017592929164601,18.348852696711628,0.18107017130654673,-74.81956627935483
3.4013439935766283,10.410491189526297,0.7424929768804007,0.6138352103832884,0.770425795253195,16.81999719011096,3.27474801785946,1.1777440060830557,1.2191892602639982,0.7384872156987698,0.09191314542617188,24.16604342926161,0.18882001395851153,-107.87521635432854
3.402772533518221,10.663151079911378,0.7674606707706533,0.5799654750417652,0.7577842515159736,17.073524856178206,2.893780547907071,1.1048161907819658,1.2299371871800724,0.7548709463037059,0.4026964442442199,15.164532061736274,0.1792516660204077,-58.5041452969503
3.4183654837219852,10.45799566296475,0.7867009330266852,0.6549856749369571,0.7265963348095398,17.579342561603234,2.8605823939527744,1.2837248023841457,1.2108531574701167,0.7547127290419672,0.38459928129901716,18.888549700181265,0.16512428975888704,-85.7808788228804
3.4171583597204265,10.010235486459072,0.7357111094538401,0.60393005073393,0.7124811862829021,22.47899835072031,3.046822567294102,1.3686150904943846,1.3769563626028682,0.7718277278544139,0.019316025165821777,22.78116029316321,0.16501520007487924,-3.185755316956417
3.429922076578046,10.565712758817698,0.7467643360829902,0.5611094025835741,0.7194922883325418,21.848027823024175,3.181551897201698,1.3484796192967046,1.2475331965542131,0.779121452173761,0.06573482894523672,18.290986575754665,0.18804728247794375,-81.797609940091
3.4143260475850825,10.733135781719307,0.7048246453501084,0.6842968420418386,0.7789814024963331,23.051373285227072,3.114719708711847,1.2506309924287242,1.3517457410626177,0.7428772844016727,0.2634781966916322,16.852158607554415,0.15853267673061014,-79.59786596492074
3.4051176711190694,10.317353660154472,0.6674103382292761,0.6036942346484178,0.7750760237901971,15.82684906186857,3.0485456175275925,1.3306379207186603,1.2427700921272447,0.7936524211331603,0.34857523345359626,17.31937196244456,0.15431545545224798,-30.558189973606943
3.41368475189984,10.202946503741959,0.7508157682861685,0.576061720390963,0.7573298977650563,16.311408980645847,3.1481277058413975,1.3929873606713443,1.2943951287695903,0.771053902454008,0.2341879116142734,14.469125765269027,0.18974424903545628,-117.28705151623961
3.401874322187344,10.621303710298672,0.8950842977234953,0.5773178101809752,0.7187424983311789,19.76159510856943,3.0980624207714045,1.239212742989109,1.2807168936051998,0.7556160465001028,0.09635532488649336,19.231436957179454,0.20161653269628835,-69.16395030871644
3.403578391081872,10.63897892579969,0.727592912761346,0.621292638781529,0.747695536770544,26.81365998300302,3.1221866409202086,1.3281726689028317,1.3908387440817005,0.7820393374398235,0.45119528505960976,14.30770865431502,0.18083658621887988,-101.22387730037684
3.4265312853779664,10.11392775085215,0.8218481749160653,0.6859027982238667,0.7205157873581546,20.413999056679742,2.846689933846828,1.1434035465563026,1.2538461295885692,0.7609923061939228,0.2897642082291132,24.95002107479245,0.21666105257571722,-64.64048529641872
3.422068852868382,10.145237641051915,1.001133638580324,0.6047092316866499,0.737583392913194,22.404264741419027,2.812969288110306,1.3772782610590593,1.215684596038686,0.709722503236451,0.45796687474147085,18.201977267255934,0.19484172067779582,-42.29497634079699
3.4230014155099777,10.415343895158658,0.7789711676186545,0.6903153844134384,0.7686004060486727,23.334015236855667,2.8576878601974456,1.2551912855085898,1.3678032993058746,0.7837351262356462,0.10178134787678715,24.906008221323397,0.17205550300505157,-39.825999127958454
3.4196532707132445,10.361854923529823,0.8820121237845769,0.5531823879010798,0.7233445729793935,24.2847519875978,2.871560112756077,1.3127022252690865,1.3318577348438383,0.796044601490145,0.09114684626570771,21.210402100781668,0.151673431445354,-42.1797564312258
3.4311671364491607,10.33354105658939,0.660273855551925,0.6038648271937279,0.7377462772204183,24.91494687075307,2.8243657485032494,1.2667286290428457,1.1814133749686628,0.787295453831759,0.43832661024244896,14.63427864037091,0.21244274285384468,-90.89473208883605
3.4069359909353225,10.614894710479144,0.8568298029300141,0.5770771326663882,0.7490064769556299,22.49719420947116,2.813716329175805,1.2263423752459988,1.3396944102007033,0.7036924774805305,0.13591666586787185,23.544871739782558,0.21564189968914246,-108.623737181539
3.4284263541599493,10.740904278819858,1.0074845946600166,0.6913447769442058,0.7666355013356547,26.32926642388464,2.788086310351601,1.1285520977092762,1.39161389902045,0.7411791169843538,0.44122370591907595,24.379084195836192,0.207769638492431,-93.41781695026678
3.4382253317257003,10.409881339654637,0.7445026690952803,0.6000836348870098,0.7482694917866658,20.429389214099324,2.7609175568825637,1.2099982903575617,1.1530056337850825,0.7569846563182135,0.03470258222360856,19.353551586168766,0.1907784186197753,-26.277090784177958
3.4281102232242406,10.58088807286591,0.8585740846958054,0.5554795334573916,0.776475820966671,27.155445980953356,3.247372868449064,1.2214530922413018,1.2833949124283905,0.7542990384131056,0.09177269508646563,19.61368055933079,0.15656917493049807,-63.16177687757528
3.410673562078699,10.572727169757991,0.6581475553566368,0.697628680527696,0.7671101270120926,23.159289373054463,3.1468142099777205,1.2055606236376222,1.1033000697306918,0.7967131596012025,0.41291686362185287,24.505792025073564,0.18363777566656359,-24.90830681684976
3.438045173954418,10.429248353581958,0.8179137803050138,0.5817444718102146,0.7493339231298561,17.41898813436661,2.8374978521671252,1.3618394922529105,1.2166521295632537,0.7065913631217215,0.23388284322939065,15.321934495749153,0.21177370369195933,-29.15977097448078
3.4247648049756494,10.224899942804841,0.7123444741227803,0.6078962706820751,0.7107540009910044,22.85164581868709,2.7574619745229105,1.3391678476384594,1.3570269428829087,0.7142696479848285,0.4972278492041182,14.54030283459892,0.17955360578545104,-93.77382263457301
3.4205367186856668,10.381809319184493,1.029223343817074,0.5568656407566435,0.7459215197459835,17.45807205403702,2.6699223093961004,1.3760127663249717,1.3132516969266983,0.7015778225546603,0.05623369638225684,21.068009887851154,0.16478889175250466,-33.42977586940731
3.408865027619298,10.230655768436291,0.9464519891089054,0.6525509983848556,0.773896392789441,15.62472623169983,3.212448091713537,1.3784480941339985,1.120693666092283,0.7181861398731989,0.42719604597515215,14.53052395232151,0.16460118145809113,-65.55324777280333
3.4107082619314077,10.47458071185061,0.8471559304114399,0.6407078767724854,0.7737964722269334,18.777791863140187,2.7756012816519173,1.318765161045788,1.3474295302362347,0.7398410838408409,0.49442188528334174,21.987369405872506,0.2013780628827352,-35.73057382196801
3.4356492241869234,10.439625669738309,0.7870573780288798,0.6167421202820563,0.7371855501999943,22.153775078048625,2.948311606967168,1.238674819660661,1.376081152511966,0.7901716960753798,0.4255275254615647,25.510943100501045,0.1633051186423623,-41.173760877977884
3.4188789083291753,10.797780621597814,0.6884810932015432,0.6168160082277304,0.7229472749475956,27.949858590059023,2.7752532448150817,1.149584087538759,1.2518773300852195,0.7440350917942823,0.18472468585553029,19.406747274171856,0.18863762418435348,-13.4215842608061
3.4374266975182293,10.697909784856604,0.8177078601886537,0.6291750106193417,0.7546245693580105,27.76970471248292,3.0548330730227726,1.3660128250290464,1.2892431697181093,0.7076761412737939,0.14287959827398988,19.112235962647794,0.20557137978159623,-18.218902886991273
3.4180397129329743,10.027128290857837,0.6624122966164938,0.6868606747533341,0.7182681386668488,27.880118161256533,3.2218955273561454,1.3250072698021005,1.280859418659342,0.7400266711426876,0.3258373245924438,20.188627804636013,0.19363567769121204,-61.31533528361062
3.4140994853173603,10.21810159159466,0.7293584229306325,0.6205679579649357,0.7474231506962714,20.44542720858201,2.7336843571508305,1.356114956475198,1.150379717101826,0.7135665854003892,0.4180208093585563,20.717695121998776,0.21908040523711853,-86.2189647845943
3.4029243436498713,10.779829937302464,0.924638367009395,0.6882396752546691,0.7390795191099175,22.731982333408865,2.835884672900901,1.117293564969813,1.3328387075890182,0.7198167795740233,0.008814473871369832,24.370572532032654,0.20302781436830242,-105.20938482721564
3.4351630290900665,10.656125597341461,0.8280245869155431,0.6174452221730703,0.7133002120348471,16.497943709302543,2.878165896015512,1.2553488774676487,1.1532254925263936,0.7145924399003294,0.30710181445425766,22.832006402937864,0.19728131675947674,-32.03113390040053
3.402336851845551,10.630648856524893,0.8969107446768878,0.6634048003246715,0.7521185660510801,17.261937252982243,2.8498651495773304,1.2741562663584654,1.131590902048465,0.7949654701488603,0.2134318519484691,14.150768041026256,0.16307953149428947,-92.87887008349978
3.431131344722301,10.000073180084513,0.9752388434914881,0.594369133286161,0.7193171069220908,22.50342573968313,3.142815273722827,1.1663474451923417,1.277398819947941,0.7225261405574275,0.3264115038139849,20.720279757812378,0.18118957779236736,-1.7983711406509855
3.419500340036645,10.219965958016813,0.7739866358090471,0.6784473291990039,0.746844995042335,16.39600141492294,3.106374272230331,1.3070371737963866,1.2753166917346654,0.7867312641803927,0.016192252384832337,18.101300809948675,0.1713548620765675,-18.52072332715595
3.4300068825025285,10.855332511229102,0.7474906204420559,0.6421124287399006,0.7771686116093453,17.62549509237764,2.7358292170695107,1.3727847043050303,1.3245253147837142,0.7613873951182726,0.47918627287777693,20.235347391175747,0.19128352961816916,-101.0630118274052
3.4183117217751136,10.162304365285628,0.7299981395315369,0.6632227611755015,0.7562186312924263,28.247062357603205,3.218681966307281,1.3292357135485238,1.2083605156462087,0.7119499106296941,0.4990719653751227,19.121809823880255,0.20976519683158176,-104.49743588530036
3.404904057826115,10.68254784717629,1.009981873942761,0.5590085863121416,0.7099671729749792,26.42622535215098,2.76491148473898,1.2832576671811744,1.2624315871682859,0.714906021507618,0.014913738499719748,16.31387853528052,0.16811448944042617,-68.32354259038169
3.427071132551864,10.501829817214011,0.6831807765477638,0.6925587456386253,0.7094993815490213,21.851479771581566,2.679772043264343,1.3858414768555338,1.136762274211502,0.7576268544304314,0.016471804318378285,25.91230407256101,0.20122681235846993,-13.178372471948663
3.4378822617804774,10.579626972431944,0.7371833848730601,0.647200298487387,0.7643323667258618,21.13071432641798,2.865032424159392,1.395000766837057,1.1190089617857977,0.7288193106684442,0.4631943452187378,21.40524520889378,0.17691221876387742,-27.11787676683261
3.423657770836378,10.169550504149234,0.7275184987537319,0.6093761169524278,0.7125478750869243,23.359205865718366,2.7363928717867747,1.1424191837777262,1.3909897571080996,0.7167090447337715,0.40395465939721753,19.8698467070399,0.18640578429307597,-71.32227834676574
3.4105102697202745,10.20523286344573,0.8854049709224574,0.6288587841608996,0.7007720198150241,24.357439543107404,2.7615316217931336,1.3520166428404958,1.3721042943924315,0.7977545962552793,0.034569479214918215,21.269815365306954,0.15614352480302485,-27.717882374559636
3.4320597341850276,10.598334809757116,0.9452915792611329,0.651327429104547,0.7223391876617775,18.77573879793402,2.7851933411274223,1.2335623046265938,1.139935701444547,0.7008727746101824,0.022373060442042205,25.41640576906022,0.1566014554205697,-21.336816040234368
3.4011145548787516,10.077516614801246,0.6929593358173372,0.6334685949999604,0.761178695192036,27.901121952620123,2.647231534297929,1.3027608071106385,1.2984093921472708,0.7625309152723339,0.11130512209067052,15.140325394800394,0.21960079490929402,-102.253579392433
3.4338107562038886,10.557358615426415,0.6923435929165085,0.6978590622265901,0.7357890787089145,21.364026189713705,2.994783094775065,1.1916290028959595,1.1890665165787384,0.7235821191474997,0.028598205660623547,15.571060394409006,0.21507039643496964,-105.87821858144008
3.43402812045302,10.282632168170714,0.7366032528920876,0.6608829486088185,0.7416418659616165,20.764727381257615,2.8241805077937308,1.2705814284181611,1.1995150982050884,0.7961913546401963,0.11436796386073748,22.526799755287637,0.1841988244975512,-12.555311103267599
3.406901021618234,10.026818347638757,1.023651042599195,0.6741281846470073,0.7355730804327367,15.877161347985334,3.2369261755655416,1.1860870869738211,1.1518148006363282,0.742999640020025,0.14076224186118982,14.82916663580431,0.20289894396408195,-68.54697666708763
3.4298245338377686,10.41720390233237,1.008248961416641,0.5861181971286832,0.7187238194170787,18.6557746073145,2.9428629595048688,1.299961927683216,1.1397368136239994,0.7534572047031487,0.2883541828347561,17.854436767010952,0.21725892137687486,-97.19992263730113
3.435218008237138,10.258892259766508,0.9174456131055798,0.6941764495881273,0.7387146690791426,28.078821570401374,3.20495078456702,1.3471668145205768,1.3197678248669311,0.7551557013807296,0.497456717416648,18.080326982361797,0.17571023800591093,-53.84119771929315
3.419999582119924,10.238208259760418,0.8569335247599379,0.6794180266866172,0.7121243767834686,17.58707029288681,2.79612156902852,1.3652390749200678,1.1693660542707116,0.7506378405466613,0.29471831777180146,18.490528521694316,0.15881626750083924,-22.98582373768508
3.4158526557414173,10.169605520207742,0.707034843308024,0.6745990299730671,0.7113625086442164,19.788007165374125,2.901463591732309,1.2958421728742828,1.1757272066115179,0.798127880373245,0.22775967897160726,14.988003907347151,0.18991514902219872,-120.3795111980334
3.419035437051783,10.446808218442818,1.0031001528018855,0.6847051998639471,0.7130626072751433,18.13879938190785,2.994693576179471,1.3579138164239921,1.1749981876806086,0.7904057799425608,0.42424392468203503,24.39241193153046,0.19010724579713267,-114.6532732072496
3.4048923789756977,10.851841399698708,0.8062296536676159,0.5749323433951098,0.7361016398431788,23.57879738529826,2.9690034084353716,1.1670993305985808,1.3242844504638314,0.7143411236014813,0.006509550505589731,19.839587046501467,0.2009417677690238,-80.5595679299453
3.4106102580782753,10.276175135467831,0.7794242365677375,0.6986864536365204,0.7257084042570093,15.358205561265773,2.7720172254642628,1.1945507862954776,1.1797265557260244,0.7039475227196852,0.2417372919466878,18.558218849445094,0.21997488117612077,-80.01940459922604
3.408896602435375,10.761099849272243,0.6840856035914202,0.6972676836616682,0.7043971550400511,27.46502686538691,3.0864669163383724,1.2216639790784827,1.3059228475773574,0.7402503631641694,0.2813452038302361,16.139122369948918,0.1856824039453639,-119.74718128703367
3.4369980741121333,10.47620934167654,0.8092272082252616,0.5886142109784012,0.7438021086625436,26.074550017802075,3.209599130464717,1.2301147624640754,1.3771015777621078,0.7375194950453715,0.2503847510858118,16.47972256472005,0.17651286581866132,-22.35471426014992
3.4169006977390604,10.276697336685855,0.8289760192060163,0.6051508571470563,0.7618905276456435,25.909248944207675,2.9929065695786634,1.1899909067818026,1.3523483642970686,0.7281242427949287,0.4005823591838735,25.597770486068498,0.1723515335547031,-0.039096456494490894
3.411716149380088,10.110782446594753,0.8305080337458622,0.6278761977925258,0.7235351175300857,19.708024003772024,2.732539200372763,1.3206797181031096,1.1540084995472741,0.7099806080244492,0.14273609382542318,24.26901399659442,0.20978451056729752,-73.97403684356541
3.41447179008212,10.146230813027888,0.9033601934133135,0.6098938953512218,0.7298061453775573,26.300360637759766,3.1130686163683294,1.1532169433786001,1.365988827523927,0.7236105620681623,0.4658853327710137,21.40804997858735,0.17515730473438218,-74.85290875993088
3.4350612531096085,10.648624246524676,0.925065042018483,0.6902601798485496,0.718926616318686,26.991785917361682,3.0704389136286783,1.3185627089270364,1.3675410269761756,0.7854108434017316,0.2387278397577942,23.349997011096534,0.20954119643777513,-96.72217622692601
3.436570733445558,10.71475612668867,0.9190993389365865,0.5675127239547908,0.7688879766141954,28.339851091726587,2.7915659171532297,1.1823339905585788,1.1849380857597647,0.7800939479572834,0.09489949404120943,21.32694533194193,0.1782962535438185,-16.895045939845687
3.4219195247401712,10.500870554264836,0.7394302708982227,0.6446274298746983,0.7525549982680808,22.368246262884774,3.081664035014108,1.218280580745804,1.243499855573455,0.737199265723791,0.4921937635640608,17.230210152916037,0.17143229593301004,-3.826349816517407
3.4122987270924914,10.464920436291186,0.7434244490911197,0.6498268974627016,0.7755779782623241,27.196007890217253,3.234398200190112,1.2164446847154617,1.2418859264303737,0.7664608970499305,0.36369494668321234,19.789203913701723,0.1954347486618735,-101.52096990590613
3.4337324582708173,10.044546386365857,0.961870919217177,0.5421194676392287,0.7332598184239976,15.298162532288153,3.0588633186671914,1.3000880371999755,1.2505422239311113,0.7849340818950222,0.28609651097431243,17.481723657813976,0.187154137437725,-8.005344724865353
3.4316899109407792,10.095443259147288,0.9970295674688741,0.6844962176712235,0.7066723154934781,24.893410268617806,3.07979609666899,1.1511956511005677,1.3336719946187963,0.7961584980899071,0.4267309346978062,19.57429500844963,0.19258198117678615,-61.080805393652874
3.4362530766886525,10.617013602817316,0.9708487963285858,0.6445897217518337,0.714649003512082,18.025220816872007,2.736196901180418,1.383476294707779,1.1530373725603011,0.7889256951764707,0.4080110791987109,23.507011661569877,0.17362795870010672,-59.919388894947446
3.4398769443294532,10.379463711381758,0.9322356384910973,0.6466208213437354,0.771785920254492,19.03757691416261,3.2417724174921743,1.3789554746344321,1.100472613788301,0.7190537208122038,0.05472787142908516,25.573615654858557,0.20135346663635936,-37.079697528862496
3.4194737096162813,10.777535596269837,0.7378660429287462,0.5585716380318292,0.7468609126523528,17.83600516836134,2.663803674725561,1.230519746330255,1.2888967180559063,0.7243107460925191,0.440684952569348,21.029624963359755,0.15728467652141406,-63.3304898210555
3.419919640634266,10.713504732977174,0.9199151556776528,0.5758724683502835,0.7171291773167577,16.63512937463957,3.200945496245418,1.2627185224254873,1.256977048680119,0.7813526245761555,0.37613372082403806,19.43847678219425,0.20659384867186897,-54.8849071854107
3.4143756786118336,10.773221314429898,0.8486876640307758,0.6275152878834432,0.7582427365270772,18.766967292423477,3.088823975779809,1.186282621750423,1.3131786473065037,0.7729297480542187,0.08263608716778864,17.93631010586398,0.15977863439912568,-45.49448125143468
3.4168513687358013,10.173377066425504,0.8377030849726608,0.5407108966483066,0.7725710412110685,24.928703115749343,2.8301582700908967,1.3299364127847861,1.3040555492987143,0.7412048122469066,0.4058336000995552,21.974371476979957,0.19041555872926977,-112.55760241771445
3.416309767817517,10.120791383762807,0.8329628590690764,0.6547281540836914,0.7698237068648672,19.44371681536646,2.7765410227948815,1.2202288278556124,1.189016608364257,0.7360532199773426,0.13854821295463562,20.018745866645993,0.21701102439730247,-5.219663296343441
3.429363427275496,10.190612216759352,0.9435077686265922,0.6696767509891217,0.7053006061076411,15.632207610830994,3.2282278161772786,1.108615490039161,1.1647355856563373,0.7122213042131448,0.44626309344796394,18.123597462911313,0.15191640728482092,-98.54825910131632
3.435973846794651,10.44706724443789,0.8677508204297804,0.6930159833156544,0.7539110082466675,25.401299744131236,3.055648440618002,1.2061936287042616,1.3876835759372081,0.725481997235087,0.04813039988016593,18.880504141695152,0.1613045289330291,-50.7369167479243
3.4134849384417323,10.550019130547343,0.9029026512615612,0.5756725408645823,0.7520005889386424,21.224892760235605,2.6584485343163955,1.194506674603212,1.273087071674682,0.7574194612397984,0.43275935485055533,17.42959160795412,0.19176842943707947,-22.04849948057614
3.424640838109051,10.510798888585876,0.6901649399339006,0.6925072928770866,0.7758044694100925,24.487914124884732,2.6936766726754664,1.247738103531879,1.295072505475364,0.7720874888568706,0.3235301522631499,15.783646057032207,0.1536059149645868,-4.450429514550962
3.4271212870501615,10.482484603937994,1.0161200138759354,0.6919301694319508,0.743079104672024,20.875167463352533,2.7673943126901777,1.3235294059270248,1.1154018932040901,0.766815216319779,0.09721146488620341,23.18223686803021,0.20552166178978315,-26.250691911242455
3.412280237526607,10.205808789836224,0.862445662623546,0.6473733292250408,0.760830513355352,23.293802138887465,3.1546875273914337,1.3888990289838625,1.3503033502949802,0.7574325711574937,0.473332713567006,20.616656585745584,0.18364753415511184,-38.69798601213303
3.428119919817269,10.619774355901416,0.8639959361656165,0.6863935058609278,0.720227190435238,24.354560543839305,2.9890819798182364,1.3188268138916839,1.2191126921959965,0.7627838892739224,0.09321275483353678,16.676593508675253,0.15491894643268853,-36.555065596460295
3.431982997140564,10.726408070375303,0.7967526997567408,0.5976644292193716,0.7240659620253401,24.01494937936465,3.0778483987438516,1.206534636501186,1.1623452468914603,0.7345091088409264,0.4054425480696135,21.53263770610308,0.15355809133896672,-19.514155304018374
3.4095382167390547,10.274070665787427,0.9923623036843088,0.6788408564400608,0.7636001731440429,19.73402882980866,2.7359457681447372,1.1514625724404202,1.3158061821828688,0.736459985812803,0.3184098250938351,19.25870090544756,0.19321647372534742,-13.287991587985005
3.4334338505648647,10.503898950463403,1.0204674497784045,0.5808132174092475,0.7168190138256364,18.382340979136355,2.731900140887977,1.3714634554277287,1.397633458515176,0.7541047063055939,0.03023023457275018,21.19854885146831,0.18409275576142103,-8.077500127203578
3.434799568186406,10.08163661740416,0.8702315753184908,0.5994736647963891,0.7251653443786482,23.54282395088793,2.7525250457734716,1.1888124154389776,1.1513032661120937,0.7079338040302605,0.25676709051127994,14.281556905540283,0.1814627503422116,-119.93838573021745
3.4287690105834656,10.865805273516266,0.9094958360844521,0.6089802060701438,0.7139089881739122,21.635000136930614,3.2418705427518546,1.3655844283843555,1.283373787679817,0.7651906797784702,0.4256247022070511,23.955677670870607,0.20817827824712742,-81.69799579182178
3.4230597778408463,10.610889297522275,0.6699676469813375,0.5948847927235736,0.7072461834818657,22.989299607374612,3.1182666045005916,1.1815714942368354,1.2713262537986263,0.7703175995509146,0.32450785604793414,20.913020892698476,0.15568038770995557,-103.53551916985901
3.436816681754983,10.138113852565635,0.9736172088256392,0.6960629035862225,0.7753936466161591,17.448964339590077,2.7956190799396525,1.3125900588835422,1.3085150020421297,0.7292904211964814,0.03357725913231266,17.664029883188554,0.16616939365090794,-0.7121088287264712
3.408592203492252,10.040472845951145,0.6996825490945386,0.6686728293406219,0.7248879845419449,23.061140676567753,3.2026606627777907,1.1019351647944744,1.150556468291451,0.7670362939375597,0.3579299341586935,15.712166385953553,0.19941250127354304,-86.59001620526594
3.4136441424703614,10.631003318487119,0.9644603131574547,0.6519060646749282,0.7627862466442586,27.438439131209364,2.8516250063932715,1.2411458817837706,1.385245280906516,0.7908317798655844,0.4756789922000291,14.727741893337024,0.17180533814486793,-90.32197685804894
3.4280406978039557,10.868701062413296,0.8023899663398885,0.5847795351938133,0.7042147095297517,23.47631429920279,3.038062195220272,1.2238968495235318,1.2714390672455642,0.7093959352667408,0.4829195942078045,20.503399765689032,0.19286236287895073,-109.16567987242522
3.4375256098585965,10.828412731343592,0.9201962023048161,0.6270209714510078,0.7252591759228054,20.29371591072663,2.6934579889397305,1.2287966479585806,1.2696001609235303,0.7916188801049748,0.19045130756085843,14.010386370971396,0.1825501593674617,-74.75612514435767
3.40401159612027,10.463408710636626,0.8444615740049954,0.6682618565111014,0.7291479144249664,27.674000194877873,2.9822826603674772,1.1165855611138822,1.3156355429463267,0.765381637640975,0.43021554385602256,23.519558038961534,0.18024406343477514,-48.885363716155624
3.4025147930519424,10.325408632009916,0.9066046590060963,0.6274519852382227,0.7599914515116669,19.146576780996938,3.162209390516988,1.1348598009979682,1.237824179424409,0.795715704901376,0.20664319224519212,21.263926060220385,0.16959622416426853,-69.85194084674853
3.407565396124881,10.759818577277066,0.8979118222082794,0.6701544017782581,0.7105854297465101,26.042526323334272,2.994669342661649,1.3289625848492748,1.1124904950217838,0.7254264497561489,0.4366718318569238,14.841913066936842,0.20440075828872195,-46.89066667975162
3.434452120211207,10.72531392053895,0.8423223222762866,0.6211453575433481,0.774564024020347,27.211301750140972,3.0545588701116277,1.1509301785411892,1.1908856360959537,0.7655169819659756,0.07407308216296046,23.677937335604042,0.1851693467705479,-69.49153614266183
3.4300282659778225,10.422065091535508,0.9283288150704632,0.6477043970375953,0.7097356677417634,23.585416601462203,2.9592086261448687,1.2850207591983658,1.1577192212649108,0.7554598895556458,0.2106037850985958,24.93588470142248,0.16057176880065055,-47.65240786311094
3.4120004305772635,10.260880484007753,0.6584944516459914,0.6908720456915182,0.7273894314541184,27.609520438208,3.024248770941603,1.2498039936900385,1.2198639679141308,0.7562813999107412,0.2630787876161899,20.980122642320097,0.16462027164160642,-77.94249691632842
3.4301181686024957,10.59987858410369,0.9137664158860428,0.5776154084049148,0.7464937599113599,17.515389053779785,3.092383454342475,1.363123695029888,1.324627851407934,0.7611781969817567,0.14573345676563057,14.944558018997373,0.19629498967111808,-29.913616228258405
3.4088605381948227,10.820028009189528,0.9800139591037463,0.6269007991331488,0.7237661773454062,17.70822627600549,2.8785551611159033,1.3869961801387185,1.2451887821746137,0.7392908081060442,0.434822744766322,14.130434891039224,0.19281476433830505,-64.09376323647402
3.4346782349625418,10.714617947683756,0.6968977159982468,0.6685661889029071,0.7306379988067984,21.41651830003767,2.7786365067568757,1.2439971867104131,1.3340543425885247,0.7370582998296012,0.4516213901197349,16.141202093114718,0.17719057842578176,-63.362753996776895
3.428568384648565,10.58274980449661,0.8766549217395905,0.5453131588330921,0.7768780198618569,17.94309160072358,2.771156891916715,1.2941734564722436,1.149004126247222,0.7090748514501446,0.4285086217059892,16.55235792023853,0.18714683704772675,-93.32140760142883
3.420117574476611,10.117392774087824,0.7359180679190693,0.5575833485926224,0.7555569280267566,21.688492562203844,3.257095592087359,1.1306431715964786,1.1536703646811828,0.707171594033075,0.0626142195809123,23.504931151999585,0.1594376199386789,-27.39337688655347
3.4244575251679463,10.820596677895159,0.732700733528955,0.5418379480793664,0.7724505684689723,15.995762802982428,3.197914560672709,1.2868628424537965,1.1151790884026431,0.7167816317022851,0.317876438015352,25.734820918940933,0.21682874179125877,-94.85834028747266
3.4309637054940216,10.412721085863225,0.9894518699515411,0.6865372282435884,0.7425651274090935,26.663659458584704,3.1162215841454306,1.1168267954742335,1.286238002508052,0.7384556893523236,0.4400444409387469,22.574790141065044,0.16625254495507147,-21.5271671542952
3.4162263840515728,10.010477709060778,0.8648162238930869,0.6140958818405322,0.7125924809835883,16.97562764844963,3.2030155348914926,1.3546086664517998,1.2093494709583175,0.7428892273328281,0.02293559751577555,16.536315900873586,0.21798869827960637,-81.69060236941847
3.4146960443506567,10.172168852356776,0.8922169502644105,0.5502180738840812,0.7183514526078976,19.063421014517075,3.2347811199847043,1.1290664657867282,1.1964417663406188,0.7677013905974774,0.14938002055672622,20.740532333113805,0.19890933599241606,-12.443345276287303
3.4080386641902103,10.042920617874433,0.6938367526235926,0.5979670152776219,0.7449684272158925,18.190016995802303,2.795685175406512,1.1712761444397284,1.293912640673054,0.758159309451736,0.34766965254714455,24.667404852786376,0.17002001827964383,-12.67689155788662
3.411817041346806,10.043832109768484,0.9771445666950361,0.5560565345406127,0.7194695896830522,19.447468263830157,2.8006041624891584,1.2375405105971322,1.1448490113541545,0.7736181555745897,0.02026209433789486,22.071690176210566,0.15000309568005807,-51.04470934764426
3.4183719986071885,10.507586089053232,0.9977289605972484,0.6180513669308049,0.7497189088614401,23.34608429681679,2.7926674938844904,1.1956250085727138,1.3944255561439725,0.7411646626505485,0.20726413771159927,21.815165882568103,0.19244869079502275,-113.98464192567882
3.4109569836920666,10.551275642730467,0.8161663849111684,0.6044895434993136,0.7731170087181548,18.57025774278685,2.85129308323176,1.2178854404248118,1.3880002152965523,0.7526446710868208,0.32670998513891003,25.940443614441158,0.21571420418406245,-45.06032994201024
3.425493026427615,10.754055206478345,0.9606878608650345,0.5437312082119601,0.7627122658887399,20.61165838750492,2.828157037653644,1.2422852227023546,1.2826581324294828,0.7131036632286412,0.07545337174954714,18.712384000272063,0.15321931728395458,-83.876408110917
3.4035410526925283,10.686272012856344,0.8864563099447534,0.5463606052070693,0.7225537819076743,15.333653468114605,2.9685471806031436,1.3494378059210297,1.1892952983137526,0.7453086055467739,0.24626935651225415,17.25739359048972,0.2043337886465606,-11.121063150951656
3.4174619237320814,10.419254944488529,0.7551447652258835,0.5678122977928746,0.7024539273791854,24.805549902820697,3.153698956963061,1.218425628365972,1.1219685669551953,0.7617614675246431,0.2804470891776163,18.584496758193495,0.1528632449208996,-44.37217341998186
3.4002791415809854,10.574346312277088,1.0038951968946455,0.6725474623695191,0.777711145457926,25.336648501247176,2.9474779309051744,1.2088386266697535,1.1051148185107593,0.7757908376733057,0.16041468583486604,16.350376236749778,0.18417248854089857,-70.76446764103707
3.4119129349988526,10.668592587459614,0.7488173263038264,0.6501127603461399,0.7050053074527646,22.552358592820546,3.2402994858448775,1.1744840267453207,1.1446388994396135,0.73277221715759,0.1355378869793039,21.443987832256703,0.2089230940281348,-52.98902701389338
3.4207068619184833,10.36385371157197,0.8230685203731593,0.6329682509008232,0.7629858279050414,20.132362168341096,3.2296601436455292,1.2972976413400716,1.3488045713837993,0.7685324565218647,0.01131536577083663,15.052128115844901,0.16894493059911048,-2.350104746280607
3.42741128231621,10.549857520934834,0.8171987485040898,0.5791397652152885,0.7285677798573008,17.587902440230206,2.9501271825418565,1.2312649212699938,1.2664017251063093,0.731084048526706,0.41653489665554283,18.205035283559724,0.1514671542889159,-70.26996662958999
3.404049129743579,10.1434086504681,0.9576616873804065,0.5501405792229932,0.7691144161177003,21.145269179667196,2.7151879545819146,1.3034537564455528,1.1484015196876038,0.7000543836686023,0.036722823459589916,14.583619398005192,0.1980298350349625,-59.24557771825519
3.4268915065672405,10.15784046773388,0.9519158972207227,0.680364828533619,0.7000133633842494,18.08609446410553,3.0013299862454748,1.2294470222867517,1.1301781832521287,0.7381010662132901,0.353269286758252,23.285793735325488,0.16755748953428393,-100.46528415781734
3.4290242039661156,10.883451013365994,0.9212919599976443,0.6762823203619621,0.7122079488538766,27.023527974115712,2.853193526400416,1.1104395275289654,1.1152264322584404,0.7850687273180229,0.1037194284001123,17.541533026188365,0.2039843377029003,-95.96365603875391
3.4351836294371,10.711266660923746,0.854393535108102,0.6151493560981098,0.7459413170408168,19.496909063923745,3.237039836459517,1.2747493784176813,1.1320480246920532,0.7486555918239203,0.400536123017893,14.154132968916448,0.21261745147947425,-94.62026402452058
3.419288895961258,10.08305875845063,0.8112017245984353,0.6192107843949833,0.726382986389603,26.20362838486166,2.642388777906232,1.1211662272861591,1.220629314015759,0.7352269064104483,0.25662005936827365,16.644094981753362,0.15931504630311216,-23.46968586075812
3.4212091638262536,10.163831823623575,1.0143454494702042,0.6966231447486081,0.7595065443024046,20.035997154434973,2.949800198488779,1.1128937576804234,1.3696258389085048,0.7992871963413909,0.3145972197224363,15.393756222451549,0.20231821864973248,-93.75757295090074
3.42561532850875,10.602163508821413,0.7324438545112858,0.5458108173892098,0.702930579708191,24.5979418840578,3.266598982714436,1.158311161274596,1.3013408750884665,0.72688712919931,0.21297673096820877,14.288856346150055,0.15825140763994577,-21.64435264489397
3.411630991682028,10.292173177564676,0.9697128772922214,0.6752704392878042,0.7075484839882221,24.528974697524085,3.057562129295948,1.3539703256549056,1.1816130735952535,0.7862140511205433,0.2543954324670379,24.003367683130094,0.1615292482152059,-100.39747265736221
3.415515309757006,10.897724916316989,1.0017348371886439,0.575928046994127,0.7010312169801772,23.798910694845993,2.6995934642630792,1.1813871371952147,1.344122310834734,0.7487465821659108,0.3325804823768729,25.03937418559255,0.1982194180324976,-57.948506059766146
3.4358219749982912,10.48328075887051,0.7720845224358766,0.6607571106507857,0.7034893801183332,27.337614846370407,3.258660868357623,1.3299104939414286,1.3513216225436158,0.7847683287871907,0.4031388559361844,24.6377359279293,0.1683278723630172,-91.70749012018742
3.42033199990393,10.12539583745719,0.924934275485515,0.6069766572790393,0.773905804651333,24.78898882244116,2.805963022196921,1.2487237257806532,1.3130537169669259,0.7083619113324848,0.42612598260781615,23.227141048019725,0.15348161634069715,-54.962069157743926
3.4048306401539423,10.88270057202051,1.0295416449543071,0.6503136172183412,0.7481539412799313,16.86184048622614,3.0612987888662655,1.3336556489005829,1.1921903948188912,0.7927427705558068,0.022024124827473835,19.288935455994206,0.1706891146447744,-34.12672400860569
3.410743532852972,10.6723416127901,0.7162823785442191,0.5656648120037934,0.70261609312175,27.400020595186696,3.1534729769141148,1.3254702324820808,1.1549215175692686,0.7083015307420629,0.43814970468814657,17.37048709196718,0.19729320731172723,-56.06928761699223
3.421559724713345,10.641067980592176,0.7480716747700473,0.5810759651021128,0.7044099715880352,17.918215599148034,3.20125492583014,1.1728802290731821,1.3443713875369008,0.7733657934123109,0.40192411788738314,21.263322964632994,0.19995308591423125,-116.94136609436524
3.4086124478866444,10.838502556035486,0.6809651692552069,0.6461674077110982,0.752563260768417,16.993170927688976,3.0322270565685243,1.2099154529533054,1.104073471007592,0.7336270161879572,0.4763749203898139,20.13412979263153,0.20387663795182587,-68.42005496566208
3.420209170764539,10.642190625969963,0.7502496708157698,0.6246225767346328,0.7031177321543118,17.26628833023411,2.7855188379057365,1.3029658365988652,1.2230866455761087,0.779769446672625,0.48825307428063836,20.144587660236592,0.2162082579081707,-116.70348785106029
3.4097304675026154,10.405544716305101,0.8675640050130866,0.6470007720136279,0.7424138665190111,18.016763809752515,2.9188731156105634,1.187175610220277,1.3145052784812357,0.7313294267536441,0.12589339450599718,14.622939208989987,0.2099754852122261,-106.0367859940609
3.4048356627919785,10.243104245232384,1.0296104142675637,0.6776849682212905,0.7599636883046886,21.360936569953417,2.8378762560615174,1.3427839789526905,1.214936682988367,0.7487831007737322,0.49791826931508404,16.840229020980733,0.21659551365881624,-108.9497270434947
3.4270250690151265,10.343905534358585,0.7994919241527472,0.6284439870364815,0.7703346438277991,25.410560602386568,3.151776981374586,1.3452310206315619,1.134044749415588,0.7367405997110141,0.1284634691551144,25.714766369907636,0.15038219052928117,-88.80224372501746
3.426640485439473,10.729472583662538,0.9334399095094723,0.544702747246415,0.7774328482276048,16.407335189114153,3.2356941531642898,1.2609156728412814,1.1690794066024295,0.747533563720872,0.2968534636614675,17.018130581376834,0.18659443245939147,-95.66109001107148
3.4047440660209927,10.3512961726159,1.0010038283117926,0.5951330241166362,0.7127462414447703,22.707152268966638,3.268986633300425,1.2541514538301697,1.313144679785852,0.7467709721478334,0.0819319068697581,16.677435492159596,0.19840558142032574,-90.40498501165042
3.4004837710096623,10.520068644994502,1.0130401392867996,0.581864093598102,0.7504672850289862,25.373844243403695,3.2061069227263763,1.2767759380931214,1.3689251869632664,0.7431593035046397,0.49154662559677603,17.37389443263401,0.1515403884768851,-113.44779656024977
3.4245678958151404,10.797487600638222,0.7329177841828178,0.5567720266097963,0.7052452661828659,26.1611888706545,3.100801890773896,1.3283578104231757,1.2211660773740554,0.7673993661700181,0.12493662633469309,16.07373112941467,0.20567905776899675,-32.04252531431918
3.4321657807009274,10.682928697191072,0.6945452433271962,0.6183582566747343,0.7082898314613987,17.936318054529668,2.7587656499655084,1.1576186874999663,1.295714460572577,0.7367886617410171,0.47540897030923684,21.425514213909587,0.15806620031238489,-41.64107798883188
3.4389402895122294,10.81928903668131,0.7692018255814005,0.6396262416926844,0.7381559045095977,17.435729063304453,2.794716916518415,1.303900397811813,1.215841070773484,0.7797372158437124,0.3091287897078655,22.520046832136295,0.2094933515301322,-9.140003670590318
3.4339625173458743,10.637518712643235,0.9850607997040789,0.6621185164933853,0.7138698838028541,26.245621313921625,2.984251349483963,1.3005801242514066,1.3625920138697891,0.7506779436075955,0.4083100354166481,25.0576916081299,0.16999701000894638,-23.822714566645104
3.4381562852763934,10.855928086996592,0.6668615748781902,0.6569189550721019,0.7275704592978036,20.089074200248927,2.8793831273690933,1.2317104781737152,1.3672871106712507,0.7492770411954973,0.08524556949590491,23.847083643068274,0.20488077617838235,-41.39619595241338
3.4048391189208242,10.018846158008271,1.029490036165568,0.5672542857471147,0.7621628725034411,25.197875968930756,2.8382513825285267,1.125632408127749,1.2464800784156784,0.7142430209488595,0.44453133095496017,24.756391397692845,0.21897868147951538,-18.748882033556043
3.414437705348592,10.760685696196612,0.9055474873949889,0.542982163386512,0.7716000493411427,21.738013046981397,2.661115713043068,1.397452325690827,1.3475308760178943,0.7441662767413361,0.3072689005398758,25.189933971690245,0.21164430410155727,-97.9476003961201
3.4047594543566695,10.630790742234677,0.6694675067220941,0.6535580385741031,0.7772323135022311,16.015479072940106,2.9894004611981755,1.1277777705454186,1.2238448921833482,0.795197496816898,0.06855527917085646,22.48818333586277,0.18763857417103624,-15.418342644956311
3.413064870138055,10.56479572131114,0.7570705190471756,0.6039757683193683,0.7521499338364636,28.238724599951325,3.1669936856574292,1.3219060117027006,1.1713685529331752,0.7480488609289166,0.29038820352322176,22.018839087570207,0.15573948016239234,-0.3627184053083852
3.4243778516433947,10.752202438345488,1.0259888575490577,0.6869030405324326,0.7525792935570998,26.360903399441824,3.250566355706762,1.1086636971998713,1.2743476281111994,0.7591728054592217,0.4719241787119982,16.297944151291208,0.1862429558718737,-87.67913772431083
3.4296289481395466,10.031712204136966,0.8729539340810034,0.6460597126210116,0.7347960735217633,23.720472728595638,2.773716587386505,1.2514059841639302,1.1297466069611597,0.7458245395168869,0.47255289743255224,24.467753279941515,0.16377098443335675,-56.36546195449958
3.4087038825239238,10.30416290175271,0.9932600732977057,0.6449243458464945,0.7245874530170686,25.513430928305795,3.0667811662113733,1.2360606118088957,1.3350520896360134,0.7908774166550655,0.11043733984271532,25.022687833286565,0.21469062326242044,-101.07884817970714
3.4097244828531856,10.60876660581501,0.9857679077079746,0.6782931685650442,0.745463115331644,18.595383109181565,2.877828344067572,1.1119976964126295,1.2094684685661636,0.7384784603159462,0.3568406542933967,23.303627105220713,0.15613006192659584,-79.04544804548975
3.4259924863830613,10.153444663685223,0.9663757288249625,0.5541853566631814,0.7544685360597008,16.70975683229402,2.7175282724607266,1.3785677412682198,1.1224270100195028,0.796557646734357,0.11027265062562941,23.482370059211487,0.20328918737588608,-22.059834178701323
3.4007764897207227,10.575226179329821,0.8028756653379372,0.6240969840092807,0.7617852031936373,25.24173271127553,2.9796142767943414,1.1769408173259002,1.2226631896065534,0.7833029473229838,0.3248531141632676,17.542753521752225,0.18759134699263003,-88.83247463154962
3.4289822286486875,10.01256001980907,0.7069972571660581,0.5501810787869515,0.7366745126712599,17.436948392511166,2.8717138999081833,1.264100659146813,1.151002590784556,0.7755503201176817,0.26442863694861113,18.626041761786233,0.20386666539219925,-42.8718431786763
3.4298415765992822,10.180052127564837,1.002287451426771,0.6422081445792204,0.7517968209620142,18.835214286144858,3.027820121700827,1.3219534087660942,1.1317489120460977,0.7210397140889936,0.3516004575147568,15.756333367848416,0.19551531868242913,-38.50050429935314
3.4025891244055697,10.848497320428152,0.7619425497596232,0.5613348991072844,0.7604559545714459,17.439393305458168,2.9712454925828964,1.1815177273505788,1.1076345798453082,0.779803086209439,0.3529842540087914,25.692947860912348,0.1607125755425649,-20.71908634962537
3.4196355122225337,10.85626170470229,0.8933500708519779,0.6989451465676411,0.7099394571751505,18.50248537308614,3.184513719761813,1.1385281444398647,1.1191407550253727,0.7868932614580715,0.23040787244285904,17.253566722203885,0.1834837387538804,-119.87865771960321
3.411665306029247,10.877868694179355,0.8200783122430793,0.6820062495045733,0.7320199960295256,17.68810919128448,3.2441649057133497,1.3710977797450035,1.2342891278548003,0.7044532254514377,0.07564359849412268,15.314987451734218,0.2167462340106198,-65.7290496447165
3.4266187870873828,10.75267370494406,0.990914458047734,0.6253629365375974,0.7063177814934679,23.999091162098125,2.96967176181881,1.3028385738983435,1.2554690175497556,0.7297310828522701,0.4525807462998241,16.854317761282697,0.21359997204547232,-52.943511606654795
3.420133997458039,10.711753891773082,0.8049273520658147,0.6055560564152127,0.7078020538802446,24.47152766263709,3.2397821955883632,1.2408172038235015,1.1479763430351737,0.7129361477807815,0.4297910925220545,18.24927164188577,0.16397676704084363,-83.20836539980642
3.400847456620223,10.154132726986342,0.7836978449228835,0.5476636421181618,0.7066125298057384,21.585466059215044,3.1079583153757175,1.3747227791081114,1.2526816768220852,0.7523240236587633,0.452202976937308,21.575124969614198,0.20460516216527377,-10.420327989617647
3.4366349370627987,10.419682191418083,0.698383812227989,0.5565365937090408,0.7201007692583536,20.58974703417458,2.7622228499794588,1.2914647601530602,1.1123814159468524,0.7402670198601148,0.1186177889336573,22.713048141091814,0.1567708227534897,-24.182898378537146
3.43063125651345,10.825357959692578,0.6785602198605595,0.5475272917956606,0.750443295186378,22.352179184574528,3.2445857352876653,1.260744187819851,1.126300886517984,0.7082915487265626,0.1458838644614689,17.443025648936022,0.2146542758708861,-74.20440820023902
3.4115044947815663,10.028626463872943,0.741587054090434,0.5998919030324196,0.72832152513076,20.602386807193678,3.2108674622736264,1.3913611803231771,1.175866912376727,0.7804147107303776,0.3044879785657294,22.663474085701147,0.2119080307032211,-53.34167336999553
3.436641761930775,10.261925602515046,0.9251326470600576,0.5662136916774761,0.7448204228678408,25.35299439875487,2.9862846703818695,1.3781898306133253,1.31048626526329,0.7707891803532234,0.08452438779592762,24.656791522795192,0.18790934861034556,-99.35978111104765
3.4076426360952694,10.165753117282389,0.7510038586225637,0.6589364494484795,0.7747501525244598,23.91256195260457,2.7194998895800793,1.352900837075353,1.1457818174422834,0.7662995175625872,0.032812813287757335,24.74537068951109,0.19194229785826783,-5.477317791595368
3.4013834089782256,10.534047512513457,0.9317836637612273,0.5654001677052735,0.7352896216769895,27.453831389332777,3.1394614928488265,1.3156661911491374,1.359153294138571,0.7314678006984623,0.4840377526095777,17.75685176328972,0.16771304106605842,-90.49375098541049
3.4169551524515254,10.873308773805485,0.9279117522682805,0.5516064663724143,0.7330942990531576,26.643407143454056,2.789642996820583,1.1654468895183663,1.2744213262856625,0.7843441291608468,0.21364909385579853,18.26910655562286,0.1946779990757227,-13.214990119259838
3.439766776019152,10.579846637901666,0.761538326630734,0.5963866132981875,0.7037465666397128,15.918566785568355,3.2522006979199958,1.2062007962361254,1.143560852512487,0.7210648620228591,0.25003363298939496,19.051977748977173,0.20392019104582357,-90.46956149878977
3.401962756184188,10.586531991377848,0.7473394855862927,0.6645920632098743,0.711839970789091,17.323474190775045,2.978884592487072,1.2227876449106176,1.3100383588810178,0.7780706199502064,0.1525655024446335,24.806057210834574,0.18828242703849501,-17.544724435078393
3.4372972534493864,10.341663484792726,0.9772800822715297,0.5753985387107028,0.7223687943695507,27.223696732064372,2.7489476350360973,1.1569814182257505,1.2731519469562527,0.7122546333581343,0.14016267803659596,15.032257835154333,0.19258919570841704,-44.73653929571505
3.404932173552904,10.881264571938337,1.0212404432348494,0.582328428220206,0.7059166319320813,23.119433704026697,2.956157722694606,1.2862866892227518,1.2016731560520735,0.7021152265409025,0.02963087361033166,25.542845342487407,0.16300598672584843,-67.9148777339235
3.4148925968292945,10.584967282108405,0.7771237797423108,0.6056735001366981,0.7523546353269149,16.534491601758052,2.833329938596138,1.2894398026516498,1.1592461070034998,0.7090877940177738,0.4130472985173857,15.157200952284331,0.17798314449345137,-44.451392320712145
3.421586126524701,10.140223546844517,0.9206264988571135,0.6400328790684378,0.7205102569943556,17.72010337482933,2.674737962916068,1.1700104072180024,1.2752193879569884,0.7785888738283853,0.49492449009714695,24.567534892250222,0.20051101138729588,-99.94082060450651
3.407913265056988,10.452939543831134,1.012709325629474,0.6274200632637632,0.7267611068332296,24.704444696194102,3.102780594197263,1.2959159389921135,1.2439647398840865,0.744474589568726,0.41416874669424747,16.109649434058028,0.16561250782387135,-39.21279165405292
3.4177160067576935,10.603719787801325,0.7489534056118509,0.6967688358735004,0.7663255101591079,22.347716491977597,2.6413610411746724,1.1983525340088832,1.2400845124259896,0.7720606005358637,0.009577667789872877,23.814116123717135,0.16908285137108553,-44.064942000082354
3.42197700582276,10.837748014021189,0.8444876053503708,0.6010546479409485,0.7708371157567808,20.359825316171882,2.910254123514415,1.3844367357961915,1.1989183557918535,0.7635125858679512,0.48349999266626675,14.805352635050543,0.17184718384697117,-42.34515994111713
3.41560800322892,10.854513251119247,0.8892336782158841,0.5874857090676868,0.7585784177330983,20.984873596786752,2.9924354426598097,1.3588484178577627,1.1617461503238866,0.7808933111873341,0.22344787024485796,17.01194254649935,0.18335969957605874,-96.39941237898353
3.436126051103285,10.510635518112423,0.8526012817908132,0.6393181109478191,0.7426865289355387,18.72947106104132,2.6554093356015387,1.287235022212731,1.2701714167979412,0.7617230239340004,0.22928638082361968,23.623503621858923,0.20576595499494832,-6.06360977974218
3.439582055623508,10.73263793204215,1.0078047886263997,0.6146478864285356,0.7197335888475913,22.110382663857536,2.8061304262682727,1.2131293422937697,1.3252291401851946,0.7960900726229683,0.38157662577986845,17.235946702862716,0.1717747708503462,-9.489469707248588
3.4004510504257923,10.153212436240128,0.9705442541930804,0.5492292724387045,0.7661285571132691,24.66863136827841,3.0568149578324766,1.1643238073017823,1.1309272719304493,0.7915204436403529,0.35738726780310537,17.859780077421107,0.21927577697427472,-6.568363231341266
3.436473682005294,10.458147083354593,0.6621181815788147,0.6602421662381301,0.7741122040944963,24.545664207294617,3.011841745463772,1.1571706192851345,1.1921583327534502,0.7383739367169099,0.014120965430188577,15.057748725801575,0.19632501722727833,-104.03984482348436
3.4342318595266805,10.427698944613118,0.6851487273078753,0.567876528876509,0.7263560976694866,26.95559273377571,3.1441726216426047,1.1692328467852766,1.2674908201480861,0.7091875811156383,0.004369303985039956,14.4348751472717,0.18275325581460083,-28.973909110660358
3.405790660313513,10.442333942262886,0.9202842560236697,0.5546528218248397,0.7462523924758085,26.451963631075817,2.7299872885881897,1.1232404770929798,1.2671829677228867,0.7739470719821318,0.22195178999000145,17.466684677745697,0.16272177998129098,-45.80291409732932
3.437937860126065,10.212531871099584,0.6678143154911554,0.5918727493690935,0.7265339079830473,17.4033151380441,3.073352910665043,1.3979315830925587,1.2040851106418446,0.7616904131309526,0.22770257140223893,19.70315005522712,0.1614118603884404,-7.662682245425444
3.4350221765017386,10.459106926690424,1.0226189846348033,0.5949832603302704,0.704445710235844,27.258452227495063,3.1096194228833705,1.2143256587535713,1.2200218125683777,0.7488723240972763,0.3490146534486244,17.5192540703721,0.18499612227932977,-90.78093346594335
3.402446677780217,10.25964426214674,1.02829713510769,0.6683469466258936,0.7468321200875443,28.317860919198914,2.876463092046033,1.3508697961314913,1.3103406701042188,0.7442020989209389,0.18370115614915425,22.302578912608887,0.1768627184460077,-7.157227914135376
3.4261507478246758,10.273480770700639,0.8562362651512481,0.6958775589325158,0.7328133376234558,27.243225180636628,2.880087879563319,1.1972078841754308,1.2956139759591756,0.7094712051904244,0.31591941898614523,16.2441736304906,0.166996136225335,-75.44554125140964
3.4326223339427853,10.406652827015966,1.0123524658048464,0.5499664257940995,0.7581970524948364,22.298318825968703,3.2496276812114875,1.3764567384491224,1.3183959842890745,0.7085229823620327,0.3379387136041938,17.0416047542874,0.20607946542300384,-91.98918160633934
3.4149628638150187,10.81963530756168,0.7185518071112557,0.6146864933746288,0.7339014857708861,24.76299736603547,2.708006009978067,1.191296499663875,1.3618478151343543,0.7751250573085086,0.006791130072339103,16.78352242312831,0.19438712131708688,-57.75229957252988
3.429873332971692,10.120344954895941,0.7538376486119673,0.6239953259613576,0.7470121620057107,27.631842957875666,2.81896594911946,1.284743041376299,1.144592128145051,0.7238821493579332,0.026491906568206002,24.52427936202034,0.16424983157752784,-41.59936712133836
3.404169500599665,10.123993720284696,0.9750050793870276,0.5455816831836205,0.7033588810783753,24.57952471460507,3.0860547191922585,1.2063651774962092,1.1002851761886467,0.7507117719376142,0.018507043993934248,21.44185577529355,0.188315408245297,-72.42012489723751
3.437511465074906,10.763426392750356,0.788920329523003,0.5759567742181474,0.7571254175643151,21.347545242805268,2.7167794442432087,1.2594995363899537,1.1604723552457745,0.7860522289118845,0.18660146485400367,25.037348965672486,0.21655307404037677,-85.94974204272017
3.404874529428509,10.355402007378302,0.9075407744001673,0.6874622273686329,0.7580910552800557,20.747679065284615,2.683033928545212,1.1993920071205666,1.337643195622309,0.7726405303440731,0.29205456420194437,15.142129251536433,0.1511081036724294,-27.406665365608504
3.410811654930676,10.489017056894399,0.784285228399066,0.5931198580516545,0.7553008798100943,23.06847190963686,3.1443142142411262,1.2654940995679367,1.2233347451116847,0.7833496625581436,0.41083533059663,23.55359510208316,0.18834128907919054,-42.152391230125545
3.4056426998371974,10.414062032158345,1.01170023863308,0.6478891601670934,0.7628518031078249,15.58936461870521,3.2581380814152165,1.3076389656606473,1.3967290187801187,0.7202155297479588,0.012135115788685528,16.294871740883423,0.17567354261109253,-67.46456258159283
3.413809294501526,10.353866243463179,0.8488005979981187,0.6421406693634817,0.7625871067149846,15.515784528834965,2.6738500365897675,1.3248200281522062,1.358748365805976,0.7051657079446769,0.0026389460783975832,22.55742311805374,0.1748986161357039,-116.22891500217762
3.4049871487989813,10.112819509545897,1.0197166789728096,0.6565612034681552,0.7592903453771679,27.339508013768768,2.7051346324466605,1.2664550811032804,1.3431624905413087,0.7821374323703895,0.41664348857321776,18.341151434913208,0.19966594746685817,-34.36711208349371
3.4323782056826007,10.533418637118633,0.7424866023234561,0.5608569866074479,0.7015960565054022,24.96022007918274,2.817631753637183,1.1440621841103864,1.1150478825713823,0.7849509492791578,0.0037473892978802698,19.36981088719768,0.20572962336629538,-103.661363164919
3.400058381961567,10.277637394056537,0.6632616873201189,0.6552957231795106,0.7746468662457857,21.917666869119245,2.8470119398771874,1.1091689621028327,1.1482250256232813,0.7220029459782703,0.09120268749773053,25.29766664450253,0.1605578900853486,-64.1406562400511
3.412532171314316,10.201110966018794,1.0270824120236801,0.639985483377025,0.7636364547859452,24.543794033901516,2.8174786739575075,1.2439037676043623,1.3106527917353707,0.7277303624544593,0.06654852430877102,19.37454461168383,0.1993241704546574,-113.28333058803793
3.432334431901612,10.671172068931963,0.8871256798195141,0.6241259860806088,0.7160079279379735,26.679590294941264,2.6736848367890644,1.1136027760381761,1.2699305184425824,0.7403575069981357,0.2796689781496943,24.580364097035407,0.19917801524244344,-40.37397275744202
3.424491680143909,10.52969570883853,1.0191266554143892,0.6978381745843262,0.7182056667399118,18.213372739535668,2.706752323230314,1.3320983959822912,1.2026506924770788,0.7662540159777489,0.3955661753624336,19.173168647475794,0.16159779117485334,-93.26359139242437
3.421892295778715,10.403299549485142,0.9871970903919208,0.6486894918441224,0.7749292390588032,23.045474540728712,2.7060729214077606,1.2477575929385138,1.3197441251562918,0.7789009078161045,0.28305650973605984,19.731154630328533,0.21085580573679547,-123.07141641278207
3.4019039438310643,10.555419831697023,0.8020372903735481,0.5478463085360887,0.7171148791520293,23.315241483893857,3.1753681275586008,1.3093558673473955,1.2071915353765563,0.7199054331264253,0.45261895128427704,18.138726080767032,0.2134783150111395,-49.44777722419569
3.4190305992829786,10.04309725764141,0.9143027783734894,0.5412179634853985,0.7314912004995306,22.864422559677397,2.791335621543328,1.398486758893701,1.1772715353595278,0.704305226074449,0.3537071635024674,15.482919722922958,0.17857721359540565,-108.84138015458647
3.4155192047688727,10.228870232291394,0.7121758596295539,0.6786606582612664,0.7018455113953591,15.658995695563139,2.8618544669568293,1.2994348732247833,1.177003338216101,0.7902550163168304,0.4841992046511889,23.18524304208103,0.1981872161974707,-17.555600622716582
3.4266712864481144,10.36310260840507,0.9323926845731432,0.6090078966881427,0.7366523362360491,25.65921564610475,3.1533860361939956,1.2752948901360812,1.1552288540180073,0.7297163833217527,0.3322982315110034,14.853149807825048,0.21005852806039965,-116.36527861140065
3.4216113269900914,10.895928300678474,0.9198077219559049,0.6691084870801106,0.7229062162627641,16.69673874205512,3.173306527250306,1.1245506533167975,1.2309102349232977,0.7846466265322584,0.12158139016214035,22.133129286115043,0.20492823343475752,-48.054482309265154
3.41284802426507,10.051533327951676,0.7349740225591148,0.6381159300877091,0.7779253466633431,25.293927968782,2.7318292272994187,1.3688476073087115,1.1364412190543778,0.7943576996391081,0.10250993862969676,19.030305633148117,0.21339154527858906,-79.91746265300367
3.424191299941086,10.131852035728267,0.8248143496661904,0.6045474282851816,0.739378411439139,17.887031034781046,3.274454398652492,1.3403455806290705,1.3956474214327084,0.7064641785811538,0.319574135786189,21.02913378937582,0.17024035257636488,-12.206235384683168
3.417135430533767,10.425249348490858,0.6860208043724026,0.6548653116060648,0.766454471966562,20.443451913317567,3.060114500937578,1.1952602359336983,1.2527413106667185,0.7504066932911867,0.37157408849546647,24.914304167903694,0.16076994439334805,-20.618299827898326
3.4372692655989145,10.581879388462896,0.8344244637816438,0.5738246925561462,0.7625741030265129,18.7763912293142,3.273366220180112,1.1427441354411862,1.1355133094909526,0.7638426006438701,0.16241747986099112,25.421134932810105,0.19383885266972845,-90.43871017271084
3.4172439429876458,10.789672185379441,1.0006588549532394,0.6541518195667861,0.7029980955023989,24.972386643095454,3.2662455173888585,1.239875667653994,1.2632957240323377,0.7446572764160909,0.20421604634694301,25.186601412079348,0.21272698361784273,-33.240908144787085
3.4347164650992617,10.109391698716827,0.9783435196562652,0.6857749551096766,0.7363825119690863,22.783723450425477,2.861036643334217,1.165929128917088,1.2473851422162325,0.7386946442356528,0.19069411681845128,20.811543799906726,0.2019108816941018,-57.773136447189316
3.416374865206012,10.25526139663331,0.6809206320786532,0.5498957870114091,0.7156304744063173,21.839763249890886,3.127126261698297,1.1542447409658694,1.159371612058381,0.7452986071086616,0.07393164854493671,20.41541307874337,0.21931273388981937,-104.49285720440452
3.4150415079812495,10.50538630472904,0.7736283829621327,0.5950101021187126,0.7404119248176464,17.084780937771743,3.2292886908655927,1.3322620943717323,1.2267222628032826,0.7022283550555304,0.2312941868563736,16.478035329709133,0.16446323448214203,-95.69361306174204
3.4058196286262854,10.671947130846206,0.9251903701093698,0.6637388628088349,0.7226444045552632,16.71545037462312,2.9550450688120637,1.21938838237115,1.1264639898057116,0.7446948152121105,0.18942336006952448,23.948484752647566,0.19168761014235158,-41.97350852174628
3.4203669413118942,10.667100419610787,1.00580434894607,0.6937748508086296,0.7133579874759468,22.832497797417773,2.6606830149635803,1.20220336223434,1.238884485716141,0.752406547268209,0.42295554513435046,18.90593411430809,0.2022028569914317,-41.83404664585858
3.4185478025978235,10.768631561708338,0.983263566943368,0.6602380570577495,0.7229612942896649,25.790881026423236,3.2164099869487126,1.2357824219132454,1.2720709258077203,0.7520461373986087,0.2613438424922669,19.67545349393395,0.16640343971728896,-47.26886895814627
3.407170953906457,10.674322630564816,0.6903418899427747,0.6020333559619557,0.7417916095755928,18.63499255670242,2.905352121322512,1.1675291755043258,1.194977841924171,0.7858157457533513,0.3668164569866417,16.460553393090617,0.15176828812868443,-63.23117994514882
3.400706426441355,10.677869074701448,0.6993102749928702,0.5895259642185298,0.7272244833444119,15.708405023863474,2.9519368223590194,1.3470706940682227,1.3707993216310643,0.7782864610541731,0.185239728905415,18.67021483702866,0.17186112326800096,-61.0665138238621
3.407479072191875,10.029999629908279,0.7550273824038535,0.6296120944681496,0.779599467902749,19.173578422802123,2.7714448787383072,1.1759853811329957,1.137028216040438,0.7513466278825552,0.20171390652224966,16.53156618886045,0.1592965545090768,-80.03620158941203
3.4174471757275735,10.8296869925472,0.9892596852937217,0.5588681986345745,0.7347280749347405,22.84134314653713,2.9372131653221607,1.3732039415078003,1.2187873439196306,0.717469138744303,0.2521583268503502,24.832791163349242,0.15789967701962493,-83.49249675137071
3.4034005962875384,10.360993872618625,0.9087399486083246,0.6137775296874919,0.7017478845179478,25.869533002578855,3.228984518499571,1.3978797326285317,1.1401018963533958,0.7215817134712023,0.32065729099185514,16.697677279978922,0.1743889315448633,-24.346751010189777
3.4137013197819908,10.058796381783159,0.7521352715341525,0.6540195224753772,0.7353755892256317,27.1180603816897,3.2501522050331784,1.399755068973186,1.1725612113219612,0.7397134881585248,0.4534429310371081,20.79029505449943,0.19103064615973195,-35.86079692592679
3.4109752390627026,10.333799431123557,0.9301628431917134,0.6685054932346427,0.7172350128803029,27.38347634398088,2.9063720483239357,1.2377838587467729,1.2690112512598075,0.7452513255008145,0.40368835123182567,20.425488284259025,0.2024376043790606,-13.001177723829386
3.43566932904626,10.414342363426469,0.9984203568626475,0.5821680613274671,0.732600314390038,17.0657965831738,2.805097823751338,1.258624274920129,1.1677611687418055,0.7927397266782861,0.0021427874078508644,20.42416788463957,0.1515061564038873,-118.12411100159021
3.4185749530113796,10.841132581565667,0.9582546170912521,0.6424412193011646,0.7299162161116943,19.31966750669812,2.709417305377213,1.3470374372951945,1.1513410501185406,0.7971302970554421,0.08766539875779326,15.5605710383164,0.15420252242398674,-59.67378879562574
3.421197811690726,10.1931771820192,0.7281184631545868,0.5841828813954406,0.7181707486925117,27.29839455943425,2.963449602902746,1.2582965087257993,1.1922487324199715,0.7941269812904055,0.03637424395275262,14.055960994186645,0.19454783359882025,-5.53976716274498
3.407141097230707,10.631522210968487,0.9631974485624368,0.577126633102396,0.7498430869835604,20.98250012428706,3.2435554301348835,1.1283523722706603,1.3325070307886264,0.7513538342819772,0.08330646594449446,15.1161359040094,0.2120557117004537,-5.646288493547999
3.435171484382186,10.563273791190325,0.6955486966366295,0.5712857068710443,0.7086407797152571,17.009933818945502,2.715284095452698,1.269059143730425,1.1178622182648241,0.7555264063981644,0.3051427627801337,15.731217697100405,0.1860809671404912,-84.21795558893825
3.430163961779139,10.215962931770447,0.7478845837013997,0.669275497643059,0.7517147573410585,23.234989986069472,2.9285251726133876,1.1042943454974863,1.1341483751312926,0.7866318015434383,0.08873649311829346,22.452510179868234,0.19775357495489934,-45.12527251859072
3.4326528732189914,10.730172563545109,0.7314230001148025,0.6651283250321207,0.7619024491959449,24.65054598792519,3.250202424297722,1.2860669493482662,1.1957186485312619,0.7232796958085246,0.3501081211133519,18.61459505657968,0.17605128356300687,-44.28019194751056
3.4046231861317007,10.551856592159709,1.0258065404973906,0.6464132051469549,0.7385437903672375,27.965651840585494,2.9474010118703573,1.175904202635423,1.280462674213949,0.765411131919255,0.2532465485484729,14.429736136256746,0.2107570359374773,-111.25854166532959
3.4114550246590136,10.198750580682594,0.8405077078587739,0.5884908256623854,0.7709612402045546,15.469146573518845,2.8976313090109134,1.1446820876061103,1.368878522962571,0.7613758831653025,0.48919825325980837,16.34168684549045,0.17045722045471742,-27.862537683214427
3.428695692810276,10.10849052505913,0.9679088412030021,0.67034683072995,0.7605938135203919,26.183854825149517,2.71228891120987,1.2623949924671654,1.3161532843565096,0.793506759210062,0.2791593950409954,18.860917278834968,0.16412414137903797,-4.922161274580844
3.4220074526177995,10.371709455836776,0.7450430295925619,0.6895086121041089,0.7607201884723692,15.320476574013497,2.9782246230999636,1.3738618616093548,1.368558666035434,0.7677754959411733,0.30925566807457855,24.249522834389197,0.18948090800212208,-3.6879767806725567
3.4071490247523646,10.235366522440152,0.7338266983925499,0.5600378927619613,0.7261538932478833,16.42306840024792,2.917096110424905,1.2456227231976305,1.3457909923038232,0.705729557168816,0.36770468846731375,15.177626717385643,0.21980861378477273,-64.15350910174965
3.406232090111092,10.278998982897189,0.8208487363381285,0.5888759439873148,0.7747196438850263,21.22839831003661,2.9586946661471627,1.2869031096226264,1.2289681379456494,0.7669457591356611,0.412231314814877,23.62089925887759,0.1611188638731272,-45.510300608761156
3.406557886602713,10.71276103506132,0.9613092161709083,0.5643571566862255,0.7363556868234027,21.714876148920787,3.178483756638457,1.3122757838353516,1.3789908477120947,0.7702029277893101,0.13278682355558785,14.467418595669105,0.17850505518741797,-24.43727465421435
3.414886959539789,10.835965475944626,0.779062891552934,0.5816036313698223,0.7088338160423134,20.80441028134153,3.016997179698572,1.285622645052166,1.1063101884101971,0.7863889314268853,0.2438016999483512,14.485078637058521,0.20857757240091251,-66.48376712730766
3.4374422818312262,10.896782503635412,0.8945060871509826,0.682240535390843,0.766870029517239,26.83291293212933,2.8038751703670224,1.101736341016337,1.1455111757544203,0.7958915884567064,0.011728430017551918,19.267694148118043,0.21059059897931487,-102.83100951965194
3.4282874203246188,10.184460192736548,0.8151608588052502,0.6965063842880825,0.7210293640308592,23.484351146288212,2.7831866767978575,1.3620502659649345,1.2383051456338525,0.737307953307377,0.41411141025277326,25.738488361270697,0.18177847602000047,-70.17228615762562
3.4176502979156167,10.050028289889212,0.9398229196020589,0.604054222550146,0.7294722258978925,16.155036603161367,2.6578343269228073,1.3507076773102553,1.1711722892057395,0.7899026342776966,0.3266438662867933,16.621601620061796,0.19419141004679766,-63.17463871158321
3.418174771561816,10.33483801925285,0.879776856225785,0.602937609453145,0.7268877687467183,20.10401499783338,3.0548610832118377,1.1679607113888553,1.2988793230427207,0.7732514351916046,0.34025182314468905,17.472421441423126,0.21868326257853204,-2.97304736898694
3.4074141183452893,10.271710250841076,0.7831543882226839,0.6246320056152279,0.7598719102105592,21.84325587450237,3.069834968754419,1.299107104858609,1.3816336901804118,0.793337676061315,0.027722539465868872,25.723594834589974,0.17812465133758285,-76.85622527050892
3.40943940222909,10.699617183649835,0.8107549370986239,0.6570269713399435,0.7517313322872167,25.254789183159367,3.0684073221815233,1.3228095367309225,1.3782730894133035,0.7780918787156977,0.4527139270542912,18.07533315273838,0.17057844121874235,-39.37752718010975
3.4057467690507246,10.36791447923502,1.0270501200148097,0.5462617436014436,0.7566435132395528,21.66882180899404,2.987708202353444,1.1818520982261296,1.3456504290471805,0.7997011296612206,0.11476894584007474,24.80442869467955,0.15512042094091907,-90.59074072670921
3.419354977649988,10.206249970003524,0.8337547905005549,0.5494587301521502,0.7258875213429713,19.718461759164647,2.7690295875569197,1.358086613494927,1.1213645347061871,0.7773123530677873,0.483247061263478,15.793594207788896,0.15112376858416315,-52.571696468792396
3.4228514928155356,10.24845806268952,0.7504228544820234,0.6318196036810027,0.7180688189353819,15.343030765873182,3.107030210019564,1.281107120354888,1.1430429310144572,0.7219314885703736,0.32276336063625666,14.035539064749829,0.1778031915330107,-101.45050531766306
3.43969896706899,10.154271896986454,0.7374398443471881,0.5631236429918433,0.7793770419879825,24.69783756272409,3.2712973378652124,1.1350543045493926,1.1441240560151213,0.731772353537723,0.07118047628188462,25.520529220022333,0.17355111260490072,-121.52668247878266
3.4145767007048846,10.461083373828405,0.7585712041635181,0.5673162287539613,0.7642213401594218,21.261189201282253,2.851159495334194,1.3078590550388993,1.1317787657830847,0.7030423055139807,0.4676236949811726,21.801127945192498,0.19411853125353837,-103.57496811183488
3.413097630966974,10.425414008213574,0.8706769156594212,0.6792096223910282,0.7667323329391595,20.06324673912242,2.7557654409977843,1.1483387009665271,1.3340015581331943,0.7552766546070546,0.45759343586444595,24.785430287161983,0.16973652967609656,-9.276325733045198
3.401134000788952,10.249567278072904,0.9731532325992949,0.658820119888429,0.7727290519489625,28.29655131926514,3.1366184165441964,1.2038218405795693,1.2011264007846083,0.7724426596834599,0.01902550898534371,23.654640328336832,0.18760908116225805,-96.24608438153204
3.4077214486409515,10.527265047259093,0.6954286881260926,0.6885083542583528,0.77607368810092,24.438330118305128,3.0881468903742335,1.165815526361939,1.343675102112745,0.7016902757939154,0.26665004012434734,18.955828026194204,0.1506789105610984,-3.948564779108125
3.414306288717687,10.85012580136325,0.870917032073019,0.6944980711433436,0.7126555141709582,25.919310926600573,2.6490589086623855,1.329726521578777,1.3554762899045514,0.732587158811602,0.14744377031190242,16.641798780311472,0.1699107523506038,-88.15419953773817
3.420435017832249,10.20559131846463,0.887626969868981,0.551155217954728,0.7411825774683523,16.588332181830342,3.027505247222834,1.3998410678217064,1.2550678925991252,0.7644876468958228,0.07997131248995126,19.093351216470033,0.15668713667492834,-89.29176788485181
3.4343092566728424,10.250988804412922,0.7016650210414599,0.6153553897852473,0.7215778421169001,25.37913343519898,3.165874172355957,1.3438049452581973,1.1259588067938575,0.7978510925649828,0.4373700984676537,19.319753239738134,0.15842267160234597,-3.207470318480887
3.43311515758217,10.838833457427432,0.8807185078085004,0.5424680851801293,0.7496310293282291,18.2843666436487,2.9046859495829387,1.2757749157788423,1.2509844160230792,0.7966620724263764,0.45026217972679433,23.75536231286742,0.167865436013379,-39.5776049817531
3.4335238240587653,10.361789120239358,0.715022090897344,0.575643839922596,0.7461059075155568,21.419834799496797,2.6830879394966214,1.3378529609873386,1.161668938983788,0.7969687495661185,0.21819720409279514,20.47150117526592,0.1948615557270687,-117.75566371963318
3.4022556888249134,10.554783418694496,0.6850210159294021,0.6549530406445816,0.7119005413502515,25.993498104924832,2.9955489311260908,1.2736055207786257,1.2480628597467678,0.7710797193807304,0.24962327772455714,15.370783567160219,0.1500552546866584,-1.6826527734688739
3.433848555640512,10.795793599858511,0.7772769880022868,0.697476971335691,0.7724292127596712,21.877201582383783,2.7332397906414254,1.3874631978650038,1.176208028559308,0.754819536035411,0.21029269035033973,15.544491201125775,0.21452824938913564,-47.31575770351088
3.43429152807643,10.479502451960967,0.6607603859944762,0.5744140235392393,0.7250600920614323,18.613352017752565,2.775007064603721,1.3436556500945087,1.3416579203703307,0.775280017688557,0.010076774521971185,20.623562958138535,0.20747386097792497,-44.69079769088941
3.4073723261252353,10.602437905326004,0.9144346088626727,0.5512914644138087,0.7027345245224417,20.597191143623988,3.08519850393337,1.2545814222105978,1.1708851276121306,0.7641727715093459,0.19205494476098534,22.82099799771703,0.19830772332970775,-15.553010480083941
3.401864212619167,10.710806997379866,0.9878080880018683,0.6546781603371647,0.7041849339036385,17.104765969866165,2.821097400775403,1.2134317163034347,1.2644983526845588,0.7134782445282114,0.4262469531777917,25.89112129018678,0.1729443375720719,-20.394251246590272
3.424261170680563,10.382234683036947,1.0023398172537,0.6203404986146388,0.7520098881793551,25.011649631390167,3.146597613196129,1.356638142452437,1.2984657819442058,0.7858883798424863,0.38088963041946805,25.117052660449957,0.16601530588862448,-96.36425830072777
3.4336659417980067,10.490139586980883,1.0036792214031705,0.5403329176014771,0.7219493496042426,20.55366834999574,3.135573928853172,1.2616886235339015,1.3315971405399374,0.7367135402040395,0.03879867980237239,14.792892001588367,0.20435830553137355,-18.211289086154324
3.437450582375601,10.890536058473883,0.8868305297116528,0.5720985675167706,0.7006940929799738,25.16371023301735,3.081215012708118,1.1291741734343026,1.3838967776726196,0.7487716642082979,0.337987345827408,19.914608709236283,0.1680150186051863,-34.50737487002503
3.403789720172504,10.86134551008328,0.7770652768329369,0.5804899814339788,0.7796724602386227,21.94248734302426,2.8699482267148095,1.1475210195106997,1.3846400642001233,0.746094532721318,0.26413549766773686,19.89596421396817,0.15266148443319472,-28.069588403955095
3.4382698205961235,10.117354266329357,0.8683126793038086,0.639547641847899,0.7639653997198896,26.1133304538656,3.0578247543343595,1.2613420129427322,1.1255466576315896,0.746129293308068,0.3833230570098742,18.68753173257076,0.18780135013729246,-63.39807497169269
3.4392248051337244,10.037218995147454,0.8571748628030919,0.6322329401370179,0.7163475514650237,22.412061072159265,3.1919481137693175,1.3009795096175056,1.3137385155929968,0.7551444507348808,0.15345923339635556,15.993105748149887,0.18538104568098834,-4.377001557558458
3.4116044022546443,10.47535713807696,0.7687454305855891,0.6678584158603643,0.7617379629519324,17.29609719514676,2.7086416748245146,1.3591735671702097,1.1312276029131474,0.7974901692614804,0.49512646059007565,17.338579505264327,0.1679029949849196,-21.275234634875176
3.4331044183215105,10.683381467189148,0.9914117110194935,0.5704728386559718,0.723259206744842,20.66440118717253,2.9968271439073964,1.2200184399789982,1.2660467731843683,0.7127295662086016,0.05591990766725666,18.37051390492032,0.21231921498758763,-50.74856299243227
3.4324382772193993,10.210627255262258,0.9474071173222571,0.6471705961662763,0.7525698770629863,22.900680949889924,2.8830206231246445,1.2706470952657811,1.2898617655049978,0.788272088181512,0.3218278068976989,19.512191623814854,0.15809058632076164,-91.75714649095991
3.410517551394767,10.023373694798078,0.8953464184336647,0.5723274363326287,0.7112406189622796,18.68598122566658,2.735559262299208,1.1744923263674854,1.2760898502057838,0.7489685399025566,0.459175163436705,14.927613921573325,0.17322322616385596,-71.21556082422423
3.407717726170989,10.014373466656336,0.7463732781922666,0.677863295749981,0.7757817665374946,26.23225322008578,2.93748454400424,1.1774313883482628,1.2460732079142034,0.7928662735860568,0.47172189325770586,25.425454579551392,0.19690927084718346,-4.306696920475005
3.4222931840033004,10.618036130420155,0.8796077542388867,0.6166971404425303,0.7159968127999427,25.61394872394296,3.246112008311022,1.3751189290138879,1.236515140773391,0.7776566542474626,0.11514249155500018,16.708070526154327,0.19787209535165146,-58.271294533263585
3.427652939146865,10.347769257997692,0.8671371824673111,0.6730790216878924,0.7431515479322454,21.368786174224805,3.0027838988787274,1.2694930416857606,1.2558944826130294,0.7654395512216738,0.2503387518598371,14.069782111824553,0.16329673385917762,-56.189314858637246
3.4384305820885896,10.411394678854446,0.988941363614413,0.6110485672354269,0.7588466327949649,17.463645034184577,3.1510803737023405,1.3367890130466287,1.300106046082788,0.72684724741765,0.05391521934288083,19.94551351703501,0.15575188527469813,-67.96007162093647
3.4204484159002457,10.251759308119972,0.8979540292726904,0.580374572958053,0.7139950877588772,18.710365708065748,2.6552669561230853,1.2562540440034176,1.173765121434908,0.70150577565365,0.43859430161976004,24.274830026298382,0.18586968523529124,-35.16671513741747
3.4039188847350976,10.02925706193367,0.8840006069632742,0.578342004822524,0.7103180682063329,23.289935230122516,2.983296470530517,1.3180453848273495,1.3137127110815638,0.795180864383588,0.35731426844115205,22.325144852962953,0.21525238977561545,-6.351438248876605
3.4095116927884375,10.438227872670787,0.7255604936157596,0.5693849387859018,0.7202224428332921,24.411257741352408,2.9025024972360334,1.1673921336349984,1.3119765947252382,0.79092955085033,0.15947675429754413,22.4495771293949,0.16305370351207976,-71.11275690571699
3.434755633836247,10.720828081213366,0.9178641480687426,0.670935262475898,0.7258670028732149,19.343174884816655,3.1000072679970603,1.3154807185224313,1.14763095407274,0.7732422476867495,0.12268806104146013,14.295496896741916,0.1984043350237582,-93.88418437996148
3.4187197945360213,10.310518336861854,1.0237729528535886,0.569891070587313,0.7776120665835685,17.521376627000343,2.670402906840671,1.326435062836211,1.2859987730624522,0.7505879010501857,0.10388548221657036,25.927660323071112,0.18858902316929832,-122.60245610118258
3.4347235695123595,10.721165238586254,0.9173465185114588,0.6377355236802194,0.7544496937086064,27.793147410057646,2.6597885383233506,1.3655240228303203,1.2232554862574196,0.7509975710425947,0.37801320795440396,21.401679795294744,0.16571302376015645,-116.10325187492211
3.414672852438325,10.474094066942476,1.0040025678406075,0.5765255652892737,0.755685532390236,19.424318228401788,2.7467140530716083,1.389479584145954,1.2929633678504353,0.7044746294844961,0.26923367797529646,23.90991153165291,0.21950548952653845,-54.869244091756926
3.4330229512362997,10.01993806664195,0.6882105495990769,0.6230306199670039,0.7595742814251993,22.974147334551606,3.2071494777245446,1.2005476313793195,1.3000623059681256,0.7224304628108347,0.26491573005171026,16.857696901271943,0.197858143425908,-69.96838163674066
3.439705951375378,10.093810245308152,0.9952865228033729,0.6663114258086614,0.7788707383212758,16.872980390052128,2.6840552221615863,1.3348086999001665,1.171851131686673,0.7475974757813328,0.4896250423021536,19.364691824610585,0.17974814043953244,-68.09155239173751
3.4269353366966127,10.171757620667446,0.8396206373275508,0.5883868001003808,0.736050488270823,17.260136790831407,2.7525800276920416,1.10303042849487,1.3094255366126928,0.7346782975966349,0.10218441290170872,25.56963333529216,0.1683640994816189,-99.04365461390663
3.428414104894801,10.757814819344368,0.8414035097032276,0.5815830897803453,0.7327852052661732,15.424195827167608,2.8258547821665605,1.1977243063839729,1.1878923249160602,0.780313361746728,0.4345932007500238,24.279357439852348,0.1656743803543812,-120.30922680523051
3.4185847628358887,10.876789346269168,0.7261149003387752,0.6971816473510593,0.7596260167891281,25.479717058097446,2.6761764127437275,1.1709366248950843,1.3843095685490148,0.7149582543051979,0.04883548940587572,18.824689527388962,0.17788502170764411,-11.66481243754454
3.422660500045098,10.582602796151223,0.8690869762148208,0.6746307101623517,0.7368231486684614,20.853001097660076,2.793783698302681,1.2831555264508232,1.217869192947112,0.7451084059448085,0.08244242788476532,17.911257094423455,0.21477918358931983,-30.103015153756658
3.4262124123390483,10.450644729363397,0.7846982109148002,0.6139354669978309,0.7228852807852626,21.95192275147062,2.845229574407189,1.165050621393382,1.2958682010658915,0.7069189872255819,0.2514607027833163,23.609372215531266,0.18276653164299722,-17.477525892337212
3.4255613598533996,10.098272378724227,0.9083575260434559,0.6043426006739459,0.7299119775197974,16.74030866014036,2.8902591383868863,1.218357955657015,1.3367617800375822,0.7925133263309992,0.23711169701159138,25.99030344249846,0.20027626399705464,-3.800488237794113
3.412808387570814,10.225523671893786,0.7404069890458377,0.5575160151891151,0.709018480934221,27.41860814269402,2.823944700028335,1.2238272975705482,1.2392268682425183,0.7068668770992845,0.1825172851615296,20.95724179703865,0.2159517013036068,-37.83542244720833
3.4356286488109062,10.690177564668458,0.9930216024688462,0.6926791775504525,0.7445893734560178,25.001983415755483,3.178373124666467,1.287874237154122,1.1830135822201526,0.7653231561398403,0.19041882459866008,19.865437150329814,0.20729456257788048,-3.741628082281892
3.4331186491633816,10.622598540338137,0.8402290244195312,0.6687027353111291,0.7741802545331395,27.77244431396203,2.6826008182612897,1.3482305071376264,1.1477349621718562,0.717786282659049,0.24176772757148107,20.383906222723773,0.2071376177449657,-51.549780664309
3.4176381819407142,10.486538524889228,0.725425883331169,0.5413301418810635,0.7685885154957195,22.080898779469905,3.0025011128584884,1.1719206396099386,1.302333135670642,0.7912468094624564,0.15938621039723402,20.952975152337935,0.2040275997367029,-105.55383176003417
3.4059143071644837,10.548169455477153,1.0128598352396754,0.5610279559496412,0.7790612426997195,17.122797793111616,3.266867936980912,1.2286976595171561,1.282127966315929,0.7725388743463002,0.4519009182384415,16.28078263004312,0.21868760886217453,-65.32585962032339
3.429722618292937,10.66870841086332,0.8261703240413866,0.6100404051248205,0.7470221343117323,24.992967053229627,2.8197549141567553,1.2748157525178998,1.1686929498035308,0.7254124322486883,0.2732812143358273,25.590318501291108,0.19130018417461472,-17.69780248664526
3.4182225484204163,10.563763381473985,0.9400287040438933,0.6166180979918704,0.7315241063531843,21.917109571263474,3.2337353645338234,1.2344507164616738,1.2001209719468429,0.7913727918510932,0.4252279544548707,14.232464312328196,0.16694604244362105,-21.005403010501382
3.4277074037720863,10.801621191396338,0.7979603146603949,0.5508169065383894,0.7187988162257197,17.698768781716527,2.6832510026603265,1.23187811043571,1.329091038722058,0.7338595794868192,0.4944516590099925,22.20949340515029,0.16270223808767875,-38.88140515549709
3.429211335722863,10.34764628813955,0.8865800925471151,0.6662361970959684,0.7749043607654053,19.325333851405325,3.2026937188368545,1.3827426815145258,1.1988045287141829,0.7096999986341997,0.04159847796988603,19.951974839929502,0.1976076918976767,-97.80919855740967
3.414080075580952,10.561658987643552,0.9437968267004457,0.5872699864691613,0.7729447335737598,18.759083036387008,2.7733412847531014,1.3774767580225904,1.186763403177269,0.7107066443373102,0.41075620466647145,23.013641988958426,0.17696412168596817,-5.567713485883758
3.401523228552775,10.6313332752766,0.6558979914271025,0.6969285394390662,0.7512059052519217,22.346857050849472,3.265251246394145,1.1749121173535535,1.1276955014338317,0.7826498148314529,0.04978912212489689,24.217530325232822,0.17900641782381654,-58.78986713620915
3.4260881000594274,10.89071349533326,0.8319739191910318,0.6110716677174655,0.7388548352013004,25.188508107273506,2.684399493531639,1.2601970795013253,1.357860933604334,0.7617115879646607,0.022626692417902085,14.506053415692724,0.15708975679917445,-73.3622529128838
3.4211157350837373,10.144664155539983,0.8250143022790368,0.6939056930947066,0.7052568440367347,24.428306030279625,2.643427638526421,1.3397510793827367,1.1218765114734868,0.7752573785165098,0.24732550265961664,20.303964818886186,0.1765071544779127,-31.0257572447655
3.4187373904687357,10.406375775240008,0.7839412856645117,0.6604280419175305,0.7704080074330073,21.898669665238593,2.929866882104334,1.3626793248175073,1.1067695193616083,0.7593399139594222,0.05406992537761664,15.848643725344917,0.21467500882069607,-18.157502419855078
3.4055621108129093,10.177885691538092,0.7154727313899502,0.571947582726337,0.7636595839473295,23.960781719713943,3.2268560355404663,1.1623480009148306,1.366744716489948,0.7628005110028725,0.21308698765884992,25.95680253725932,0.21698117084984808,-116.35058843483516
3.4227637274569065,10.6907831962709,0.847604928109308,0.619598599131636,0.756106460060389,23.526487150434555,3.082313342580636,1.1864496389251202,1.1822430914596516,0.7203813836699067,0.3367858424535205,21.593432272977303,0.20232898139023178,-107.49711771717166
3.4192475344051005,10.404561241007135,0.862985084880936,0.6279222043815731,0.7122161290246921,23.47345471147314,3.263693358475397,1.2440836291561457,1.1138610907588462,0.7698353263585087,0.3421124389619118,25.30500891543089,0.15679406335172083,-21.85280786744414
3.430282363842343,10.778077060222188,0.9747692588056942,0.5562114879233854,0.7536718658164292,20.720551802583074,2.80661370978753,1.1344951743920308,1.2075754944758903,0.7659194637773696,0.17445383833269948,15.414624276227809,0.1780671519411397,-5.097629051497336
3.4228230690983557,10.272496478656645,0.9532066819333505,0.5722252896059259,0.7641118325750976,25.105852943582114,3.0435854397805984,1.1485376574559976,1.351160506601356,0.7319177866648395,0.2963858677161049,20.48841541276645,0.15744744039980935,-58.557256248908445
3.4364790028346204,10.812243942433387,0.8875362921372969,0.6078225736211885,0.7601439923528138,20.798443275022247,3.1351684904869193,1.289100412031932,1.3650480698338008,0.7842066521390616,0.01604371886458383,16.368204876385953,0.2122929715899148,-96.260553686527
3.4251736573865093,10.631141165906103,0.7745788172548957,0.6327388587072627,0.7192788862291005,25.023251730055378,3.0326484497125787,1.1254100851320814,1.2464051897318815,0.706344907810644,0.11969978640242986,21.284074013837937,0.15067908644988215,-96.39447253671769
3.4064098382631016,10.00605766905056,0.974728100292453,0.6632955106337513,0.7188227560845348,23.197367913370872,2.9195695830165236,1.254108607003519,1.2100091390386776,0.791630494287534,0.4428024359602875,21.13765666359969,0.19264844397995173,-80.89496037152179
3.41380721662016,10.870828380680546,0.8871797943004831,0.6680590205781206,0.7212191013689979,27.50592753119718,2.988606310130007,1.1637179864992948,1.2655768716682392,0.7952627966812978,0.10530572472833333,20.359669891947235,0.19593289381810547,-103.69643546905365
3.409054138265766,10.547095355758684,0.6841465857147063,0.6497587134209225,0.7697576550504757,26.37444205180393,2.9007916197795462,1.1767828060178043,1.3526013600243976,0.7503167983917012,0.02435458050766672,14.243696547857569,0.1901634972605976,-3.2232311221854957
3.4061960015128676,10.867501331800307,0.7632176577348081,0.6719202679438907,0.7292777132337396,22.221005035333757,3.011326738041711,1.3063882732711363,1.3963610488514056,0.7860184862650412,0.4984960558905612,14.712549395847004,0.1898861003823737,-53.65299093630962
3.4171176103867884,10.57946055299081,0.970797175126368,0.6299134911578959,0.774602546623269,17.51480090484467,3.1257054904742883,1.1090769492825037,1.320419123721231,0.7555617571803765,0.31409105462643405,19.92201088596783,0.2150243312895907,-120.14078207564556
3.4031267579447237,10.484263978089581,0.8825497277754497,0.6027193063798619,0.7308097680521561,20.027988720211773,2.7449172660440024,1.3217519474266932,1.207277165778178,0.7242363746960957,0.029005757891651777,20.44138486871463,0.15311094181979207,-35.12369435008445
3.419942627057976,10.22136515967905,0.7814720225814085,0.6598948597756652,0.7277443875097629,20.191837814224343,2.825365102274371,1.2234827786394098,1.3399774436076617,0.7726764395517547,0.1538313564970181,22.190394101196595,0.15489442036171602,-94.33839411533003
3.438215222485927,10.56716513991811,0.6877872081569536,0.6404673492926485,0.7323464664718072,28.24586338937167,2.750846135935265,1.332249138235921,1.1872590907063705,0.7538301202381315,0.34052187479085133,14.016106573794204,0.18531270757515486,-95.24962966704341
3.4062772239434334,10.034366149681992,0.867409904380481,0.6887886980009135,0.7175933836582353,27.72435525225677,2.7763835856497696,1.1125195602209654,1.1652956286948357,0.7756122739319258,0.11877317639960974,24.072187502520606,0.21018493519773024,-72.13565491318865
3.4310697812144095,10.291412682758066,0.8772674680371721,0.6286753958507066,0.7519381951473322,20.076464372902247,2.7041217040407606,1.2656116685935102,1.2123495991159816,0.7694779528760647,0.14622993140223042,15.652393479332655,0.16926212682587374,-74.8315195839843
3.410318165418178,10.54317357826577,1.0016194419398583,0.6530654044661611,0.7043132946205,18.432131635315372,2.6699762593514635,1.3830945760908706,1.2431665164587273,0.7747044907346521,0.05455464221925496,22.8433340354402,0.1933451463125897,-75.76593047172038
3.4107282819311044,10.136172791869809,0.8122498577890459,0.633402101660991,0.7421966712730024,16.921553297722436,3.1953370759773674,1.3304150000290276,1.2143205788323947,0.7445933207728703,0.43251173240234714,17.64634337473469,0.21447058962751914,-75.48000545980618
3.404980587473854,10.339447504513885,0.6522872358609562,0.6062938188886504,0.7397221759452173,16.793821932438895,2.9416823971319213,1.14880054682017,1.2015524726272169,0.7578177549545279,0.4124235677158582,22.972706401307484,0.21235992472144288,-35.229715448982404
3.4013135768396423,10.237812247059788,0.6726875927148306,0.5432092469850096,0.7437588951140882,25.194775174098158,3.002661280559697,1.1392207029623749,1.3177633231915646,0.7103308801665557,0.26813130257177487,21.416140223765318,0.21526546871461166,-46.678458386351195
3.4111617382912756,10.361496958132278,0.8142708952844386,0.6885344675606926,0.7274960026651498,21.995787470819813,2.89605413491935,1.2849373673432511,1.399593656896616,0.7967496541248813,0.3113718132010304,18.125546242486603,0.20994421950183326,-51.865859507778296
3.435878738891746,10.53235264411122,0.8026593332926684,0.6037319641050609,0.7414593946995736,20.754985436360332,2.9024126423013814,1.3030877678283066,1.35389295435595,0.7518076177575257,0.052323554390756304,21.618238338791198,0.2012441519600886,-58.15478674672079
3.4337948117691792,10.559205854993234,0.8255325015735597,0.662713246686242,0.7363486490217586,22.603947661684494,3.113504774108792,1.3447824131247315,1.199695934365657,0.7428934524789619,0.2572929709829848,24.6539231664526,0.1823629072774648,-121.5840911470223
3.405861917460399,10.552364103252247,0.7889717474382882,0.6753030264921716,0.767879824307242,17.931233002446966,2.671333230399505,1.3733884779491345,1.1761449021446528,0.7287542564875565,0.19488632696019642,23.389264225939478,0.19062170802889578,-92.37758795748212
3.436932819857507,10.086849145609616,0.7308056237222108,0.6267642157342442,0.7131532656977186,20.29724838077682,2.696111362048205,1.2628014036370265,1.2760317001080623,0.7838261858591313,0.38725514986052684,15.641909249300879,0.19933136700822038,-23.203670739846515
3.4337060193738833,10.30877397558118,0.8866317583719832,0.5570514526638688,0.7753798847134304,19.044835206981116,3.2025000370697123,1.2829839342955829,1.2640377196909753,0.7220311852019042,0.3663453643814581,18.789711973353135,0.2081601756345419,-71.84323763197001
3.4366882088324386,10.833800215174156,0.9534539846632847,0.6937182583765077,0.7708936539564022,27.42626332415936,2.8068801894692186,1.305123296856677,1.231070237386801,0.7398286424163074,0.387366183877394,17.07619115231548,0.1956583796259162,-89.71982907888604
3.415981209737842,10.88861583186797,0.8728461858254991,0.5926272938186761,0.7757545448665324,20.44835277235826,2.869310487456573,1.1136513995970065,1.387060507582841,0.7677406684727217,0.38409609121978344,23.670782723006177,0.167794295340867,-100.77340960282626
3.4154376411418954,10.477773490911101,0.728042608150264,0.6362780420580469,0.7148540344236709,20.91421023334685,3.02674736802002,1.2562098196495202,1.239377304431678,0.7106351701061672,0.49159275200468794,14.310754678480187,0.17154661403066043,-20.937798884707732
3.4353032502630163,10.803297078281508,0.9602156615799411,0.6856422247011148,0.7619562871239388,22.880238706781263,2.782542088113742,1.3864887723723953,1.1561592307598065,0.7375612695180561,0.07836463545599348,18.58245057194462,0.18903112706611663,-96.54801210045228
3.4045989666846523,10.022921789258081,0.8187657713861081,0.6206503089341519,0.7322948205555523,26.532820272714776,3.181136385705004,1.1064486923992114,1.371834536978269,0.762529823505569,0.3261709618720172,18.018928390844337,0.17276504622634323,-106.20048789847544
3.4277832892812534,10.262491921899755,0.9971171468081708,0.5610089392267976,0.7571355580769986,20.241982431613533,3.038000922932972,1.203798518401128,1.2893411987713979,0.745006646018069,0.24514385342912018,17.55493279083121,0.2184247663951308,-24.11479381972373
3.4141551967442743,10.771105163493614,0.9558756374455242,0.5744169007518217,0.7474764866622574,24.119584120003097,3.128340400057274,1.2552705541423848,1.1542164663528431,0.7270810717002621,0.3917462713373532,19.44921454016079,0.21593786942517895,-6.992158883269411
3.435983580535053,10.855737390023522,0.7878434744493525,0.6275814642450392,0.7743464004071249,27.143968517867833,3.17466931066758,1.3759134644909086,1.2531354045485998,0.7905006273715041,0.35267674915043157,19.403712171298324,0.15383056948217771,-2.0485516990338084
3.425723401373559,10.774019157921126,0.8837235262652459,0.6308801122979404,0.7748930657371761,24.99428150046523,3.1768564159404207,1.3461225848322544,1.242755562635245,0.7295532424863631,0.4612380258392465,20.46375264887362,0.16402919793878257,-5.946007385563121
3.4305507433104325,10.690361932201856,0.7600789684200887,0.5778772794576592,0.7121431839042299,25.19230162851448,3.1903350344480392,1.2305699512543167,1.3761545242320525,0.7520574975937284,0.048896286440079005,14.65333074009217,0.1895046954613917,-13.593214000229878
3.4112042231410413,10.161039207678497,0.9138561942042167,0.5590911776022646,0.7043315089762222,17.08720325591892,3.2389099026395414,1.1057203231274948,1.239567907438283,0.71391787303247,0.39331228983749944,25.19581530194796,0.18472341493552855,-24.520210198137917
3.43192752754742,10.787738988087527,0.6526672624858535,0.658502108400623,0.7230902027533301,26.464477252193102,3.116810086860758,1.146021887125987,1.1477714789786493,0.795925772667821,0.22291265844184863,24.96648718164284,0.1826046015614895,-74.91267797612277
3.434284892007319,10.405073226553435,0.9488157490853724,0.5517372746380856,0.7675520260618184,22.31401539133833,2.7173410863691174,1.3411971019139288,1.3485925739918554,0.7546336275505646,0.0982425635296265,18.578226402692366,0.18065394679951963,-111.80671237533244
3.404486660139784,10.771328596467962,0.8648537365332207,0.6340334698882416,0.7174773960396554,26.08888712400294,2.647561112634232,1.230496664306081,1.30280616024946,0.7875211839250145,0.3760453459172696,16.582297600673307,0.17969060089437763,-86.65717876862053
3.4395286667752942,10.395168914212293,0.9431681215419593,0.6423529716480434,0.7352862937039579,22.787707924732025,2.9528882229011533,1.3842617945213738,1.3717427611017696,0.7066583716189175,0.2344355118872074,22.356378470067018,0.15001184216890054,-37.74963849225168
3.4363315413615596,10.661766989167448,0.8271017931098075,0.659882671366954,0.713933485240964,25.236326958386293,2.988471897133106,1.115906315828792,1.2340961180930439,0.7242295384817022,0.20520950725863518,23.17013685782814,0.20729742266476162,-26.866373928607047
3.4135106947907947,10.10445097192193,0.6911052240371383,0.6771523647774902,0.756664033294085,26.260521323002028,2.835035768253989,1.2395525732637536,1.1353889963493835,0.762684204073418,0.09196651029546027,17.73297594729373,0.1551935900531804,-76.6746897168909
3.431314678048596,10.723610066561701,0.8688636023162735,0.6492252837479369,0.7594265027462359,23.17630642934335,2.686439379689728,1.1974615065919534,1.232771910143214,0.7360688037150307,0.27517955955146056,14.134345188522229,0.21001242971761258,-60.92976719850756
3.4073598119929307,10.526583698992289,0.661672321595158,0.6759635387288433,0.7223486258548634,20.963702306373584,3.161543502371014,1.1983734704816529,1.2621855979696381,0.7281151610422839,0.09337412530485073,15.526429698806094,0.18015535853302556,-43.13850860478206
3.420340619843138,10.412047649004496,0.7607141877823161,0.6635144941754891,0.7592628458985171,25.040895051278596,3.146838169257093,1.368445763236043,1.3897670903755088,0.7749878098653015,0.005691823607979424,14.75675624733018,0.18210204777704864,-111.73468771732556
3.4290063215714897,10.340386905044022,0.6589245708661955,0.6712754808526465,0.7448433530107348,27.2889759402193,2.7451353849964075,1.3955020703033925,1.1177093144920844,0.7659360983624561,0.24680748477960862,20.91363651759896,0.19495611740589655,-89.35009423222874
3.4396012253116983,10.061721785488746,0.812378936516495,0.6199718023929013,0.7532792448188556,15.385720788923322,2.7303113850587324,1.279242171090851,1.3076646010643325,0.7808238546243234,0.10507471075966274,19.269867740549618,0.1531719696932688,-101.38035906795625
3.4262784959780217,10.664511199570983,0.6921701748981335,0.6351367425883138,0.716859176078644,15.676514614439126,2.7538511558520824,1.3984043566183957,1.352810395204625,0.7292242130785912,0.2519687078576171,23.049272799767547,0.1956097363243003,-121.50726367459146
3.4185413348956515,10.072373518609087,0.7345243447218144,0.5834233219931906,0.7762906766820072,24.56660026669244,3.2255311931470745,1.1082735595250068,1.222355351080232,0.7536995600364008,0.14613072036499267,20.33339765291821,0.1708293816779907,-6.599568248970556
3.434776041830877,10.434045881848393,0.8957412752679679,0.6727574955283538,0.7562159268404423,16.74733979908541,2.977741942181445,1.38045141985711,1.264480167677361,0.784563365019139,0.23478650229840575,18.80898521711218,0.17564124401487516,-91.28764444546127
3.426615891518466,10.138673908641252,0.9768582410897924,0.6085126156302791,0.7277890282214461,22.897922646821257,2.9318660049067073,1.149126137834793,1.2130504309356078,0.7438851020061368,0.47302016789054135,14.135559329960815,0.17759483350822922,-40.09563352784096
3.4374218579307163,10.548829252180381,0.6560160692779221,0.5622550485543806,0.7406151455344147,18.935941249880916,2.834928325129265,1.1010555665917456,1.3213360050488638,0.7838768466427927,0.4392982432358806,15.277028397154318,0.17893830132458954,-27.97642732293862
3.404844676675245,10.217055060984855,0.7987834682998964,0.646469682215653,0.7600873804220524,20.607119609120588,2.87038236677538,1.3057842255768417,1.1238881881902962,0.7204645247981205,0.33108661161819747,20.361505575443175,0.21399415875103758,-116.26668879551502
3.421798040171349,10.489829584083585,0.7794353769748248,0.63612958445017,0.7457310806973261,19.94973755240354,2.934104890104799,1.3056813472122988,1.2824762314488245,0.721753037949582,0.3609551548568945,24.48057649386994,0.15602938655602255,-92.5250054912172
3.4249112798659653,10.10755146076038,0.7588493032711275,0.6716077974299262,0.7126672293291914,28.194528967727475,3.1610419061569432,1.1588810230623277,1.3635027148545737,0.7627596773743279,0.13795208498717626,22.818295385222456,0.15543975984027383,-53.58920347994153
3.4364614834136815,10.007381377499938,0.9971506251158155,0.6318559537075732,0.7600246940722061,26.802474804411272,2.8523387412147043,1.2884814706577103,1.25681814754047,0.7096885911504718,0.34284396447819776,14.208169466318042,0.1978505562200132,-119.30383349609829
3.413368523316174,10.070065894631265,0.6807801188269721,0.6078823493258274,0.7145876049447542,20.702181248027472,2.9997793670145665,1.3450245895049797,1.2283027199994276,0.7155982194957919,0.2233108244456111,17.073408178833454,0.16870952751699572,-117.43280385770632
3.420523983161842,10.76990113921131,0.8229750457312922,0.6375827838058317,0.7660882925332277,15.873254669931264,2.9363312152893095,1.1547372350956193,1.3275251773891408,0.7434903775264944,0.3317421038155418,17.79416671704789,0.21825716216989444,-84.15304279354362
3.416488283971142,10.097392567810076,0.9106211445606955,0.5573287234461787,0.7193200218065897,25.419104665775084,3.053567749867633,1.3693592526439293,1.1690195329530475,0.7473947277597072,0.2779523767329461,15.003987158999415,0.207450327949479,-116.52226487576542
3.4014011567045683,10.122297818785533,0.8595708660740793,0.6784835092952551,0.7366639720072351,25.776033294750544,3.12063093827258,1.2277859508293603,1.2108949681951702,0.7803538598387897,0.14494836565717437,17.861161731275576,0.1873128701351241,-120.9408405615957
3.430061131277568,10.418532297475211,0.794772450929689,0.6273982880181306,0.703043435015103,20.695735401767383,2.7917107265949,1.3529880873932925,1.3859130972373124,0.7208414255219628,0.35222659193075917,24.03179714766096,0.21844602535169994,-112.1895870004308
3.419882769487484,10.66590225543395,0.7919751389361536,0.6844318801444906,0.7345502063776315,16.998426459644207,3.1558537440354373,1.133407678383788,1.3812875819082089,0.7184439569506366,0.40719161153069044,15.790368781775605,0.214749033915611,-15.04716882805971
3.421885455259309,10.748020597949102,0.8195226796381752,0.5874933022425933,0.772797954657073,16.849675202097007,2.6735162649699764,1.3224536952000165,1.3800592192514547,0.7444293688715317,0.04548580889467658,18.261574266921606,0.15221568639598,-76.14083428863759
3.4290162580543146,10.566176642976806,0.8067748644328216,0.6013748039214276,0.7691591828628184,17.391345127255168,2.962688309790654,1.1867626172906671,1.3064519954640552,0.7320890543336936,0.38610660369409067,21.883771457692422,0.17383795608603084,-3.397639575476404
3.4073134395634366,10.04274162305676,1.0291329459398915,0.6285026406921783,0.7645844147886647,24.164835025912772,2.7512935449148137,1.35114593099909,1.2869288528391676,0.7184255407303204,0.13937621345938472,25.99584003519789,0.21978101890013826,-109.68601284516251
3.4006176986137087,10.891246455323408,0.8447678055351968,0.573890644924231,0.7297426170331242,17.411837441114034,2.9001901114536963,1.2143630985963352,1.339221650774033,0.7376043888933976,0.2909848247896919,20.337673500248712,0.1720267425413404,-100.47742941557661
3.4006144853523375,10.82562342404513,0.8635864500808339,0.5923449949941358,0.7135565823980891,26.27782491509469,2.9083392257120386,1.3543299401808517,1.2241429345815393,0.7000033043399941,0.32103567745345596,21.336453592242435,0.18503482907229457,-42.63020854067857
3.422764502772234,10.482943033515228,0.9227886805838355,0.6254799746624639,0.7248455740392223,21.232901617271786,2.996905006308533,1.2119160804789564,1.1760223324683017,0.7940669421848577,0.25997571498930666,16.907960437933916,0.2005849989845694,-55.911420613049074
3.437741440295498,10.701401383798208,0.7143000917365301,0.6424639991047014,0.733715959876622,20.56243487904448,2.697867238288457,1.1496960640718021,1.381707363498101,0.7501341608013061,0.3846532886804855,14.546427151812305,0.2054732909506335,-7.187314482784771
3.4142365506421886,10.03778620447938,0.7217549546640741,0.5562251456580193,0.7262775141071057,21.52479331075741,3.0097093440434266,1.193870163862373,1.1734477885583454,0.7664108970931617,0.046938069022349066,16.380547488082403,0.1946222479647635,-106.68432037363641
3.434519437010942,10.094374824080358,0.8387068966189695,0.5715714431426053,0.7484276227753538,26.211551888501283,2.6827133959595524,1.2717974958039497,1.23260800594728,0.7116591189856084,0.14912701915378943,24.978896620020898,0.15700823248429965,-83.65184114690058
3.4108461907956786,10.82226955571628,0.7044138396597577,0.5527106684943713,0.7596951988050549,27.8956837189083,2.9563228160787953,1.2120244692656408,1.1855903532691852,0.7029875279478083,0.4854797654388983,22.77183730627108,0.16452761349311654,-13.293405550695041
3.4373503661377844,10.36999718844163,0.7594123259285726,0.6932920579261803,0.750613893291537,15.970629830619172,2.842945208522712,1.3433365461186249,1.2680611078774195,0.7488077315881387,0.4855054451613496,25.369038943201573,0.20508501940532167,-40.58079185071924
3.408927655986006,10.10686479477602,0.6741184996672652,0.5987206816271523,0.75494409881107,22.702528708667668,3.1327853386681,1.3497019467015297,1.2756184870151217,0.7912859430749264,0.43801845058134736,20.855162521602345,0.21267161132406104,-41.32510836148725
3.422747051990057,10.553508422721503,0.8466114745845622,0.5477534136260719,0.7137790535274114,21.879631727757033,3.159164447141747,1.187021456707654,1.3902975522524414,0.7177665494908142,0.37442440073194705,22.65277378825933,0.18187939464127242,-63.44383268249803
3.4014271791718396,10.802902325531472,0.7510377344701975,0.6726531656063283,0.7485425733138454,27.1480150008086,2.871546795907885,1.236836712772708,1.10637753430739,0.7305027424338957,0.4806450075828565,21.30153631561651,0.21148751670732968,-60.21340618965427
3.4054803474129813,10.156298314241292,0.6673327371964881,0.630517222674608,0.7137892813579167,25.39451868853331,2.885352335757261,1.315264389996369,1.1915772472387727,0.7672248483054804,0.03831541257869353,14.198173792393966,0.20608452967951035,-99.71544832246946
3.4274971182378438,10.020088901323904,0.7594892495163386,0.5477326261835522,0.7199421773171325,26.554688661350173,2.6418947596935753,1.181916372483711,1.1482978553311902,0.7188184965352836,0.0042224385600232416,17.92723142894823,0.17922309675755965,-86.10796670164115
3.405359677995363,10.17479441893099,0.8813941509619512,0.6843971903128993,0.7141675731052101,18.529201095338934,2.6486993522704383,1.3236948506970263,1.3007060423399517,0.7736747108335044,0.3945530959113322,25.563008251391473,0.1736878194225465,-114.51896953348901
3.4086305834117114,10.11357254018798,0.9153895370528218,0.6131043105324715,0.7386153255648784,27.189683406757542,3.2580177000284314,1.1927219790492203,1.3591270535878022,0.7381398024686914,0.30588980314930697,15.824988024005037,0.1712529755316626,-100.19003214696579
3.4026909813588273,10.187279612070087,0.79951923009781,0.6038107991970115,0.7245920569885612,25.01580477738195,2.826020201862432,1.1215618752314214,1.2956663299199978,0.7985253045101319,0.08782109896601285,18.065122784402906,0.217103512829517,-70.63915512458425
3.409471996155514,10.811852701048132,0.9270168139731293,0.5430900742021147,0.7444588460865471,21.308346219311847,2.8868139028108857,1.2373206499892695,1.1705676147187318,0.710624487556047,0.04105734245964873,21.684040494264355,0.15109760216527238,-35.5954111327199
3.4390160388979583,10.01297132880199,1.0127676755407589,0.666094537547337,0.7774874552492934,27.083759619006273,2.6488531184861728,1.3376957875973778,1.2671554093244988,0.715744157134827,0.1350205426333443,24.380348251087817,0.21962659752984834,-49.79651732035032
3.4170483771749325,10.29935693184392,0.7193428963265582,0.5835086672760704,0.7177479594241813,23.857308486958736,3.1040606286735164,1.304294813676297,1.2979667668060544,0.7164322027216385,0.13883452616179415,19.550423807808208,0.207285382490434,-10.021839934062498
3.4218409287548774,10.491499906079229,1.0073972513389182,0.6204523773551684,0.7161995454146479,17.925841658824606,3.164678300113276,1.107072006165126,1.3384753758691028,0.7326228279021121,0.24450117758238044,19.399645529957127,0.21493895695776205,-9.101873682708117
3.412766006841842,10.553618433075581,0.6563013543229246,0.6975769042218251,0.7591025777240725,25.668311880264053,2.783828638744449,1.124739553891748,1.14426120351532,0.7134320656240106,0.2067838552398038,20.48790422070596,0.21734898594179022,-25.411796920738595
3.42956052996553,10.755656311104854,0.6507949029481421,0.6096863298263977,0.7562743219995645,18.47912455663789,3.0188682817499775,1.2565463353331874,1.1375284756908053,0.7596083035169747,0.31564586386540283,17.658399625505805,0.19292142034854648,-7.259787442364328
3.4117453429928353,10.719865557902445,0.6746907078298868,0.5426565074423091,0.7751520436738903,21.94461837766808,3.2033434538611525,1.1644542480149205,1.1438832568189514,0.7105959272725072,0.03509888566036362,23.695563023443356,0.1948050932471823,-92.96131910708277
3.437315456412287,10.864939540924121,0.7041342645966194,0.5765336315256386,0.7158432561097752,24.965712487785936,2.902539692968019,1.3290716214211789,1.1008278899803576,0.7766527398781892,0.1015263264556778,22.31798308397868,0.2057694453470461,-118.74764967570002
3.404266531513069,10.207226129251186,0.8317460769322422,0.562888638700105,0.7578518976184433,26.55162857168631,3.0060286129119174,1.1875293115834813,1.2902994016167384,0.7669767986480573,0.0872520220629657,18.25976760870459,0.1655057438636539,-46.95503078667754
3.411603543474415,10.574528958034152,0.7055219089335656,0.5927552563015239,0.7420466890140527,20.01682539369032,2.818270447982526,1.334024198753463,1.1789802287706166,0.7155348838669972,0.037657725434378564,16.353867645798847,0.17779112547199308,-29.390659066524393
3.43236151968161,10.354278047314667,0.7762333750295309,0.6865689987113062,0.7719652623365596,26.22397340034332,3.0224267406423175,1.2065810968192174,1.294911792551929,0.7714209439883153,0.008440129195045746,19.159470550926496,0.20809808798652035,-45.77456486541949
3.4335162401315795,10.41010602793378,0.734953985774548,0.562505229696827,0.7118558703799779,28.06838363676113,2.6551248814545687,1.1326081277947109,1.2024152315127121,0.7855114372247747,0.4655063271589912,15.212565361978843,0.1603280866561537,-14.116855504943274
3.401078042814679,10.663340596790418,0.7297860314972082,0.6880105559176961,0.7580023889226042,22.768686490721684,3.007939572483875,1.3460759482990416,1.1546483668320333,0.7193358284409821,0.20358019998097904,16.8184003078302,0.17551189467205142,-6.764576029531199
3.4286753511226165,10.46329269285253,0.9402017090088752,0.5544945099675059,0.7049055429659133,18.74161319554856,2.6565166386417176,1.3768348676945315,1.159618269587896,0.7474875627205863,0.23327585304167373,23.673077713602982,0.19270522179238295,-22.234278979842628
3.433037727156705,10.575137341981588,0.8849095632691304,0.5659840958714625,0.7395503088234194,15.332539946708563,2.6899567764058756,1.1578153636000756,1.334840297726072,0.7924151840654855,0.40330934888630576,24.897665721901017,0.15430029251741023,-59.41860796863645
3.4357807249695296,10.00441171184457,0.9963051503307832,0.6812004990114234,0.7016775828883958,21.15252547410186,2.6745144079568735,1.2553146371897745,1.2134460760139727,0.757844606803721,0.29194295903990014,22.428267160502827,0.2165400084426346,-14.931101975053892
3.4243621551325636,10.306837472418225,0.8415672540028805,0.553379507382297,0.7591896621429802,24.541191440509113,2.8659992696692935,1.3443791331821542,1.3321801933479187,0.7647020164274259,0.15537090099957435,15.471794368798907,0.1782637835310069,-83.5689236791973
3.4104603378408904,10.12733309359262,0.9327285733451656,0.658993791573333,0.7669829458894035,25.84434114369045,2.9837677033734247,1.2084247898266032,1.3759195766185186,0.7797022538392528,0.4307639142806021,25.44034406294461,0.19504304482577123,-55.87366175105309
3.4357072538238946,10.021504201224634,0.9422078963124373,0.6603647923805234,0.7701429398720789,22.966349268006393,3.1411115741659597,1.1621291327909857,1.292888105467777,0.7518259128711191,0.0708408156787557,22.15043438186052,0.1605791226921683,-9.928043804519021
3.439033739217289,10.60066296371979,0.6795817351917617,0.553604370582056,0.7005799884233649,20.73445860668144,3.1007107791180797,1.3483415063722282,1.1484636925503982,0.7265023344146806,0.12773389163753932,19.536399539171327,0.1680774382402634,-17.276879097618163
3.4216057510005577,10.19998224548948,0.8384006898972535,0.6856821817357335,0.7312700806882687,18.125769730347308,3.247430285585687,1.1034218598571477,1.2928433464060147,0.7076220023835468,0.4332103597132784,23.477729504188105,0.17197100672003046,-112.04329819456629
3.415031240024235,10.256836897329615,0.8531801924227024,0.6741794596705407,0.7239953182756893,21.002713687100876,3.2430865440412147,1.1875837943111707,1.3651083601558724,0.7408385733809469,0.2930934048847558,16.069987088322726,0.18983024295281253,-68.4300216698372
3.4219996518334947,10.649081814225685,0.9554454128402067,0.6740692285643712,0.751884131664688,18.188429424639708,3.0067859643511046,1.2230846506028832,1.2243066904936353,0.7067935313852731,0.008099562455954844,23.234965804542664,0.17733370226561612,-11.577953873077178
3.4114517022731397,10.117582723037012,0.8649036353536553,0.6207489584192225,0.7595891674726049,17.08817855259531,2.707452638280294,1.2576314257989643,1.3973422020709145,0.7062900099833053,0.3164454783131725,19.119780908852917,0.17815906936804415,-78.37572938908701
3.433719264785052,10.024132124162833,0.8318465051543658,0.5725750763768829,0.7439094802643897,23.339571211049417,3.2116019049188873,1.2785912416284773,1.2190375365523853,0.7528013901436322,0.20472990886483114,25.251789264010743,0.15116310898691682,-64.07358264863697
3.422558228711806,10.579752332612053,0.8303425376104158,0.5927359813755829,0.7338035830695052,16.298756892603887,2.652271918647829,1.1962529241459972,1.1396491383933582,0.7977766112629658,0.3590865759562203,22.536188731492906,0.16746698341007005,-60.68711600504155
3.4112023090301267,10.725601614527232,0.888337831009743,0.6885171791560543,0.7402902713017645,21.791722293326032,2.6449473063841595,1.2638256475604581,1.3704157291580388,0.7207697148447215,0.03723642287549183,18.47786383747898,0.20172774924862075,-53.98265502782388
3.429598708730497,10.435291723927495,0.9993970860393155,0.6616000861513172,0.7455921650793715,27.94617254509101,3.2556953937086037,1.223124275707462,1.3011886333912783,0.7857347391151212,0.2249659397619129,19.385182278062786,0.17182856869083532,-86.34428160619319
3.4315559456515667,10.589260435695133,0.712699476567798,0.6445691253858365,0.7452202221278347,17.48490395730885,3.198415856776093,1.1298341821347022,1.1129355537313483,0.7788352752001196,0.2620678659569908,17.89933551847933,0.19210584388517885,-37.021133483671804
3.4336013490110364,10.799454838111462,0.9216204969263389,0.6071017901426417,0.7785843576631142,21.724824839054527,2.8035244466742304,1.1211324897313617,1.3516774727958605,0.7242445273184368,0.16528726124031354,20.554300876437615,0.1729729318701307,-60.60923412994846
3.4373294489764192,10.096983372112643,0.7884361617601835,0.662499383684771,0.7164861141473106,15.943250642596393,3.2348760203162525,1.3427302081533288,1.1646967998296007,0.7330468863086935,0.3588775784691188,23.743991133738028,0.18477565686469305,-59.2810260365909
3.418631514254648,10.687114911434302,0.8424003783634514,0.5552763231614453,0.7365104328987789,17.951255730513125,2.8791701930372033,1.167366698710364,1.2761661760225036,0.7948471700243127,0.2601801094455851,16.23971452237551,0.1984786458108026,-79.635424834232
3.412361156893892,10.437837642551585,0.872715222499202,0.5951091733975891,0.7313807591278836,20.43803219708223,3.1874653061023643,1.3096206732286535,1.340897030704022,0.703062900860677,0.1357853288170705,25.45288620159875,0.2183233211767583,-60.619544625276696
3.429792265639378,10.081462289228089,0.892090525807774,0.6224093424332381,0.754069053325734,17.053928984446653,3.0533186096595486,1.174102832181214,1.259164580243939,0.7591123013569289,0.358056712816945,20.65119018812274,0.18640853630770424,-27.83572799260361
3.4124861948353735,10.684484057010255,0.7154947853449302,0.5896073491260878,0.7738052139277725,21.029572417096013,3.086108592115713,1.1763397352992753,1.3615391267808832,0.7437213406459323,0.21552403536150852,19.66414053487476,0.19263091336805344,-106.45279569251187
3.403538378685207,10.718779587113659,0.9703516960861145,0.622700952489513,0.7647040451146263,16.946401348540626,2.896826822185678,1.1892863654171122,1.283036354649145,0.7712394986973209,0.42636314419552035,16.402969500173775,0.18637449161416658,-16.553170911503074
3.404909388481275,10.063066893819709,0.87004277985103,0.5482211855282402,0.7495049443895433,22.429865512831913,3.238533227668486,1.1087364448538348,1.3601078013087569,0.7034787111802503,0.04573958069714897,20.811150478178675,0.1568734439773472,-65.8706204370918
3.437967268844851,10.30338353411939,0.9485761922263611,0.545962871993183,0.7775771984888875,15.731866339774239,3.077066071021249,1.1609878497579271,1.226270773884396,0.7147305179237272,0.19001934178750327,15.477984538368785,0.16568344301108193,-91.3399465977729
3.4094948947639994,10.04086665185746,0.8535889620403772,0.5863358684918015,0.7340964573205583,16.248427536221413,2.881864362987599,1.3017234754079319,1.3316903347435047,0.7782927653846679,0.25238711232834005,25.90364059418529,0.20177416887676236,-117.78818031610824
3.4310160745451004,10.42867826579489,0.704572167869808,0.5859983833271666,0.7274075330204681,22.52697581240094,2.935355022619647,1.173075387101651,1.1977479756019043,0.7928403528735393,0.4636811920029256,21.156372926992496,0.1568111284651532,-59.62103329180947
3.421039775938439,10.422863595752407,0.8389807139634993,0.6080892094728209,0.7225365833430227,24.776611137808267,2.681574830064508,1.367194352536099,1.3852729009802034,0.7017123114188858,0.06255340264132005,14.822369701431338,0.15793330344520864,-4.192534668325521
3.4265735858852087,10.755876140943847,0.9189102990220415,0.6895972161716629,0.7590659644064103,16.117252444656135,3.213786188831645,1.1260213752673982,1.219676999962324,0.7607228325842651,0.34666856779497196,23.19516104246049,0.17587325609229093,-92.27002861790537
3.4028228167532517,10.196611495423502,0.9971750616756285,0.6723190749082671,0.7718582642656526,25.84746389924284,3.2306320866806963,1.104011160753831,1.3325945693287953,0.7826987646352477,0.4333021704594496,23.226298153722226,0.1762828359563786,-64.69881965398386
3.438073080985113,10.124552626821918,0.9917934401732484,0.5576271749946456,0.7350816557300615,19.32746930565259,2.6792344290441017,1.1320604677157886,1.2600315085653468,0.7992283884912873,0.2794099295586679,24.723032596468794,0.15815688920311854,-64.49893221189183
3.40346191714337,10.554364472390334,0.7299495695090032,0.6004595333178102,0.7095869421237768,25.280020711184484,2.6855337337757357,1.349130844556975,1.2562408155888851,0.7287206953502562,0.13024682743115717,19.060096171197216,0.17741837269773827,-87.7325346123265
3.404213383059567,10.206593333800445,0.7481852079326842,0.6889509590037095,0.7278869338132009,25.386964285704337,3.116999232821028,1.1018724747880222,1.3901029617132512,0.7156096826445767,0.19820317444273358,24.121754708114366,0.18855602313958347,-76.21904385094842
3.438315315892121,10.352610348287055,0.7648078044900248,0.5962762896324233,0.7635458753521668,22.513510822344138,3.0472716078600315,1.3026414592287852,1.170402872592952,0.7843194350159267,0.11552423197671216,24.77594294143855,0.19224171094617468,-56.21695490325014
3.4032648287720595,10.45380319763408,0.9103927050579959,0.5851162109396973,0.7359614780328854,27.26383027369382,2.9914270833429155,1.265215478193522,1.375834069165573,0.7583445801743937,0.3664128910058676,18.18799354171779,0.15998121911144486,-8.713393439634132
3.430397304589094,10.397603250456905,0.9756888730481504,0.5412055313673163,0.7107260275335865,22.72745452490876,3.1930692458590593,1.2848090221032729,1.1291298623860457,0.7692446399151622,0.18111937965280425,15.050158580470171,0.16094725535915336,-107.54658029492643
3.4055118306396026,10.148722079252096,0.7260785339400195,0.6213315629131934,0.7458363256134364,26.640729116060342,3.0529462853271725,1.1909644212773485,1.111004976178426,0.7658208883792993,0.23646658165704385,15.233031186625318,0.18727561840149595,-55.85222620798372
3.4225789767865704,10.421049205109984,0.7988691070052227,0.6590113822162931,0.7457890486131865,18.53571056912889,2.713411961677725,1.2848784179685842,1.3262670872487887,0.7778909327523343,0.3597739735333854,24.45731814107453,0.19414140944085245,-2.0807950796767187
3.4090486850381465,10.480018080412053,0.8682084576080195,0.5632256301516708,0.7661893299647837,16.201269906456893,2.7506605966142486,1.2451983122460193,1.1909861287719503,0.7590205084783455,0.010962215407266758,17.539219149659157,0.20162689210041618,-40.90007716275203
3.4186070700061535,10.285058951297712,1.022130266282483,0.6729807486205941,0.7523262321747908,27.344398711521244,3.2423681783466662,1.2980644575177152,1.1517110254352014,0.7215787725897586,0.470413325507063,22.425245777415043,0.1710042735674393,-109.14569963974976
3.4329178015016804,10.308847774605143,0.7078105800210752,0.5934855239924879,0.7022848118643447,26.100637213053837,2.9314397492994764,1.350936659323129,1.214029922378247,0.7283303365370535,0.38667685246268974,14.477444464659687,0.17640914662856122,-20.341859503737595
3.4350857194207403,10.710912382893223,0.8308692195918372,0.6798438810688244,0.7569807310938479,26.627584029324638,3.1390904712749714,1.1861901743107086,1.128880132853197,0.7655348907833396,0.29155406382077237,25.029637166472522,0.1531312784822263,-15.705492246284535
3.402554351033961,10.456036715067276,0.7761746187516988,0.5553067038728635,0.7168693465060554,26.807915894929412,3.10314878554461,1.2526193376584196,1.3227593329371055,0.7829533583172744,0.11303504799867703,17.5713760109136,0.16896719139312721,-95.83304350669661
3.4308609037227766,10.661516523572217,1.0222868695581324,0.5838058596302232,0.7370335202052494,18.34098503059299,2.9638355784217465,1.392641699704867,1.2077151496208602,0.7534780960265778,0.06466724751355886,23.575330840741664,0.17258246575143218,-121.04343363814954
3.4012960319013104,10.194131521044493,0.9510064498920436,0.6672789902813032,0.7594984785572348,27.179028770584836,3.2321762123983286,1.3769311169189555,1.1410719905281546,0.7049672085932899,0.4957071814634084,20.36638020322946,0.19076104969170005,-90.88301239884728
3.419064602299633,10.02325571014853,0.8196438078311993,0.6010381662620441,0.7018138001110988,28.18627565218048,2.700709955591878,1.3387265559535053,1.1847027578864369,0.7649679742175072,0.4434104677154842,17.771650109986563,0.195367046654011,-105.54061104119285
3.418697632115059,10.005382306725267,0.8342903901035159,0.679582046639803,0.7335042330357336,18.813532868918728,2.9056794265331205,1.2746326171299653,1.389698339642692,0.79311022879829,0.009289769095271258,16.394843816921107,0.20317751461547634,-93.14258031691884
3.401540002244267,10.794103004548406,0.6633070564433087,0.6428455671646264,0.7698373562261904,25.646049927352866,2.7724278874712036,1.1511071792589882,1.2425654923418972,0.7430315360514816,0.09135017471849184,18.16216870899718,0.17230050984929535,-62.814463069628445
3.409914816715509,10.43896597378185,0.8987296644741838,0.5857612213087804,0.7129388002206339,21.330583731098855,2.9764257158500182,1.1509852997535783,1.1833174532755821,0.7272053336521688,0.4995738726225808,25.010650121714406,0.20178441462077212,-46.56811062842095
3.4046031710736537,10.08467422183538,0.7943306474821794,0.5896430938937853,0.7642135968400978,17.45421413976034,3.03775111774873,1.1087695648016156,1.119894360739425,0.7847264445610628,0.16886804777422,14.017475776341724,0.2188965289581618,-115.52664451085077
3.413658037275216,10.839102688735224,0.8676372247642483,0.5899689378721931,0.7289729126415321,27.64116295537155,3.009553466186395,1.1990978175416598,1.2386675847488862,0.7183778488916405,0.3348994024020263,18.47320529892042,0.1618347471365923,-32.218559846238776
3.4120220251856073,10.36755493970336,0.6665475074303313,0.5674150969029501,0.7083043503796617,27.622247527586595,2.6482680655076996,1.3748653699559368,1.3161053827753797,0.757290804091518,0.39796070474082706,24.23639519366516,0.19574684683924107,-119.58344711210468
3.413333324083159,10.337738508251595,0.7471924696902887,0.5914814864965419,0.7080064603763835,23.28247475070223,2.7433203425976087,1.2642037162015962,1.2506002756252996,0.7516323794412372,0.497659142913487,18.95668048736784,0.17554021796135072,-8.331893933566775
3.4274308296401985,10.611926490528786,0.8482608056600617,0.559307450044286,0.7204502452711482,25.346469087835814,2.729443988120345,1.3803246633085884,1.3025103622642733,0.7132220333214172,0.34120632094981773,24.317688863231453,0.20072238605452947,-6.4895079749229865
3.4291920550898625,10.467654979038219,0.869840413504719,0.6046051736086596,0.7099276281750591,15.543520054881714,2.6677717339638765,1.1477874315718952,1.2356898875588707,0.7260515871226696,0.08401708647957389,18.223657650193644,0.18820274878720175,-103.73411294788397
3.41480155744737,10.142441883710314,0.7271546889378423,0.6318349608568838,0.7019992797149942,18.51488595693346,2.6718215283231985,1.3100794535034146,1.2500069576534063,0.7556520792149186,0.04875758747202237,15.433687388504396,0.2116301157346175,-6.95196333355608
3.4248303144952637,10.563972921554734,0.7389135444125352,0.6134722770975566,0.7003305167165904,18.16693090277997,2.7731519878771707,1.3746098624403902,1.2499991687845626,0.7197775133126427,0.39405550555303054,25.79020298328686,0.15807159033731913,-96.08640846483995
3.400749772419703,10.186306213457925,0.6592627831197299,0.6787268506862861,0.7782359994412784,21.86935824925601,2.8869135726042083,1.2820877470820795,1.1665141312174474,0.7829235299004295,0.08204962437524733,20.307099664561772,0.2099559537650752,-40.8095301705347
3.432750592097615,10.728909738092922,0.7035352929471782,0.5646830219097283,0.7616781471591554,25.588276025006834,2.745657621001323,1.2371487384737214,1.1787068089349106,0.7617592311823196,0.12819630166163112,16.284129949758512,0.19088371551245645,-34.08647286773824
3.4188524016623774,10.765655211730682,0.908209394431126,0.6039950546328658,0.7653636313796759,23.725940692397902,3.231300567713139,1.3143188904327157,1.1589578751975682,0.7254518886535092,0.46356885105029133,24.588736988878704,0.21640896774540241,-10.926154434195439
3.4366769452510875,10.190691974642515,0.6998551244577036,0.5778514659115269,0.7213716670165402,18.34939460120982,2.9135201219369447,1.2589903730465806,1.369311736188559,0.7868540447848142,0.13386134467002703,21.700004121897905,0.18400101824495074,-30.583897131979086
3.414369709493447,10.31692002203498,0.7453775827774718,0.6169915356438257,0.7669397592271772,18.024360669481716,2.6950812954877645,1.2286499907024473,1.1503443016207988,0.7319541989076283,0.38462651484828875,19.100484059747366,0.15300022440020342,-19.53872507294207
3.404102794579963,10.267026507374474,0.921147836593103,0.5619805004156476,0.7477146140764597,27.700472695250454,2.699314876843271,1.1084940113558988,1.1144947018199647,0.737228887929272,0.25586296614205206,21.005533809393807,0.1815092279166195,-24.01399753331276
3.4270989439330393,10.722629210946527,0.9426148096643898,0.6550134027144892,0.7609925469827168,17.63063483912433,2.769895239985646,1.1193916552818504,1.345530851476319,0.7808688467926543,0.49047172192658783,18.595565338414666,0.15979558272988328,-26.33904788625695
3.4118538336957367,10.807217122926852,0.9946270106282349,0.6237473521001924,0.7619283414165828,26.07055233841594,3.1889405734577734,1.3169272377004937,1.1266757978209163,0.7733942763992847,0.03736811435831825,22.76479240150625,0.15336927138182244,-82.5072990308984
3.40284206409383,10.195972197705053,0.8361458403146237,0.6432044017612789,0.7420395563845088,22.54054239955894,2.726265357142807,1.1728532796537325,1.3779230025308284,0.7388654391453777,0.4499030157464751,14.334567367985295,0.2175541117087273,-3.592272685685927
3.4307598121430956,10.839401228499197,0.8647552383533201,0.6261412590441033,0.7173529526833562,25.59455374341691,2.6652947064933534,1.2841118351095793,1.3041646898414092,0.7195697627546289,0.488076488537248,16.606291175213897,0.1997351439362181,-99.226820888939
3.431263054510487,10.22818781138254,0.9553297046561997,0.6628058578285247,0.702955987511764,24.937553616432517,3.279875069101241,1.2964690070110343,1.1572803472858286,0.7064313646276187,0.003960231954698422,25.88666730496409,0.19031392116703066,-67.41345232846567
3.4161802085113,10.867247696215854,0.9121972781599725,0.6432865945802843,0.7014330775921531,25.52322227004892,3.064815306985453,1.358007895173333,1.2799754323395334,0.7780201011397059,0.15232625239906492,25.55495145814467,0.15788055445191143,-40.842387790929536
3.424048943186565,10.453231070047233,0.8903085787812814,0.6426152339639277,0.7540552660030582,23.63557059183899,3.203829822098606,1.2449337088098442,1.2556513005557008,0.7872713515543391,0.3297155887940398,25.066813837527228,0.18866353574599132,-119.92142532884696
3.429341366137492,10.678300693882385,0.9926527720187999,0.6036708439116463,0.7061866529469691,25.14376696509769,2.8809115401835133,1.1742158167431254,1.1038624409748474,0.7448551308553741,0.007634926040727152,24.4656458873792,0.1834443303376782,-19.25491770718338
3.4191101707038825,10.846789731623248,0.8969619157067656,0.5641797901215773,0.7765870924015597,15.38076895145074,3.1331323798696515,1.1248105490978058,1.321777320602641,0.7480988076735854,0.40419214096836,19.720568742786536,0.1554716595830839,-102.48789453075423
3.409336195803798,10.841014180109024,1.015576362609569,0.5554541926680548,0.7133902260929406,20.348921175220475,3.2562622988799705,1.2701536073187845,1.2002135821486482,0.7345283889404944,0.26886273734813443,14.376377801868905,0.15397491297913188,-59.84222017448336
3.43601911071064,10.335785647060328,0.8997080400825517,0.5556216991622187,0.7746874144486499,19.477914010174224,2.664108091700908,1.202689467673326,1.2056059660637413,0.7409866149831627,0.2202717599415298,15.270559308635193,0.18864627430875203,-111.17871544953293
3.412445173290226,10.433044658724969,1.0151388203560796,0.5741060806852,0.7328039930595155,23.011221655098435,3.096666782633445,1.144021590513767,1.1989918278852472,0.7464823712057255,0.363497210000481,17.397829249109975,0.2134291743040106,-49.21150214482316
3.421466361400615,10.662604347136794,0.6651002089643173,0.6635009834111523,0.7723926180316529,19.473506496487687,2.8563753142025963,1.3567254591700986,1.3552702096723601,0.7463788155061101,0.4129942447545557,25.829756802157718,0.17206644074824545,-107.70682929685972
3.410961146797699,10.598010652357752,0.9342580744469692,0.678175783690653,0.7102416101542579,23.969168405809082,2.73269257310493,1.1634096159433207,1.1300663199520347,0.7472887774862812,0.24128558500405436,22.264974486382826,0.19601780097108654,-86.87122783566812
3.4107202631189977,10.220050665633602,0.9499885338513476,0.6808866993105342,0.7478159137489835,19.703563565679232,2.648053977006132,1.393293339647356,1.378535462144233,0.7544955286222929,0.3520585145893471,23.77375503748895,0.1924879971168787,-82.9825771509507
3.4093100089341264,10.346503381955984,0.8360590992255894,0.6112670745798803,0.720691902518995,24.358313191278903,2.9151040101830406,1.193865277601889,1.313882489349913,0.7838038560140534,0.05062249724871822,17.544900947851445,0.20945339239317534,-80.99317307664326
3.405572063774166,10.562437766238077,1.0277242638250377,0.6018899314556663,0.7389643992482476,21.366533021050408,2.7349670285896317,1.1562471672651353,1.2021421034823592,0.781287442728482,0.28468919762802075,20.62680083943542,0.15198388470264088,-39.814630377655675
3.422403851223357,10.317609295608959,0.80399081385938,0.6263367658747441,0.7448507347451591,19.03443979283528,2.9073946286430568,1.1608783027026681,1.171463964056068,0.7623256025831641,0.005003086482646078,25.167534485429286,0.2184133368969195,-86.56493013358511
3.4094570819105314,10.020254174833314,0.8536106123704352,0.6573989350003554,0.7698490107636686,16.86624315845634,3.0958056837843984,1.2993156569673168,1.1001980417609114,0.7583228972771121,0.25333514950113106,16.54909345617373,0.19450290973318551,-41.66362058213279
3.425192181223237,10.344441293994043,0.863787026010089,0.6536369405481494,0.7431830491812194,24.903661599993587,3.0810957762638265,1.239725196548798,1.2381288668258816,0.7078969708437011,0.47184786706301923,17.070498787253523,0.1841224034856375,-12.57954826628702
3.419890445781386,10.30658870604612,0.925108711482088,0.6551679325681077,0.7354269721394936,15.775864934491063,3.1529598411000106,1.207729811551711,1.2061042686082357,0.7245589263313221,0.23355144863463587,24.810864692368032,0.20341214827989657,-93.95434646742105
3.433599988242398,10.543785283839977,0.8899004821312713,0.5876181012770341,0.7057969693899375,22.360686039128506,2.827391251794228,1.1690316994484289,1.3889945090846785,0.7027468911550646,0.1325517123186394,21.63335458523179,0.19749183668330084,-87.51403835099956
3.4372062644350136,10.832854884244862,0.862031432445065,0.6289629194080124,0.7667128527353463,24.192251926583943,3.0859961483355516,1.1214218412440988,1.1733893440147718,0.7514091720088322,0.38214993253895346,20.26156124816611,0.18273319704265248,-92.83441548581621
3.4085491727059978,10.080175978561115,0.6728359565904269,0.6316914242468684,0.777664807490158,19.071848378779137,3.141457020320269,1.3522291068970511,1.2767133717193,0.7416873223717123,0.34197217822013243,18.375426032042242,0.15767271411085015,-63.95699996028793
3.4301654411520968,10.173966486653274,0.7511136609025015,0.6923397232538295,0.7653244495651208,19.92981221073799,2.9693835311994112,1.1310582394012452,1.1734309208805258,0.7054850817458315,0.05030192467145658,21.504803711614596,0.20136993277190118,-81.75416081036448
3.409086830379576,10.228338589563306,0.8119082823438547,0.5979024605079337,0.763770927591587,19.845406868010365,2.860759988342511,1.17506122909022,1.242212111570685,0.7589082930217061,0.1738822049286957,20.821652093079166,0.17955721868653968,-111.48706360665874
3.4183180799746484,10.120945144316039,0.6664212765455451,0.5805655801214761,0.7469286349479812,22.523764275014024,2.9610041081871437,1.3055148438685409,1.1468743355385553,0.7730004131723914,0.486253843834656,21.629252563567057,0.2035742257144767,-5.819608687977123
3.4289437047537046,10.374525717059338,0.9191971922731842,0.6263013388302618,0.7723608534079462,25.98225580923735,3.2741714651609835,1.2238664850392293,1.3330127834991286,0.7764801853954205,0.1271584682611067,17.54783568365962,0.15624174947851033,-114.50608115549029
3.4145587474358914,10.350800224992746,0.910251293181273,0.5724421795828546,0.7648812812025598,21.10184769405911,2.853861510895063,1.243560475718137,1.3788098085788245,0.7704707795330522,0.1871648667859123,23.160527128496213,0.197825943216695,-86.40564672186487
3.427005407712116,10.722851942127967,0.7123761222495527,0.6984725416872367,0.7400772774234309,28.198346344698084,3.188914825306891,1.1321332136755595,1.3143747338040357,0.7511774101274394,0.2192347921195025,23.633639909382445,0.20669359408221188,-3.3189963485735348
3.4021737983412774,10.867680966314268,1.022864439892976,0.6335300999218431,0.7294812089948043,25.506892731344735,2.7254547505614064,1.2667947803510122,1.1463434498616787,0.7544383910769785,0.24504075499902558,15.154860729418496,0.19634076926693317,-48.38234388409016
3.4057218824594573,10.648857194526617,0.7232132299003144,0.5929375276141676,0.7435823513833228,20.113056491190964,3.232579415680079,1.1393660229213003,1.109037363671331,0.7493493940761845,0.0921403019689128,21.819671218856413,0.16866147820046745,-83.98414822286993
3.4024698433812857,10.102147520403795,0.9434564160885277,0.5913049090387122,0.7551054660571324,22.608943927554307,3.1678644248557357,1.3445648658797642,1.1868017473494221,0.728040652060167,0.24321026141806068,24.9879119943873,0.1543383829821372,-50.921730118730935
3.426045794412349,10.549965211166345,0.8698263892854415,0.6827685943726259,0.7109269681329968,27.763457271415156,2.9696233135395502,1.2149927295631564,1.3520951270527437,0.7873225379757169,0.1937444086321501,18.034161177616177,0.19828138944709742,-0.24881071707315527
3.4158125437143276,10.365669406176682,0.7845848751190851,0.5989752395649327,0.7433102137022223,28.09574508029109,3.2197080955349002,1.3427079864690534,1.2193874773174684,0.7312279249090313,0.09103329263646606,25.104796154137667,0.1707643849114172,-74.10338244352288
3.4367458792820536,10.293141216540496,0.9097158647860938,0.6467601916446571,0.7709302980267588,26.527135329715843,3.1568639292825242,1.2581442430854632,1.286205860040479,0.7678519423731411,0.4588434447705267,17.159378317284762,0.21807953759088583,-79.92456310889075
3.400104635832197,10.65720012754051,0.8703333274789293,0.5455956943326381,0.7567512872016101,17.846298539339138,2.955556389519401,1.1780067451654397,1.149653388504807,0.7234852543991694,0.13823794368790565,25.87103736440951,0.16709242778010105,-38.12249159705638
3.4025620773066008,10.556597600356879,0.9075825585233105,0.6886662107011159,0.7547137921198029,18.52320854138729,3.0684356382338156,1.368054163779636,1.1726219107448346,0.7958009846821005,0.37952373253276467,17.846429540571666,0.1624409875984183,-76.74787644540827
3.4027230376033137,10.842067578720314,0.9030528508791786,0.6504184779877908,0.7184881766062526,16.846719707105297,2.9131832853495623,1.333414394338868,1.1749399050700482,0.7224154006070501,0.29891349465164185,16.30940864267559,0.16336919899940788,-26.060125117511063
3.426994982925452,10.177932522330895,0.8764100567960703,0.6827231642083402,0.707557974124684,20.95683358353302,2.8450940070931665,1.2089591210955264,1.1555137241276072,0.7563849178734993,0.4904057951171067,16.115256825154212,0.21495831687187578,-6.156975834698372
3.4236034505389537,10.730261239879932,0.922030763021825,0.5581116036334186,0.7397322039998676,20.827517134975643,3.213660319622125,1.114321266093268,1.3491302731165908,0.7032542671949796,0.2477692585770596,15.93987203497537,0.21144264873050028,-117.77569107135493
3.4283111823577204,10.340624744203797,0.944576038860391,0.5964023464248829,0.7754587570021932,19.914422159986326,2.7973719853450487,1.2254945957382763,1.2042626859705474,0.7294771081562954,0.2907774348428117,17.282395964724056,0.18669400021465568,-83.0768190969608
3.4033523226991065,10.041300466984167,0.9567113439349055,0.6357181676623801,0.7018934039465938,23.555132292930075,3.2747539869006896,1.3231746119660648,1.1404195210764128,0.7892743551792168,0.17162988229994938,17.78590923087434,0.18822998779529557,-36.805517893730865
3.4054548535111837,10.57344872921341,0.7144433177218312,0.6313687487078452,0.7359948566258009,18.7983808968633,2.865839155702147,1.2579871288937545,1.2447753298531716,0.7183834770950606,0.4913087657355127,17.102025528899148,0.2190099114527529,-27.06676622611954
3.4321587728385228,10.439858823286842,0.8273635943269376,0.5402660888394275,0.7266635508623182,17.071900453405522,3.0129354584625374,1.2157505639982011,1.1351825571609875,0.7743096797984166,0.10917626093162718,22.016633984944598,0.1793485758151749,-54.69459656264456
3.437953083513174,10.266574251332926,0.6914787281807634,0.5867529758190487,0.7696979043872038,22.853306453029195,3.275377420083757,1.2552387854815454,1.1038820393930264,0.7450313943466321,0.3060187313482473,16.451944521859012,0.20682845601701885,-69.422580805882
3.421142766890543,10.632118607759445,0.8989549926416689,0.5829827854813547,0.7255375731416083,19.251767809794643,2.73137384151502,1.378769025152954,1.1959467943407636,0.7695836030916761,0.2838178001324211,14.030619982982703,0.21632448377546667,-70.96555912571685
3.429948619623954,10.083836121776333,0.8448405789563601,0.5817683680305697,0.7556568704842243,17.257380002011583,3.244990905833755,1.210047324565252,1.3309829787186624,0.7746222839109406,0.10479559414416335,21.55941116963629,0.16047731087383088,-108.30669675499962
3.410582188464843,10.345374828190275,0.8202337198669098,0.6347197593921343,0.7552405527695574,15.804770652036533,3.2510351700244082,1.181074466253182,1.2178241872862339,0.7711533990853991,0.40440191977923323,25.091607984312116,0.20761785142505595,-103.10758422299298
3.436382630261202,10.329741368944715,0.8915782153426131,0.6179019335814798,0.7476667469829285,23.93166364626059,3.2626246628702633,1.2012628841362072,1.2726728729369863,0.7191613140689197,0.1878845975556528,19.520580878088957,0.16820141183498602,-11.727966966408871
3.420020973970826,10.449115623826108,0.9028106385581036,0.5550762161143811,0.7235042634484905,28.392013199784238,3.0791293367950776,1.3661081736665988,1.2981839001310826,0.7845066781122421,0.05910128097115691,21.54668159894105,0.16847309336191993,-71.91786668832322
3.4305408307504,10.857487986478901,0.7972022248673063,0.6706051532472743,0.7579940239118026,19.532245131111118,3.235876334730131,1.1025734944523717,1.2325406893447084,0.7445631944937634,0.44965151202874126,24.211962136316274,0.20450548122099588,-51.42049469925736
3.4392147300368703,10.10254632125652,0.9195570884007138,0.542489267271068,0.7443063561349823,26.200875732272102,3.2720694369926204,1.1450450819699478,1.1765154076465485,0.719099988466938,0.4069272311605426,22.618970626697166,0.1896120818877396,-5.3905543957525595
3.409068342719936,10.507158054402856,0.6798539032998985,0.5885652317594544,0.7529291131548475,28.17393580714129,3.120527637040201,1.2017372122048868,1.1078248219966729,0.7970445946644343,0.1700500261365336,25.28135106272513,0.15081822057199012,-38.02212357633846
3.435173148637997,10.779668841403204,0.940651739662042,0.5925059859018648,0.7486154174795588,20.299275417742216,3.025871564281689,1.243295780232105,1.2940004290328915,0.7475806707868221,0.2351642045619321,15.528580669249132,0.1974149567120171,-7.600063739556845
3.430612172224686,10.412413128781553,0.9344310374746698,0.5589563737747107,0.7761036989558135,17.034158842970598,3.111754007099486,1.1563042330679782,1.116121876938924,0.7094864083139741,0.46169217459207346,25.196575809248355,0.1986265449947348,-68.40561026172539
3.403468070904304,10.144435866938236,0.7501463853830818,0.6193373548555181,0.7213595165521131,22.388451895042966,3.0946012761164825,1.3899971816048322,1.2620299182259422,0.7359797902839503,0.013099429987839384,17.933070888141323,0.15621613398726802,-25.80581095644962
3.4318407618288456,10.116596953692584,1.0235128227987864,0.6142578561894075,0.7496532422291365,23.983332883535226,2.718673282517648,1.1519951194712392,1.3010076810244575,0.7190069695939626,0.12162911999871676,19.841441311649056,0.21847296901213678,-104.43439375531257
3.417914602571575,10.189163831152213,0.6707723620212526,0.6274979883505768,0.7645699395079371,20.885660574669604,2.9628879077018517,1.3830694006388549,1.3204776425860534,0.7499176716843763,0.28319983150364575,20.52327935891905,0.1782181116692479,-0.9497588754742168
3.4130806123364796,10.830176735007282,0.8908766101895189,0.5718361172405113,0.7571082242513961,24.836131923038717,3.077733385453676,1.3065281514370344,1.2080613050511857,0.7250938168387129,0.25738022605770156,14.470611388616847,0.15031128255102166,-120.21590673439812
3.424241021974225,10.873806209777989,0.7361022230608181,0.6102908713990535,0.7337441886704759,26.351257357636165,2.8619680904731126,1.1774660883466683,1.3132090165835013,0.7667176750342457,0.22996286920050937,19.202376611924524,0.15844029343055238,-86.78326501352781
3.4260311007838484,10.236040733955504,0.9877810654791987,0.6517417988511878,0.712985954041692,24.403306201702705,3.2546217172136798,1.2531534383212215,1.1935893093436185,0.7477249356251737,0.27984395032463405,20.836820032029923,0.21222616657254628,-111.6736515336388
3.428921891354689,10.079839321230175,0.6684275473108027,0.6348848102609954,0.7080967179863136,23.166936134722864,2.9287353849929696,1.3985653690511433,1.289790815795384,0.7099626927228424,0.18451169641259701,23.770104171980087,0.1658369497650199,-2.9223685198419673
3.4148043855472356,10.038594922228775,0.8732539519716767,0.633056447821921,0.7331336053644049,25.260181980398748,2.726655746848295,1.379955436732046,1.132340908678264,0.7605305421625348,0.11598489256748014,21.21581110661792,0.21266107692403838,-31.1868229730446
3.430147545434072,10.491238849861361,1.029903929146835,0.6867559571260242,0.7072757295195783,23.306776830450847,2.6494130214942815,1.1167868481105536,1.211596887535883,0.74043160018501,0.4322759521212796,14.040601885175597,0.1705088690015771,-92.66029311609755
3.412821473810233,10.558975076881561,1.017554191481293,0.6269385464256263,0.7575280891781685,16.490369887285656,3.020905485517075,1.3903416582209474,1.1133519151756934,0.7032632892540418,0.04683269937518446,14.179224589569964,0.2186140870781017,-35.58414379809133
3.4286028035919816,10.122723681627665,0.8005291801932357,0.6396346777915712,0.7434952536030238,19.83916704886243,2.787032348509219,1.3778766694555478,1.2605607640506449,0.7597012070301653,0.1688443937046486,17.467434872615136,0.18794198290011777,-114.18680976668105
3.40558789032409,10.065147544224867,0.8555030903203154,0.6690022766453245,0.7099563633500646,24.60897274138835,2.8517876829592756,1.327202267450805,1.371664908918348,0.7054018080829786,0.07602779161732688,15.682175665699996,0.15912939413403165,-110.66599165766581
3.431662847873487,10.328228727432602,0.8449725547196945,0.5549591358315752,0.7354387647349608,26.98787657180938,2.934885529240463,1.2029554635730957,1.2521760459518416,0.7328659342365124,0.16419570555113677,19.06995029197123,0.21406052749300047,-62.855683655260016
3.4226469669368247,10.303888193369108,0.7789026255408938,0.6202010293556179,0.7506218839858427,25.57685874036643,3.0185890357393452,1.2369170211508744,1.3972601473847401,0.730739881078897,0.45684234662690776,21.177540868477273,0.21662185858287877,-45.64443128411294
3.436123426714618,10.549645583428875,0.8165760791027529,0.5444999444046812,0.71885553703536,27.757212469366728,3.168284034948055,1.271005605396592,1.3269862921358524,0.7867498021097855,0.18168557040162484,22.028067267733125,0.18887385717079597,-98.15695925188774
3.4203787980294416,10.825038305277648,0.7317882121290615,0.5768428820545183,0.7154824500222599,27.055561050770436,2.941071523034227,1.1980684151704297,1.1975872797783393,0.7227229737283665,0.4660215086278091,18.550405864617698,0.2017022979042478,-38.80641000657738
3.4333711741650146,10.11674589596786,1.007340434208086,0.6227070228397609,0.7565442409100951,19.565858030061634,2.810666644666891,1.2574700052242571,1.3727039270222396,0.7928102706048532,0.03988121172567593,18.276628667375892,0.17327084527975778,-77.01482469716164
3.4295575076195286,10.48181536087645,0.9889937730610275,0.5800523918412183,0.7556053029480702,23.309145751183188,2.8989665443116484,1.3607579549284352,1.2032810050397482,0.7668374470043816,0.05355015910571923,18.332486593059066,0.19310378174424758,-118.1456202783042
3.407399324602979,10.088528695942383,1.02405852818421,0.6684071927102813,0.771480925926733,23.89976895474909,2.9122364672579906,1.3947814486687662,1.1342113249864905,0.73862398299518,0.4865299585708785,16.305360731140592,0.2179023242640436,-19.990505902519544
3.435592419929103,10.61097025677823,0.9361956315064319,0.6876224695973481,0.7221083614790968,25.67205876771183,2.863288440152652,1.3874465007996093,1.3087646462901035,0.7341184739252868,0.17972687267439277,16.20149199192842,0.1548457138537891,-85.92672946816732
3.4098795249390643,10.606976652601933,0.8296740433787338,0.5829626844138961,0.7463210763241462,19.302536911877922,2.946014063785097,1.3179859475625753,1.3833564318263054,0.7358851992472549,0.32159362306689837,15.308349708008839,0.21247725484255542,-96.0182302880038
3.4133308212797977,10.36238576170123,0.9581051682265269,0.6957070094867275,0.7427682552018768,15.807301100515058,2.8092889913479477,1.1239084542406073,1.2530986839192695,0.7010778163447501,0.04327559068166135,22.25524112048145,0.16270629962074074,-18.73376414898061
3.420170148070371,10.430040712650708,0.8670413251539189,0.6023052954661445,0.751694443776986,27.47096848083823,3.068703323738694,1.1437846790760329,1.1819542330315758,0.7915613694254809,0.07864816722486957,22.353708776136013,0.2050216948569305,-20.852695097673816
3.410029495653955,10.265006204720402,1.0131091482889996,0.5900493519040034,0.7535350562701653,19.434719946324247,2.9107957269921743,1.2500989934032665,1.3129973601572076,0.7883783432763969,0.2590013619649544,19.157602111153672,0.16488600718575766,-106.88561117490406
3.427555402580604,10.192507243047102,0.856020912750041,0.6877935205009451,0.7331413972220696,16.52292880596218,2.959649432762313,1.2754420210262385,1.2012099057644152,0.7279968399587216,0.472902291684064,14.10875377196104,0.2023683015035253,-41.69106446534522
3.43929714471019,10.75934732411681,0.8463449925286785,0.5588258247583594,0.7245098859072636,25.966326274902613,2.895703401545413,1.3179546507379092,1.174049185604686,0.7176070157424015,0.21676086440512496,21.020007541232214,0.20082396191594293,-10.682052396401474
3.413274223780937,10.154424588814559,0.7023983996449559,0.6227899788026025,0.7028723131109851,20.472126097514998,3.266449151802913,1.2084148514127213,1.1971817239924674,0.713993193366512,0.19455398409848004,19.21020786545192,0.16181554869320824,-27.963343033219786
3.434555915101818,10.357910020207726,0.9456884904784877,0.6147819248908177,0.7448746516473442,21.35601085744964,2.8617943677143964,1.202998400925935,1.378406959992046,0.7402294918516249,0.25264723135479833,14.37764307190606,0.1854747414455345,-55.974521389402355
3.419112017676541,10.434153598265889,0.8352512608447944,0.5979129571127088,0.7154314652198175,20.03294160873968,3.005618216957503,1.1821084214060957,1.1776869027530803,0.7007278737948914,0.1499241479463609,23.836609134797403,0.20803004225964744,-114.91232977194326
3.437003489075534,10.5135478722178,0.8886028205093631,0.5894719306736828,0.7445697549237091,20.514570202431813,2.7326461417623467,1.3072419824382386,1.2899232103929021,0.7228380037924182,0.4452966429791097,21.6523268630146,0.18588979018047824,-66.55825210358262
3.4199572095848785,10.005975964966302,0.8647118910259819,0.5696923318187458,0.7350139986112804,25.202790503815173,2.9595504898820746,1.1932076405905279,1.231331833130745,0.7446899127024192,0.042180087512840525,15.680605629592973,0.1595555667820844,-91.07633871161306
3.4024572573000578,10.574107162088646,0.9383599820572739,0.6556147045045861,0.7089807090244105,19.843743712612984,2.6836056717074848,1.3755062710454025,1.3760175975323317,0.7814794753514722,0.31169121219378554,21.421498787179395,0.19456343873990525,-35.984469537031046
3.435238820283465,10.746086779741214,0.8614224153052741,0.6109562432717066,0.705635206610047,22.916116213039615,3.0892433562837622,1.1506179687538558,1.1732680441336099,0.7727863661122976,0.25810403244115676,16.147826554901297,0.21780284074258144,-74.28754239309681
3.4103776450062178,10.168903905772005,0.740230399680051,0.5849260657635087,0.7550795849913279,17.82740128346773,2.685651790400491,1.3349304707586462,1.3453567411193148,0.7270445136557174,0.3996368875262825,25.159530934324344,0.18333503717095057,-69.63254678341492
3.417943267076277,10.634021574630367,0.9703167785055122,0.6956309253698094,0.7412221695732826,20.537646648446547,2.810004974191155,1.1248566235238433,1.3021930042807208,0.7084973168592474,0.4224460985510239,18.866670575215238,0.1643579493490289,-73.59957064596719
3.4205400902417322,10.803026786084232,0.6620698036734812,0.6751907613663607,0.7564186510690876,27.080361727605805,2.6954803954876567,1.226036080634214,1.2116873887223614,0.7686773521153475,0.06793736585469456,23.13019918276995,0.2018050523147387,-119.23062793181373
3.4286881706899948,10.538207928492469,0.7852148568603932,0.5423200471536459,0.700780937052995,24.92719725453073,3.2327345244234715,1.2606506471918721,1.1517724645391165,0.7946513876447908,0.2560662571415072,16.44211693005523,0.19269346513708818,-103.43836447726272
3.4181269441173896,10.721290345190294,0.9660453094645878,0.6228173958932548,0.7619509642892203,16.922821655770363,3.174108015571976,1.3020636832553634,1.2974007961268919,0.76293817771755,0.312115177810112,15.248436530924645,0.17813021759862935,-2.2528912413271627
3.4178923215904353,10.439923415476375,0.9840317407502752,0.6320558484981174,0.7060227403868952,20.078607310583862,3.1130977636289985,1.388948732823545,1.271032371621092,0.7874591483811324,0.4424900671246074,19.72840016301427,0.1959109788080463,-24.05411035968237
3.4187766626934564,10.407922229875208,0.6613659354684158,0.6949117610504598,0.7025325959862215,27.85283936181276,3.2223840107960795,1.3825116325535356,1.2133621980375513,0.7698154277586713,0.05788236571835735,20.0769923856094,0.18589811555336266,-117.36265473163613
3.406127219186211,10.268037174778849,0.896859555925367,0.5819600785761723,0.771972762821327,24.478410661141634,3.1283050815692715,1.3970362322985181,1.2271659866418154,0.7619365626566832,0.27522284963714927,22.270034545572102,0.17354412560895377,-6.58850944676
3.414827638664086,10.576745794506568,0.7728613564981422,0.6602088967189459,0.7063552260875062,20.967233340786233,2.8788836812803695,1.2652514099343732,1.2302267393839799,0.7577903804908194,0.3429065249102083,21.802576735121605,0.17142326053028395,-79.0146471542806
3.4296906643679557,10.5844071777876,0.8286762449439633,0.5406679456675809,0.7276444080494658,19.3087851007662,2.9585199775891966,1.1027869992437882,1.3711666975536123,0.7003364060396124,0.4832826073610121,23.993410494887545,0.19122445127495225,-64.54210265473151
3.4207356830053253,10.018321749207836,0.8715126450791251,0.6726838384516882,0.7398040554771839,17.29362026363224,2.999046976699132,1.39932511120486,1.3669880307727023,0.7066648259957354,0.2556912980421218,19.19927095310507,0.16003313389789517,-77.54814758916629
3.4109641292107282,10.444922833988084,0.7581237280653521,0.6356021677170353,0.7266168107149162,19.35655576532225,3.1254560023904805,1.2815239560926637,1.3195989398133634,0.7096229841324674,0.07296902851872251,18.651258846298514,0.1862267609833746,-61.695747356300615
3.434725707189917,10.460668866614458,0.8377810469772231,0.6393923497897893,0.7183906608979956,23.446110926173503,3.264526928069806,1.1845569142062242,1.3144383864912288,0.7448376471729075,0.28329486182728086,17.288182132495052,0.16522011092782007,-3.470136460971659
3.4084296235108136,10.061435548098773,0.9918824265526635,0.5581459430585541,0.7559179924607806,26.953319548299156,2.947864217981261,1.2809316578563972,1.2068271199794023,0.7883518756438181,0.10068980383395314,21.463089392857782,0.15810983719401622,-66.53518593474024
3.412424692603836,10.61256765481745,0.6809794897280192,0.6534589070616185,0.7695726550766968,21.057351327937607,2.6631854288183403,1.3950807815709108,1.3763606662398833,0.7133944980126056,0.31822282032680577,21.951817160625048,0.17952814573175954,-47.964189757343206
3.4056578215228615,10.81765915856983,0.6752992902330073,0.5829566565717811,0.7424714831310889,27.239589050780907,2.729086136819887,1.1305619972758838,1.3825042811845671,0.7616262900139205,0.31516943103428846,15.522491828653232,0.19018259320664865,-81.51697518849609
3.425879911420494,10.229088064357136,0.6569356736182518,0.623338255005418,0.7183731362622802,27.917348244138367,2.678848751883595,1.3167793976571835,1.2955545444240897,0.7132075728822757,0.39205133479145055,14.984123490551497,0.2143411301498085,-35.37053332384582
3.423514884121579,10.756938017720449,0.7759656934260681,0.6494545616690548,0.738451026687769,24.096444485787302,2.731575786952116,1.189377132125265,1.3969833199977297,0.7191476840000274,0.34670411888210473,24.017549440773962,0.16674507367711483,-3.9647062807613054
3.4364339059526876,10.781830722230659,0.9622849459430806,0.5563798692343612,0.7298374555840443,23.48756631305661,2.8607261883604367,1.367061036184051,1.1605086924535712,0.7211332659900811,0.19204500186091272,16.397991857108547,0.21342189059328084,-57.327366793373116
3.401809900562935,10.598774254452747,1.0139354403234977,0.6052784567696063,0.7331559389516032,23.95296934095179,3.2713652065497767,1.3263548347731047,1.1035427455546096,0.7901543566518406,0.3204161025809403,23.49537983292307,0.20929543768397618,-30.852412192089275
3.433888035628673,10.779429048248792,1.0288713069954178,0.6165151524171735,0.7343810410181361,20.59137642544698,2.7194219616697457,1.1426720887797774,1.2000602663159539,0.7418567205029423,0.36903310059342287,23.975359439160847,0.1920942868260256,-66.78932954575184
3.4102668656552715,10.249736649625936,0.9389382277176639,0.5629770516167144,0.7430907925832888,23.747255260667153,2.6941923551191036,1.1349739943602568,1.3140570851836033,0.7256668858637981,0.3301925476466153,18.434130506273803,0.2067327295021359,-57.59823220050613
3.411225847658951,10.21393363103907,0.7009814435372582,0.5811408536617801,0.7285413075517035,19.46208563807614,2.9192112278256706,1.3943367581986914,1.1443202442251668,0.7150529921943742,0.48616505362918366,20.07494997193093,0.21330104741228517,-11.821686167352482
3.42402369617255,10.775746413163894,0.8351640184182334,0.655723104567931,0.7218244261687772,15.655293304030076,2.852683953661839,1.353438758262961,1.399120753826717,0.7306222984126114,0.4148755845566379,17.14300804097774,0.20879775834991235,-62.495414850524774
3.4261719399730644,10.322922213515348,0.8872909883757012,0.6324095993678277,0.7208571664900986,17.05760393789251,2.934605631009378,1.1062075525636723,1.2403661490226048,0.7245297039050441,0.4102215646219641,18.294782103385263,0.16990233642685718,-68.37715905234192
3.40216396583762,10.143191870752242,0.9500734626658719,0.6018648505031726,0.7490377182870138,15.547929126175053,2.762034952360052,1.2644138652013979,1.3578091149703504,0.7822365405589513,0.272992590743214,18.752419895553796,0.19107461829395517,-68.89215646369833
3.4214590625923362,10.18131228448249,0.7628277633920222,0.6611606014870556,0.7041699871670607,27.988929941839626,2.7394005942718938,1.335083909724074,1.2891870689663336,0.7833780285484995,0.22171103815675647,17.942383182112685,0.16604290485914872,-50.75413941077194
3.423966547322758,10.567899629806185,0.7272088774245103,0.5936992564249113,0.7197640923225668,19.963547278614108,2.8270545485420344,1.1699088098527055,1.17666982543604,0.7486987688336008,0.10243052350288916,15.240159840273108,0.1515825320061034,-121.22202951267738
3.4084891894753517,10.537765115206664,0.690517737860925,0.669726378435544,0.7550872052861181,17.31111744440743,3.158026891950393,1.3931220564443303,1.113160183778635,0.7418170229475269,0.3720960661487162,20.459299092512538,0.19918613637263644,-121.78409327001282
3.4275629141928663,10.637872009163784,0.9025490557877925,0.561267557416485,0.7766300320738863,22.95391812007007,2.8144653117185583,1.1733349138435336,1.2614060504487694,0.7992144095835783,0.3577979134376238,18.606764851095388,0.1756993053944783,-13.449199277794321
3.4068271388817983,10.13964387768721,0.6993792496894069,0.6780981873471672,0.7457465766620631,21.37519707685949,3.2299026019574617,1.3414156865795868,1.2945631572656542,0.7123613666658095,0.1318782979494962,21.93247197778718,0.18079581789931437,-102.55973696409632
3.4073830570232855,10.599565305091161,0.723118103581684,0.5805891244412208,0.7485899855089598,27.182825872340544,2.7311710713522737,1.386611759482471,1.145286862558151,0.7935652957514867,0.49701580112372395,23.72698567790613,0.2024911080433821,-0.5477463109559295
3.437819347961332,10.807314942883464,0.9746549197731982,0.5945479258484074,0.7524970042975964,26.436368014065344,2.7061573532903354,1.1458269780628716,1.222417112928471,0.7717092666565271,0.26771954435206935,14.057709219577218,0.18472823400817132,-120.42708246210113
3.427185327729205,10.520918903517943,0.7264335008477871,0.6726578607399643,0.739011264810191,15.609249599103036,2.82520785226105,1.3150761182061823,1.2748679677218222,0.7885983695524166,0.322250273232797,18.09759052416284,0.1915458882127588,-60.05064496567628
3.4154069916252547,10.447705954436294,0.9610509498236508,0.6712951776999366,0.7408231260215123,26.9111832286565,3.1456848370138655,1.3643995479233357,1.3839731665390935,0.7514545504146054,0.21436389820554552,19.640871838892085,0.17966556621516397,-118.90429052181327
3.4044654865893076,10.875266007491827,0.9511334088766294,0.5713874981361902,0.714047040416655,21.314751793963993,2.808771904740115,1.1809628708015196,1.334754055289827,0.7786816576599872,0.29565785990284915,25.55092039360167,0.18492025277979826,-99.55465176866701
3.4171278968995664,10.015626970367547,0.745522739595897,0.6645622430961087,0.7675606630804428,19.255923290024093,2.7726487402176763,1.1645978317521117,1.1434417955752583,0.7885196778825092,0.367292905727415,24.8246263535465,0.19188942364762135,-73.34366744790213
3.406931256487839,10.26752131558197,0.87079161642423,0.5660191151738151,0.7771070017027627,19.015639011152516,2.7713900763933688,1.2690466894730885,1.2884739777943912,0.7995481334207394,0.4649117858188186,25.822489845921154,0.2186409857390479,-71.13052995824236
3.411195572796609,10.7172385919561,0.65396032160684,0.6310374513846692,0.7019595036021965,19.011645073424003,2.7993570846061075,1.1319076144468663,1.368218841331827,0.7905585772486784,0.37657610441780587,14.316621517102387,0.17757317408085654,-4.491143494746268
3.412771528617329,10.390639379087652,0.8513606571865143,0.6064346958993109,0.7162347627976158,28.05651149046078,3.2729538567185603,1.1956849291546299,1.378386456391958,0.7518556287151451,0.0019056698953045285,19.695493464776266,0.18713350392590503,-82.18324483851976
3.415789392749242,10.342021813620514,0.9235247038670933,0.5682829551403753,0.77225085884926,25.7798398364614,2.989015368980723,1.2007351630653864,1.245960510386349,0.7689292720063288,0.2171782910003106,15.19379545688336,0.16559521212381925,-4.665934112582306
3.4217670741095674,10.825738458634259,0.7363512599113113,0.6777154720857521,0.7588723730749733,18.76483378676102,3.0961403559834877,1.1068529647900014,1.2403121594776105,0.76438085731074,0.47451344324806916,21.48185803187991,0.16866357632371037,-7.7884794195258
3.4393843271817395,10.22998393726983,0.8731512872103036,0.6696244880290351,0.7452732502219267,17.80727213618678,2.725097747433141,1.2155092513520678,1.2961881191864157,0.7597490736875566,0.04793077950869316,18.582933818090932,0.20849882092621333,-33.470664641552844
3.401800879465243,10.586996025336994,0.7156782997931458,0.6647851307439858,0.774218345334733,23.383469157575774,3.124170032696736,1.1879513579702636,1.1970715268092407,0.7436161658602758,0.3110446744905259,23.72575111044735,0.16451364362539767,-110.20689947968214
3.4370923019223074,10.38753860963237,0.8441294334213595,0.5421491581593298,0.7115942965449391,22.303906122000857,3.0432271396213753,1.1634610707519248,1.3501881891024499,0.710065192967052,0.02248013850937626,16.257137136108994,0.18451756895532304,-110.03857775241264
3.4340846364035107,10.872544847768168,0.7035504582321175,0.6808068160887263,0.7286505059395172,27.186737210881574,2.7128085023992887,1.2336516893556868,1.1025311696397642,0.7307698008817486,0.13910332344481757,15.883538489977646,0.17832375449628346,-113.55433860804087
3.4333387471957506,10.532636055516171,0.9489637746334356,0.677469417384692,0.704134121948046,23.8708985786109,3.2020445594362568,1.1817057495270955,1.3897752237520968,0.7755235943165817,0.10810428231222009,21.41580650108196,0.20362202389590423,-44.906576346151354
3.4292720304485815,10.220286892707065,1.0182802703707048,0.5465174730384819,0.7027813103194871,15.601945030295969,3.0555942873540913,1.290582094827,1.308372563582672,0.7759927170164764,0.08908000931423675,20.404176507827394,0.15380434081077973,-45.98171224390802
3.4368245179923003,10.882926710475852,1.000714039760455,0.5557707624120182,0.7235575133908598,27.710090224717415,3.1139944654826506,1.398057105286663,1.18275248322795,0.751817169528134,0.34157679880295116,14.69221213305089,0.2015469718362614,-57.5380881453364
3.428905211807344,10.48163526188912,0.8789427961226561,0.6130452905593776,0.7262871759378619,15.86863045592844,3.198127045827432,1.3785926025614654,1.1442875774072399,0.7008855569223779,0.03190073982845676,18.273092936273414,0.19148220907608832,-28.482088858138766
3.4161124860710697,10.060589056276282,0.8252504824945605,0.6636293858198822,0.7330440827189454,19.57282191977519,3.203139466129306,1.1188640001664363,1.3454582006137021,0.7479413821644747,0.017381542394835445,21.22933532259395,0.15655359574853736,-36.059309327518676
3.439840219696811,10.125651575142038,0.9479858406853203,0.6335677512030015,0.7458812963030795,20.453772281060626,2.7975248258537375,1.260801591390347,1.3613060718287417,0.7008455629513627,0.3753826336184311,15.53548011651588,0.20012451839948908,-3.940219208294778
3.4244308588139383,10.417801969476267,0.8160075893598179,0.6896951789564717,0.7111045673187608,18.928586230400285,2.7663048036839353,1.3565753731139478,1.132577616254293,0.7500107339534785,0.22111730199782473,19.027229454447525,0.19020806886746303,-53.68385976717205
3.417004019644403,10.585525359418883,0.832097039594019,0.6388592138577092,0.7467096141353713,19.722965671213995,3.239064617288957,1.20199948309205,1.2111772796657279,0.7059783991240252,0.3702868306634039,23.603838155835696,0.1727232659818664,-10.462189942451374
3.412024862496926,10.726836362994964,0.7658506092921822,0.5834364093502415,0.7189634774074325,21.133841552994035,2.7266995156550453,1.3344863893110304,1.2915253930066153,0.7885513697342041,0.3485023194629345,25.827000813668924,0.20534135199545384,-45.115101303980396
3.4294258379555953,10.08750145531128,0.9017240637017483,0.6093091808520015,0.7338798693911417,17.752438642771622,3.2708614130047775,1.177660139110046,1.2197701145871482,0.7425727224645748,0.14199247500927487,16.739292158299527,0.1775419888655717,-65.93844240327152
3.430705708507509,10.607091188379485,0.7428837440605693,0.6600145201227052,0.7583999265833687,17.949952831332276,2.767999110249785,1.1510311616428799,1.151794727521488,0.7984579675434462,0.23961262280257326,23.30746205072755,0.21599677568248293,-7.9976086667560935
3.408135604088445,10.618767632043976,1.0215767067034591,0.637935879903604,0.7792951059631331,25.649162005852197,2.9088533147267572,1.2450952132793698,1.2358193244161462,0.7979055989765893,0.009505209923134838,24.17539109408293,0.16633622891087807,-11.381631359148685
3.4154497336556293,10.51724252317637,0.9100105254986316,0.643194333465632,0.7091944944994582,26.131129324192194,3.2262985823162764,1.2983751784579847,1.13095559752914,0.7550077455014996,0.1278324019803461,24.9464193847449,0.15552470325815765,-97.94023740649548
3.402571332884169,10.308030060873325,0.7133328639582945,0.6014955242796608,0.7731665935314606,18.32737516010745,3.1635092681201886,1.2728747849351074,1.1109042731220384,0.7327581931533558,0.05411585497847908,24.945925829300982,0.15144104349252388,-113.63009428674442
3.430922652941994,10.335057815318327,0.8546159840439576,0.6578236383781219,0.761962092153583,19.932916571094722,2.7664855234488286,1.3285742918275245,1.3366304516004361,0.7889826253222578,0.13404344533246457,22.698052593695042,0.17110983864504717,-12.32068483070914
3.406018413003834,10.485932715863491,1.0295671393231136,0.5583720014121597,0.7516333869520976,16.087175317424798,3.1348685002647176,1.1101708651961244,1.3563472734710078,0.7542068101642537,0.43634183757861356,16.27064807708,0.1619835843433906,-49.84488382090237
3.4182043193683547,10.252683834739116,0.8543454589138902,0.6366785668340419,0.7538671748233775,25.50734527773501,3.264988563728958,1.3620002540449692,1.2712780648911182,0.7442350620858191,0.08102864397809358,14.168812032281075,0.15604440309561543,-5.010463505393034
3.403070989476039,10.024785702412107,0.7454663014454306,0.560234895611772,0.7328451956586093,27.979145197846133,3.181300705795778,1.343150235891592,1.2209256329709075,0.7506487823196542,0.16112606806482863,22.996302175709054,0.16034905325773596,-67.74356992743746
3.418394265337998,10.511903157597558,0.9138324513416836,0.667057195558386,0.7459923623303871,17.450388959255,2.845486307183258,1.3868677157990976,1.125998505681136,0.7958327773375753,0.0031957119526282315,22.314837435466714,0.2124898894981705,-10.876688161165887
3.4396563072871174,10.339867571797475,1.0281848654618826,0.6700454796267571,0.765899899592307,28.158405776234694,3.0629062795920796,1.201293154224012,1.3822043775889998,0.7366455612282496,0.22922129036909858,14.294517502484673,0.19072168495614317,-86.29499294075156
3.4237192975964295,10.369168837735787,0.8421602769879311,0.692836778454345,0.7124902041252533,25.94578180756944,2.9831763900382455,1.1676921714593684,1.3304807547977695,0.7099335833389339,0.12870078523457443,21.153055375943165,0.16691800359635067,-123.41142538715609
3.4122895680554564,10.397219603273516,0.7549294579002683,0.5542248650633976,0.7531924665952096,20.90995318354282,2.884607449346255,1.3027851031266615,1.3559297171647577,0.7315518999403277,0.14000659014198902,15.526103518812734,0.15786047776825043,-123.7505098567814
3.4394049820182535,10.784949051767054,0.9263934988873856,0.6060364637276608,0.7626995917996738,18.642006695256818,2.8863280921809267,1.2315693916215438,1.1594442643470837,0.7411585735425837,0.3601961011285245,17.440418530268587,0.1963577447217531,-13.937321702218625
3.4181806895115745,10.848274040654315,0.9234467823971807,0.5725100439290246,0.7574746857878739,23.07246877897088,2.801434162078935,1.198617208633068,1.1940030389505978,0.798561810518579,0.3747869733820114,21.902415003017655,0.21850499601900236,-4.332758617163051
3.424510766401385,10.043599414139473,0.7722168309686612,0.6759715752057189,0.7557352085303443,18.093059594627157,3.0420510056636267,1.3394374627837404,1.2129989085529262,0.7320075886142668,0.4980204640757794,21.833912638112736,0.17439613653075572,-80.31896327516208
3.4017780998699108,10.755024168586369,0.716315182113287,0.5913637876388638,0.7488643030278553,23.003735712028615,2.770901772916281,1.3467561769206322,1.1863481703419991,0.7185733517781561,0.05362357756995351,18.89351418587712,0.15843051583300818,-103.96800231725679
3.4151016838203097,10.004666134118718,0.6958596844690563,0.6133482630367545,0.7179198363808929,24.61176541215324,3.276139197192749,1.122266865413485,1.2760635310421515,0.7435398782824001,0.07617318126687006,17.58962102317997,0.1825921683144528,-118.1948251235557
3.436333969114761,10.250866517241924,0.7132638567882474,0.5958413581293103,0.7349586017720592,27.87483517989785,3.1648067742844415,1.280467187075192,1.3665803826981833,0.7869487584943782,0.37706148491665964,23.98937639622702,0.15386105355163457,-74.19179252911005
3.4106616441342297,10.579886022132131,0.9525389215649178,0.6471082597225619,0.7478424518555634,20.00249903044721,3.1599163474186325,1.1515621988833311,1.2389123960293758,0.7181546809954934,0.3337929612742608,23.11767302974245,0.20667825660599481,-64.38544860865312
3.401496123826005,10.796539943094634,0.9640201910638271,0.5543755047225873,0.732717556713612,26.973826530834113,2.680675501749939,1.3088575122682196,1.23579126891054,0.700493411712952,0.049914752488954627,24.98975884642545,0.1642533009405493,-24.817733856001084
3.4225159499920563,10.891890314148124,0.658101122875875,0.5816184996538338,0.7478800100718633,26.289992182623482,3.1363092496868843,1.385578667317431,1.1028240959840916,0.7547070824357816,0.36601663994620526,19.239698037104034,0.15509592016092583,-13.919576618416471
3.4122168322504325,10.049097781074401,0.929110011003758,0.6518604448418421,0.7623560281485017,16.269388301286934,3.1375667785993784,1.1443170352455194,1.3982275567578633,0.7792619883181414,0.1810282022459007,15.208436598659132,0.21402082490566016,-42.78017912370517
3.4020716757369134,10.415948182877003,0.993135050261962,0.6877543606510972,0.7361928383031567,22.815843810320953,3.004390236129135,1.1650019811620456,1.1182074748304174,0.7915485749119862,0.32198359812886107,21.17510749431277,0.21204768385120454,-18.28616829968645
3.4106789935267687,10.047107158573498,0.8204618912295868,0.5507677423330706,0.752048086865589,16.610509778596317,3.262496323808466,1.2515014246268454,1.2040121770858059,0.7878898433137673,0.48252202050445986,17.211356351444824,0.17031718333965828,-17.359279166620453
3.426797671781974,10.708913161412317,0.7150849693431828,0.6617120496589399,0.7624099058970356,21.296332691289145,2.7328223689347375,1.1463795380394537,1.2908603583354228,0.7166541395567738,0.20057964415486207,14.776488307585094,0.186760217838312,-47.71964225214943
3.4037288265841843,10.674170136068984,0.9977899455669061,0.6338336330155699,0.7083224229529456,26.689952421626845,2.6784203693350093,1.2359047831272332,1.260673422944763,0.7073423930014231,0.3258966035676916,18.044002238255082,0.1860168537660066,-16.744111208549285
3.4231098664228727,10.380179437716235,0.6557169079204028,0.682083104717319,0.723155201846658,27.11519163675664,2.773661780699793,1.2943233846635964,1.1486797268782922,0.7101022437139941,0.1303416115115232,25.64636925919619,0.2083196730752745,-99.23819638530243
3.4289885001657865,10.062448294993327,0.9769105995799847,0.6589714151351613,0.7342730930915037,26.912305000577838,2.7476281971194427,1.35979690990878,1.1113248931438453,0.7495964138942501,0.1247676763786209,21.375964708154065,0.17563620280083841,-28.662207332265083
3.4178689274327985,10.408787989801748,0.7031382322517387,0.5761579839885127,0.7573877910146364,26.000782044834928,3.098912356617264,1.282031325188037,1.207181317239469,0.7557769599551654,0.49805439576609795,19.060441335232028,0.16503442034797106,-22.233023886000524
3.4085639941296795,10.515294905808377,1.0234803722388077,0.6558820612770292,0.7469599987290229,27.386124514413723,3.050543838195776,1.2867200862615336,1.2811467917745796,0.7950325648140047,0.49193080784224413,19.297060333202054,0.16885199664902073,-114.83346620838145
3.4331864830027694,10.878415000211566,0.7397078533183461,0.5822617692970096,0.7352257114642685,26.922007026063422,2.7865017963741647,1.1047564575081175,1.3268902103131754,0.7810769028341193,0.2584882750588976,19.327125311997893,0.21689175093999188,-13.662673571252867
3.407116219972634,10.771405154852925,0.8268925740967752,0.6426911538714047,0.7651007140228645,26.775280968147268,2.8965121215094296,1.1590472464673014,1.2029344748758053,0.7723155302019428,0.010008717571545377,14.878852092975666,0.17262287924240155,-1.5640294491181521
3.408105909613783,10.476034615035887,0.7301829794853829,0.6879111582225617,0.7241638568507187,20.077019678770085,2.6604659524843948,1.1263103219579707,1.3624397551052017,0.7570949208228932,0.12203115959635148,20.5832492852376,0.17310312398999558,-53.47963468863199
3.428532586121997,10.374115322492306,0.7889557012534817,0.6087306407826286,0.7688648222668352,24.047735691778946,3.132801679678372,1.2680803438882526,1.2683967267824603,0.7837855189208398,0.0909507204779311,14.169821049793798,0.15252536394914643,-91.80473743977186
3.417751559494553,10.215822629192038,0.676115355037865,0.5786013864735484,0.750790104262683,17.18331081511305,2.8677222384060332,1.185802948309012,1.2195021091529625,0.707489597974153,0.06671677623613842,24.879264428284603,0.2004506093096502,-76.60360614045072
3.4364683040139634,10.342274593021502,0.721392342288008,0.6466051373026471,0.7448598621621346,24.93334185375791,3.2385975014755135,1.1806064256596265,1.2865413390987805,0.7764196473049416,0.2013677199307225,21.65411413835584,0.20703745208671592,-62.996408813540846
3.412641954554275,10.376296288366834,1.0044786728186796,0.594428393434592,0.7100381680950575,19.053597794141208,2.8814891491409798,1.2763136254851273,1.3394821797161458,0.7361221737271758,0.10046301378010934,19.79933044817832,0.1988888819531292,-48.81065397326694
3.403249907432862,10.48096011664854,0.7712354578608855,0.6320387192719615,0.7273470878680811,27.17129693766734,2.7229468116461364,1.3176072421013418,1.3996777422463451,0.7419255048406547,0.3292394907412691,19.58152762347532,0.21856530313945421,-71.61609760204897
3.433144393876006,10.860236659876056,0.8115773798524438,0.6498587710518755,0.7020533228130403,27.508898619165016,3.076501655999067,1.1580136290126948,1.3835363796217253,0.7526900401536303,0.016778179973297596,23.34714827907418,0.21486005247269613,-37.19101079230843
3.4305575916494186,10.414655422746502,0.9715583236110396,0.580733616250643,0.7773716594277148,16.371741967450383,2.6912145127334837,1.267058692085717,1.377420956741159,0.700358369966131,0.03973501558106814,23.642460066221936,0.17426498482949881,-119.73840719350612
3.4378319423652286,10.72980375493862,0.6720481720454466,0.5527487120933047,0.7723770129176666,16.638561815817635,3.173997673385083,1.3074884976149044,1.2694955127361407,0.7620790883847053,0.17962150349212477,15.04171271023251,0.20672463767385602,-112.8292240337815
3.401950648072921,10.604175889969916,1.0015814747328875,0.6870878156393078,0.7559564787944089,27.292946829159924,2.8863407706652895,1.3246478499622405,1.3917588481625378,0.738930042636289,0.13974735455051393,18.72891964882559,0.1852948299998719,-121.42871105071102
3.439738093542933,10.025714881313224,0.8812111250109128,0.6713434988020005,0.765226022714818,21.541311275277053,3.108186269590504,1.1662835829902052,1.2379729868384484,0.758369946449265,0.19703769308670283,14.412273178988704,0.15496087437537107,-96.96115724740378
3.4387119692093564,10.669657925084898,0.9898371084014935,0.6631736360699501,0.7207359056909796,26.14814193405681,3.216522549620405,1.289186998581013,1.1103901971580115,0.7699125161547281,0.08966289680863002,20.12814953909588,0.1972425064150708,-33.94016812664047
3.407186111151761,10.838290099727141,1.0078304594423353,0.5697399944615754,0.7123127291387469,20.866732064330446,3.1110522758960233,1.359941980311483,1.2357394960249641,0.745670430911806,0.18751017622853047,21.28785502468915,0.20720420733506678,-123.94743931168833
3.4071974903281586,10.442082884005158,0.704199423470674,0.595371549556854,0.7763538017877842,22.188947702634003,2.677740371682904,1.3834618627511954,1.2088471080834586,0.7200868602297346,0.3818314689264855,14.332582290080444,0.17364776543257562,-4.00005967386447
3.4378658603885253,10.399060790321814,0.9899872318433746,0.625345681088911,0.7687382747218889,18.332429931739057,2.803994197050642,1.1708035457806287,1.3306181722875654,0.707425140442508,0.1949983141227954,22.73885261606503,0.16940224165114437,-7.56068958552666
3.402997982412243,10.067192672786048,0.7075724606800717,0.5492404734583102,0.7307493317521823,21.041369711837408,2.908798131946072,1.351201505227857,1.3128783096068142,0.7023652534291857,0.23464768000959574,20.845627135958413,0.17316407881921297,-5.246660808410809
3.426147197943098,10.524390872924865,1.011770437478425,0.6706304658172162,0.7389502092078167,18.172966504638286,2.7799348261056886,1.2267119979892005,1.194127556309053,0.7160250682992172,0.08298248680216597,20.39563638830323,0.1696492674048186,-1.706357689676878
3.4399119901129716,10.843745690835359,0.6691757471637529,0.6773269136267867,0.7137158660114337,19.675536529662445,3.234246823543788,1.3227099869627181,1.289143768279442,0.7966366514338227,0.1741130771055352,20.867522572299375,0.1615582017707243,-54.21534283961802
3.425964724500457,10.711140821206026,0.6838755804136581,0.5738868583107753,0.7585426630304075,19.956443922324944,3.0322780121831134,1.118782007497522,1.1235563228463914,0.7943878936724029,0.1781075409012394,20.200588408173573,0.2127614417777286,-70.00078971692867
3.4102284539190073,10.85998051369519,0.6697546637083909,0.5910242516284723,0.7799120742285288,20.268310761260125,2.6458217061330127,1.2517628844000188,1.1765916016034765,0.7303197140069188,0.27035848690834935,23.796616227788686,0.18944251163955853,-71.16922872638779
3.424302054113839,10.700303191710585,0.7795957974333115,0.6654717182408963,0.7799792051336252,25.211698814195806,2.692096161487056,1.1874779789574037,1.3479171336342548,0.7756051445368308,0.38434456835640096,18.429996015198185,0.20337332831914243,-99.11171452547119
3.4184425584942617,10.413159595977731,0.7198541573260748,0.6126997395614939,0.7770138777655997,23.980367824974643,3.2095108003443733,1.2896696464327657,1.3671184575675457,0.7327163613097318,0.3992004033562955,16.07482678059004,0.16878358094945103,-37.392544771585975
3.437972336227425,10.16562810032155,0.9285462193781874,0.5619078323756209,0.7021042783626295,25.25728901551153,2.7570220893584456,1.1766179554188116,1.167365412248364,0.7154154875402104,0.0924176395230701,25.19136432167682,0.1506409061956764,-55.83884022608048
3.4275093052523755,10.120493044771292,0.6739556878220389,0.6480865785598313,0.7146263961739235,26.946912288256268,2.7350525166402777,1.261589006657136,1.3350855039772047,0.7447299050585205,0.23914209808589734,21.26032559827017,0.20157297833529692,-119.17398124696057
3.4284549260301835,10.805239264039496,0.828615212026146,0.599103057669852,0.720346181142207,27.632913877146876,3.106887913654174,1.253513901108262,1.3055758758255733,0.7120893626568556,0.2577116360345722,15.852994458740824,0.16081052840916596,-80.23559772441962
3.438407359452604,10.616474827071928,0.966424749563303,0.5954860549305698,0.7589411159819495,18.34336252711181,3.0090489741298403,1.3935297375684126,1.362009956101793,0.7042776706166728,0.05035546740398982,15.34585936290956,0.15775945067884228,-49.11664861244428
3.415058347698277,10.063992200226048,0.8115011214194713,0.577934971669248,0.7489843100578876,19.362923878048548,2.7339133897363164,1.3680360537804113,1.1317032070810842,0.7162013450673514,0.0464340368635774,21.344802178101055,0.19327813357559642,-6.963448049826113
3.4023493489061276,10.338841933878125,0.7603728116760522,0.6213949587683634,0.7611245858689812,21.66648821682153,3.128787852741542,1.2037219014467535,1.2336553783462747,0.79176358178401,0.11851093879322762,14.88020147460974,0.19156872558356,-45.93743962735144
3.406662635429591,10.890026351335857,0.7059456283065132,0.6946179822253761,0.7627602984409331,25.161803228101256,3.2307362733751908,1.325381002321402,1.2021124751413967,0.7155712705993439,0.4499624588210342,15.4654765713684,0.20254194576068818,-79.81403152651083
3.4067382213666524,10.295526270809503,1.027972967939692,0.6157648515572451,0.7464655102616139,24.533074972022426,2.9606972042676607,1.12305838227437,1.2179866300060538,0.7606914568530951,0.09150770903788706,24.182898212521962,0.1997241076251219,-69.11566864829234
3.400325350065115,10.440858099734193,0.7376043564185438,0.5482273358657909,0.7069034687757196,16.79893882920542,3.240521591119494,1.2068971905036183,1.3522354483562822,0.7094073276837896,0.05140362234525768,15.016688911761861,0.17810029006555878,-32.414050050582134
3.409595138395994,10.544880631807743,0.7662238540834344,0.69849373748055,0.7366949458815233,20.71176955567029,3.152414192761161,1.1918700786349,1.393024868832928,0.7340316765923349,0.08471056742815986,21.398682078702294,0.2101319289136876,-23.87680554641136
3.4210341031821585,10.071282636457846,0.9491801023928434,0.5932305971043413,0.7573744289581406,25.711707545213393,2.6603915482257445,1.2442396028037743,1.1629006719420518,0.7336039595140931,0.23033237832756123,15.896921303227314,0.18800504609325988,-68.77083428540794
3.436307985358455,10.318233490703056,1.009126335595028,0.5917849194130415,0.7409692885355975,21.411031320422413,3.155761626829585,1.3916037355353554,1.2797070581554624,0.7567305212752136,0.45103799183284,16.32940605910455,0.1579713853126038,-123.02636471518424
3.4338253370572267,10.083949235179025,0.8701797388097041,0.5502433116022866,0.7213151263554411,26.96741296056628,2.9228860174775906,1.347983909347103,1.3866039586486587,0.783957172709586,0.37588321696630456,19.874573877684085,0.16541320114830857,-8.031765410650323
3.4209605638455876,10.107643700230367,0.810926077723654,0.642097286983384,0.741856514792462,23.24058289500074,3.218265256467001,1.2248412197229996,1.2094918037766664,0.750203514655928,0.48101113977271104,18.71840790753201,0.20847699580936302,-48.11521724394677
3.4267655249928146,10.610600618013086,0.9655187480631118,0.5698001833470977,0.7298242192053537,15.843537148695534,3.253150798476538,1.2928823586116562,1.227895041165718,0.7121405931849074,0.10701233762078217,23.184735509585447,0.21410744269303034,-3.29436206792559
3.4110455735037712,10.643179114298366,0.7191179812843268,0.6152218902815526,0.7597744423637102,26.168614649367314,2.6508333778992412,1.2360401748110348,1.241677850891715,0.779821391746701,0.016816555284855456,23.383718164690393,0.20011017791169042,-110.14106874134256
3.4238737793964575,10.037826176276385,0.9475060373953696,0.6948175640937666,0.7516515652168614,20.00816663039378,2.6463473491026606,1.1498835963449916,1.288492732927662,0.795363494505712,0.35237330458459376,22.187135502582272,0.21326108861411672,-90.35208612492809
3.4191425823762263,10.076966765110724,1.0281713589463521,0.5936305760805125,0.7224828893928358,26.863131934780014,3.0694396304662352,1.3173297314339496,1.3863744475003288,0.7740116073351185,0.24009922852475796,25.290583014656896,0.18870623035291897,-21.407078693430805
3.4249235672087175,10.49298525146783,0.7393982166296473,0.6883968989763711,0.7471831546115251,16.475221792405115,2.645984246584372,1.103332916458149,1.31852014037998,0.7822071658040443,0.014997950484350736,21.906589001308195,0.19558954542372797,-89.33775338852705
3.402397438502923,10.14961420556049,0.8964967115229663,0.6354594300701827,0.771425085193256,25.500930631441857,2.778838495606081,1.2043717237205473,1.3503255945503174,0.7033314290057678,0.0576108503064532,22.00448661277507,0.20925597730073592,-102.09208129318914
3.4098867374065955,10.736994408505803,1.0089380186338275,0.6447815946129801,0.7296936360563238,22.97786677353724,2.64305159187742,1.1057577372200298,1.1689860049259375,0.7396822946260343,0.47391307741261396,16.470541572230093,0.17747234877176996,-105.82606124202731
3.406316241217079,10.0978207418231,0.9111894184191782,0.663670493189395,0.7563519070659286,18.491449526105267,3.2644817748259496,1.1071746694844853,1.285396485615317,0.7370116973839823,0.38392433108675966,22.26744939423983,0.2047248652560104,-106.95573620405061
3.40068379366596,10.547887401355476,0.9981596992440489,0.6245913913592671,0.7039328484419612,15.451247691172455,3.2256189868497174,1.3218482716471645,1.372744086073767,0.7080194693589886,0.061624866683097364,22.16995222205945,0.16342321229418932,-49.601583137142384
3.4025090051059665,10.195857119399442,0.8753934727562684,0.6659865925013069,0.7033649614353943,19.736961185867216,3.2686549332796764,1.3075879633352936,1.1532096081685048,0.7080573417383376,0.38002600818577414,14.669447226478368,0.15449480433843607,-39.42547831979621
3.421070046102123,10.590397365492166,0.7965717471049939,0.6557776920276585,0.7573176617545266,26.251698457508468,2.6784887666399326,1.2543953469686189,1.155989650846476,0.7766699881759197,0.09754709908986392,22.76896358737246,0.21187719047637024,-33.62163729260013
3.407388484715401,10.25545133159438,0.9932225658318854,0.6555079013970658,0.719836471341085,28.30731197646852,3.128466964588598,1.126678476933761,1.344252227896572,0.769200259118612,0.039664805816519086,19.879317494847676,0.1788963009484454,-23.432754844286166
3.433320322534314,10.058663994798184,0.8258587120548985,0.6237304526663305,0.7586086402129283,26.324228914217173,3.0305522800073974,1.2933923894481238,1.2399194132650804,0.7625771130744785,0.07041953053706243,14.755925406873232,0.21076866593615357,-38.09651589304916
3.4250571661067712,10.792812119148392,0.6950362275249359,0.601122677456054,0.7399124923252628,26.72174720544139,3.1810220183306153,1.2152181446985575,1.1262283705991318,0.7673037909863334,0.4713192751508848,19.9624337759751,0.19571496730742327,-46.72828748340349
3.4172356019814005,10.38758268242474,0.791645404808331,0.549528565358121,0.7133057816780158,26.259095279433975,3.0333583466870104,1.304781227737419,1.2592595419857946,0.7984686549882174,0.4214395445564011,18.72184945198786,0.15816447700575298,-59.03580389597512
3.4329946419504225,10.689458478559414,0.8108346186425238,0.6225208333615844,0.7176426002923636,26.6343573633238,2.849740395997336,1.2543005810133665,1.2432523846253085,0.7524413795700868,0.23010068578553206,19.757429926486882,0.1971491157356443,-105.44643058989303
3.420577806360434,10.582986070925386,1.016451197638393,0.594683552852998,0.7028896947295158,27.551084311937917,3.0417512141237815,1.1841300447901708,1.2371905699687655,0.7963875226736695,0.0957536445459103,16.264675686761688,0.15524298542423068,-24.19790970305371
3.410549635288306,10.246750407859443,0.6832688115888724,0.5854553630514704,0.7152800601812744,20.499394011650256,2.7859891472223475,1.3712135974048074,1.151607076131404,0.7350618777562725,0.26717000675167774,19.416838005728387,0.1934780461797565,-12.88917974849862
3.4152168456180108,10.37334477716869,0.6742057149616363,0.560451183094848,0.7348171066996828,16.18874561023001,2.935254978660479,1.2114155437965086,1.1272351552200819,0.7898316601258716,0.49329126202901685,16.388469312789073,0.17381110240598133,-46.94231138344769
3.400047414997843,10.233709022433025,0.8386102427180904,0.6145522807110773,0.7002462955867013,20.351270924697186,2.826144302090569,1.3910034395602553,1.2533303562874423,0.7707722267661097,0.34087256614643596,19.271334067932933,0.15432040247793188,-29.517344132267894
3.4057560631497004,10.07383110119109,0.9659590101594488,0.6140068366352117,0.7594584965226971,19.507699632235795,3.1797820899792435,1.2523039618611964,1.184558926702825,0.7477781450920946,0.14875206678675879,16.118171747257023,0.1564311754374303,-29.309818725718344
3.4390808147352954,10.040996721109535,0.9935087186127426,0.5606196971739988,0.7766572575729479,16.229870148339735,2.9166457024554897,1.2986523586355523,1.2439093915049888,0.7817030720674392,0.0699182221675404,19.137479248484535,0.2195510610906925,-112.91670870973728
3.403605788879954,10.254898869962116,0.9174312191939062,0.6694489473266334,0.7605765002804723,28.097904845933748,3.275727666685688,1.1512838757018737,1.3733499513335639,0.7884218354146323,0.2933138546056152,17.632615622612416,0.19274291073291985,-34.37978444520506
3.424782045931578,10.652297599866355,0.8284273508021316,0.5887797551423634,0.7419878437939,24.681473041562164,3.1631175239858393,1.3340863940887624,1.3261006158523532,0.7549729467787162,0.14300401259317452,19.818048698187518,0.15752419286174169,-113.82851343245109
3.4092296279995176,10.548229847764592,0.957496600773734,0.6801737035243729,0.7758367228448216,16.73064326933512,3.084567900099372,1.2473578570465058,1.1391247646355849,0.7944329597090506,0.0217665850921032,18.21668306594534,0.20434323301044757,-105.86264756058429
3.4225007661127473,10.129972332716386,0.8383113561009465,0.656192372202083,0.7386031279297322,27.17812343401347,2.7938243345612097,1.2671820793797668,1.1505912526626443,0.7674382570051874,0.30472588175724746,20.121819966791474,0.17109739886930345,-59.977636157244845
3.4064029377862584,10.189557103250452,0.9504770716303452,0.678223993312558,0.7513784481687854,22.754048050035596,2.6787512357998335,1.2548653637377463,1.246240963507704,0.7289579788741717,0.049423190363634496,18.078389913731318,0.19025577205774888,-65.02263132063982
3.4344912484763856,10.356600982959401,0.7187032853990112,0.6530545456662642,0.7714992513079404,25.807595802434147,3.119697931832894,1.1461880802091484,1.366059623958454,0.7225110509136075,0.366580989309107,17.525004557181184,0.21323192990934542,-118.76393471137683
3.42530773464019,10.124617568808198,0.7958233045740766,0.6002770446005958,0.7337076825379836,15.693643016518866,3.060492187308701,1.2008025885831553,1.1862271388583514,0.7172618010963768,0.2563603150380138,17.833026434930083,0.1691490257449243,-55.799362677392594
3.4180024761353724,10.82951308706152,0.9733588805574074,0.6058915201235054,0.7030308123600816,24.530178173207727,3.013957437024368,1.1498103961405974,1.2277863059329428,0.7441583651538419,0.171821257424196,22.389957209881754,0.16257831759569075,-10.65826580668461
3.4204801245563514,10.710473057611658,1.0242460317942117,0.5767875062786454,0.7036275103864329,25.56928395017671,2.8590752531180015,1.14221992870907,1.2806160831093867,0.7937762284658433,0.38895724593274106,23.766881022204142,0.15664348788963672,-96.08989579981566
3.429734606546605,10.858569388428963,0.9597333110363289,0.6719821855647344,0.7200012934649382,26.159152406404345,3.145968263774267,1.3256660303225727,1.3377599073834565,0.7261297858115604,0.4220913407205423,24.410370792268456,0.18594456603500453,-114.61455137158623
3.4215418879986434,10.519417315747116,0.7443724164431634,0.6745603626467431,0.7432172558050214,25.45004542377787,2.963585080682715,1.295679372051927,1.2912852805965085,0.731637717708658,0.11065484001658733,24.589573647078623,0.21480080380577415,-22.329347919005386
3.4016743245675714,10.065843285937355,0.956339217437743,0.5911252595145495,0.7178593348609456,18.20690207802189,3.188308293986691,1.1083898046220502,1.3800359164341678,0.7098566755749728,0.05539598303349099,18.495980031908726,0.1997021110120614,-42.659439872602974
3.414644766781349,10.257752892253224,0.8814426984200102,0.5806626771849677,0.7370885791157267,24.932887013555103,3.2650641164758865,1.1684046889244228,1.2857051318135377,0.7966934910303263,0.017518052854755745,25.526858946725444,0.21607096083546967,-0.8856810107061932
3.420743883979324,10.551885267882641,1.0147746104264186,0.6976446733743048,0.7323224029570988,26.244773889174173,2.9145667503035364,1.190565064013595,1.328834663799785,0.7681727968393481,0.4183400718449131,20.905251804559022,0.17286333403350734,-119.96605708962814
3.4050556975812203,10.285175541167801,0.7589687824752906,0.6631011510344115,0.7256204928963054,24.996467976457588,2.650043921353346,1.2402971885796634,1.1213130997650946,0.7501622555371465,0.2195620048939322,20.97811901070061,0.15410245262184283,-89.00013167994183
3.4209178514393943,10.052423122293357,0.7322636599071309,0.6345807896617599,0.7558348388471345,28.094557514611896,2.858024701597612,1.2887292210232806,1.1384827674423614,0.7214150001858591,0.09449302860057673,25.7253027168693,0.18754474849486308,-81.67010837022082
3.4305014326396255,10.290019114231026,1.0293219152568946,0.6665818813150307,0.7008383429486089,20.929887753663,3.157796274657192,1.180523464297148,1.3599756715373765,0.7510605850333827,0.2926235786940555,22.248195434406462,0.20924409293874643,-79.06727813756942
3.429488207801237,10.694269418994406,0.7122953866405343,0.5744591502228722,0.7442370217442967,20.83299162444228,2.7841366846524815,1.1938058757888466,1.3923084531997918,0.7784210291294162,0.03443249585679717,15.19968091515822,0.15868992777343732,-58.29176217629778
3.407585293407387,10.674869176708217,0.6519480582719678,0.613070345015199,0.7692758833702892,17.011525196261942,3.097526030402854,1.1070805630912968,1.3364203176526657,0.7196275345098161,0.05512073881206596,14.230369397948138,0.1838345991449225,-113.63402431939082
3.4092096957903566,10.698478061420474,0.7919445556198346,0.6737435022626111,0.7346663862552527,15.696626039467573,3.213529276207461,1.3623281454219156,1.128303318369877,0.7552650029323038,0.1217353006962888,16.202421808445212,0.15727555755394818,-71.42836941720348
3.428511838702902,10.592327355268445,0.8274231659770055,0.6946616050790944,0.7627580888439747,21.807363808533072,3.062373486278729,1.1137573272989052,1.3503666898649846,0.7479010304239465,0.20012811869078836,23.941801595096948,0.15829567124021388,-26.33465818131583
3.40864542313255,10.728628811994223,0.9340634016348441,0.661265156061224,0.754404886096674,24.469822454973876,3.1009000441297703,1.3858009583499846,1.2438270076398072,0.7029154236919751,0.34566349590504036,20.999541551918284,0.20208484538511368,-47.19551308920606
3.427403655295356,10.485495058115658,0.7523185509363142,0.5448949330797163,0.7194266984977461,16.996216951718036,3.159478893438232,1.3686252878350194,1.1814640120945108,0.7986215401574649,0.4744190453700336,17.483772762620795,0.1684878300593192,-76.05149471312755
3.400910737021555,10.647586119209763,0.839080017778332,0.6923649842992919,0.7379075738487082,16.726686665097677,2.6617495699704223,1.1709038947441806,1.216513631515322,0.7730696921438038,0.2152632348165539,19.240669618161313,0.17561945536109916,-50.460427304403794
3.4121624401316395,10.87448066061112,0.9962279357980507,0.5719243634028364,0.714333083476991,22.784824828273436,2.7513164927991856,1.3163998575466123,1.2714619209174354,0.7596654357604958,0.2028856848908933,20.92076723369,0.18087376914299658,-6.719861973067026
3.4289941762425222,10.729708326219983,1.0234341389513577,0.6767820609362478,0.7163933157943371,23.347708880667888,3.2218180315335534,1.1364934090240841,1.1361956725671924,0.7532532075359143,0.2744948572198945,23.564292783841,0.1774017627544209,-80.0682381267866
3.421640911783788,10.53351198841479,0.6966206098456185,0.6490778653322213,0.7644103219129221,24.267169556769094,2.7612045498552154,1.3362745710606907,1.1096983641204845,0.7782033507847406,0.48083811500205687,16.194899989803712,0.1986550766005034,-23.022134657173325
3.4081033475477613,10.15495165407842,0.7140172618430458,0.5630203811011114,0.7308758011015879,24.38594261593446,3.237386687908964,1.2914530407238267,1.188468796316803,0.7240769318304436,0.13677269900755737,20.007413856525986,0.21858151661344166,-14.046150106459137
3.4094265303114906,10.504948329168949,0.9013572418833729,0.6722219260324709,0.7661269243913518,20.850919103294295,2.7269659603063348,1.1807435225111889,1.139441498167287,0.7457997891642179,0.1369856450963436,17.92786638451303,0.20410552095112772,-115.86918037739812
3.4054059419028007,10.81950555846403,0.7396334161006036,0.5934972945017396,0.7360347545639555,16.372990465784707,3.2051782080866493,1.1954088996248375,1.2356347642654697,0.755868820000495,0.3658250709937896,15.678717784679867,0.1727911749803773,-66.59180424197001
3.4191777349555434,10.685366193633724,0.7296511495849711,0.6971473070884467,0.7212307228771417,18.712384957183968,2.646931818652569,1.2817543311026398,1.3218852057731096,0.7657093220425301,0.4495780041863455,20.948074212405853,0.1813058642749915,-33.49853393220353
3.4320853736172743,10.552505434177016,0.7167606335843584,0.6606341766159722,0.7395076263463656,27.599823006565643,2.881152051586342,1.3372527397655758,1.3514344652127825,0.7635422052564755,0.0249587487361327,20.160271234262503,0.1533073131416039,-33.50779615348934
3.4020172604430696,10.435623194144588,0.7090147452538055,0.6107509529678533,0.7620146964428831,19.150134826034872,3.102552428536446,1.3426394846515608,1.3777624325413758,0.7088859877969239,0.39369120474449343,18.08213916563259,0.15623150986910087,-101.43329901258178
3.4131022766474803,10.772872676060983,0.8186759232482697,0.6217586426786664,0.7784895276187397,18.396746241177226,2.6822635321515365,1.3072218537736449,1.3749326718559798,0.7641848618300998,0.22581036370930427,20.853444619653466,0.1969614479581014,-113.17748748333949
3.4074875006333154,10.849117832277168,0.8429885316582626,0.6547053916888619,0.7507479644401115,17.660943011512483,2.7247702528066093,1.1233113506207322,1.1929879762149649,0.7338425467704446,0.21745213019206952,23.35857933017986,0.16855981551670615,-69.1971021708234
3.413964049352004,10.741368710569873,0.6660504429901065,0.5845702207305107,0.7474445317060912,20.019472118917797,3.0344185587458807,1.3265308614202156,1.188242680624628,0.7729578326409375,0.3862020655216883,24.8894013446603,0.18671639164642015,-121.8417559427319
3.4234569237343417,10.304695711340708,0.9097394821764979,0.5808873006306736,0.7359232333721858,22.550607430588684,3.21257852583561,1.3875367527767672,1.1836203214263734,0.7202760454664852,0.49560146626861545,23.138688394657308,0.2056168371971716,-108.6015833208439
3.4029427797965948,10.22269898530191,0.7865856723352803,0.6182456620487657,0.7128799968467464,18.5415516696403,2.8356578319550008,1.1804399340027762,1.116614237316123,0.7915531600844574,0.15154236648709318,17.433535463234584,0.18578622443859558,-16.732876859624866
3.421408284553242,10.243575291363543,0.7834258426569649,0.6778962974493644,0.7453236935700696,23.89122443743967,3.0326177723711556,1.1722561655453048,1.1245872068539946,0.7740073191724334,0.35612569574786035,21.236066185425468,0.16392443877887006,-34.109105500479416
3.4030131632737564,10.354445847022347,0.7525126502181053,0.6176071431223782,0.7589791945207491,27.28627856670225,2.851419441424911,1.1943578580589616,1.3477578123240357,0.7236478251992589,0.41347321477481214,16.088106368524393,0.21663020587144488,-111.31569698536194
3.400079419500498,10.420390981528124,0.8925127421208496,0.6182254049107216,0.7173692382549911,25.84339888819036,2.691099324278817,1.2724293700945433,1.1879117678330038,0.7363162584565133,0.4834112658610944,21.921098050715187,0.1668546695510432,-22.666256298982546
3.439756750211366,10.508439822160515,1.0075271043154075,0.5532857690442392,0.7579073562631284,19.07546563907795,2.95303722413231,1.348816286102334,1.2699866289130803,0.7680775191166856,0.45417868325765054,18.895596550080068,0.16740733061660332,-28.021343432797295
3.4291602837922994,10.75537037082351,0.811056716101602,0.5814598053749612,0.7683287803168911,20.903727329732284,3.0545167289137964,1.2199205894428906,1.3817806892865867,0.7451230759904013,0.39816865783119537,18.001905209236632,0.176412980103477,-57.12898997296777
3.432808186580533,10.472929653612148,0.7855079459069937,0.6924701157798843,0.7557472017289845,23.852654908920353,2.8997297731487404,1.1966151110163492,1.114680060129374,0.7493116165457466,0.05548349277020544,17.323131137866923,0.21166759128230536,-3.5764740201328635
3.427720988240702,10.40517990110172,0.6559493512149308,0.6319650729137031,0.727038070852838,19.986691335221593,2.768229066406549,1.1192261546229227,1.2276425014502763,0.7511417845441096,0.3001755107071079,21.282768250425626,0.18895898085273832,-62.09382936413379
3.411986228789485,10.712968896317449,0.8517744090804782,0.6342087872203256,0.7543288602346498,22.615122798641874,2.8679103542414226,1.1180097473165118,1.295918826588312,0.7674916062755817,0.29989232087881995,21.235330980628568,0.17665373230674658,-32.954035888809585
3.435652649557143,10.335912472120363,0.7056939924956321,0.6017626850502704,0.7075089842180444,26.49787897118533,2.720877125010539,1.3418106792761486,1.2322897983138728,0.7838370974708524,0.09421127664389173,22.23474525988304,0.16629881258355367,-63.51926388087895
3.406648081838109,10.51803826338583,0.7176897701647889,0.5799703721409978,0.7744584861321724,19.520264316241544,2.792614828060692,1.3178088616537478,1.353681590433635,0.7324605474123225,0.3519135889093097,22.470552895155848,0.19331521577484057,-81.5286576263699
3.418997352362487,10.679745721435845,0.6675061563839273,0.6730205064231737,0.724177735886238,21.44361930471566,3.0281465922264257,1.1613105260733114,1.354806278316729,0.7439525476075247,0.4300719418913564,15.087648204256443,0.15130346017582383,-34.228270572751256
3.43290581935018,10.520395182218287,1.0273994778185687,0.6332528909256925,0.701283027838653,17.246286290553414,3.2551166969905614,1.2136733555078678,1.2802367806793866,0.7497693923398729,0.222798741068866,20.081091653659733,0.1540523414269106,-72.48117126013003
3.435716993931938,10.872186648324426,0.6952000284387979,0.6270072884539384,0.7488552133593104,27.770645066913467,2.982611118972221,1.1915628901809532,1.3373665715779726,0.7399171965492565,0.46672301010418954,25.02855319026118,0.20064987183141916,-42.891662473753286
3.420622920373675,10.486317105001064,0.9572332558512645,0.6598421328715555,0.7273934778971587,27.932700456630435,3.0369314533269174,1.3426814129749807,1.3560981687881126,0.7939735751585315,0.3919079205242792,25.67871292415075,0.17105316195468098,-15.673063204692227
3.43721192438905,10.507444102358125,0.8268798795413721,0.6936755030198,0.7169865857776767,28.129281533450587,3.271989231598241,1.2172353944099135,1.258501059019164,0.7223118129733361,0.37192361141116204,17.10113962747566,0.15104585836194256,-14.589003862823745
3.415348317926869,10.25373639167979,0.9540880745556792,0.5556405662253716,0.7336874325248229,19.456194486263158,2.9537776747220805,1.2611115897818999,1.2232888884722508,0.7367949897675635,0.054640515066923086,16.13637821292135,0.17278365753283526,-111.98719160391563
3.4351522335152773,10.456597798365557,0.9743084165831375,0.6755438983335763,0.7171067313495715,16.8114656804466,2.753304395748848,1.120289103821886,1.2817416920498854,0.7017814016162086,0.06568319252366304,20.416780131593608,0.20296967111475828,-65.34285991681756
3.402075230131922,10.269462585045789,0.9812727751016925,0.6801985972931655,0.7674134917820158,22.379557544157137,3.0636370657855942,1.1685595969778912,1.2914781702618523,0.7138548174663792,0.10794268337797365,15.205320395449451,0.21934420972223556,-61.66309531509309
3.4172000753737914,10.122590921964278,0.879842926837599,0.6293371126222819,0.725931081085656,18.55872171928628,2.945176927099599,1.2898612312246085,1.2663246397097943,0.7565008036707132,0.40763743360560156,21.74110438930451,0.215412285146332,-39.113895012897444
3.4331330465515166,10.624763840545492,0.7118815658500063,0.5524178683486237,0.741968437404458,18.375041299093223,2.860611321256297,1.1706225031757207,1.3365877421503385,0.7285216850772311,0.15321196209823437,18.53597855546254,0.1608631623385693,-93.25202910742944
3.4075323729243583,10.118844084170387,0.7788594802819849,0.6186032231079092,0.774340576673738,15.499407346349615,2.978549779755016,1.2225823339936885,1.1899455067966551,0.7553695985492859,0.03926783120591719,18.4079613509089,0.19747440896354837,-11.928416733787444
3.4345312181366143,10.150186612195322,0.9608218744321535,0.6677345612682546,0.7083522391518817,27.783451117002507,3.154470519582704,1.1400217781082056,1.1088101835807445,0.7473221016911011,0.06691592328092495,15.481202516396559,0.16472962965716959,-5.270377466400049
3.4267810029824584,10.522740310953724,0.9742482288731538,0.6238537172521128,0.7158755454857428,24.2808234649537,3.0044183383888576,1.3607817238807223,1.109149637000652,0.7844695294875081,0.140966833279637,20.06893209192048,0.17501988030915414,-99.25492897699179
3.428916611330148,10.166470729065704,0.8232782693622033,0.5810053086480821,0.7788301133004129,26.9853761495551,3.022839655036,1.2206544634938716,1.1752522572546162,0.7483643027055544,0.26956333934070126,18.0572962752545,0.18159162813302526,-25.897504377841045
3.423284870735526,10.596326421902226,0.6744457217204199,0.5636449057421312,0.7384989180113573,16.41715384890267,2.7041287785867314,1.3999474090751323,1.3581892644762628,0.7195925358711739,0.1295224503556638,15.03325299038362,0.1858754265187277,-120.2996143582861
3.400117885900702,10.766574356667737,0.8883163251430974,0.6307209341224643,0.7118134325783775,15.434975922782522,3.096289584855151,1.3461071701957783,1.1879850602790805,0.7340948932799605,0.10586397045462541,14.905634103934357,0.2122117227432587,-108.96996870029187
3.432229819896868,10.081593392557252,0.7251317193767104,0.5777522752949138,0.7010928810097449,24.864353786147603,3.182560791225809,1.2947323802655084,1.3401124682706411,0.7484433373789565,0.05094473850480758,17.84974359634659,0.18399175056128333,-65.96789322225504
3.438539896828774,10.536402049089572,0.881527706283915,0.6579822426450912,0.7586281129392163,18.130682705210074,2.6550293531611033,1.3443814366466964,1.118598272548273,0.7901993304997549,0.4154901773676397,14.051514975754388,0.20224064801574806,-23.64511894865015
3.409295915582458,10.591013328480743,0.9865327123231981,0.6353113333773681,0.7503143966332881,23.381240607905355,2.9279504344045275,1.305020349846865,1.3950542251178257,0.7601130978888638,0.2106679518957132,15.121203024234104,0.19464990580563488,-66.38820922679524
3.4097038865938525,10.451143692057697,0.7825577024616549,0.5578529437693228,0.75042365151878,16.75083556842528,2.7217025203705685,1.1216654854148227,1.3525739431401071,0.7720539328389976,0.11710606588560662,20.33946184280775,0.1759865638908497,-24.733643703547614
3.4144856491219624,10.803650113129443,0.8131761917119987,0.5631457629279218,0.7328307831182496,25.439382504983463,2.6511221273181174,1.1322727220229052,1.1380955238958257,0.7003219261480913,0.457717178908612,19.56108200826521,0.18678799542152857,-85.7338159357308
3.414302235775889,10.662800426347815,0.9771929219380193,0.6678257322876243,0.7372738189454099,22.05042225898913,2.816799006404019,1.1088273041067125,1.1495868176029784,0.7021077740520688,0.3005205737631442,19.135573399570397,0.18426812954150532,-47.349462775775194
3.416442847330126,10.614208206441154,0.7053313700571717,0.5777945919011073,0.728117241962394,18.771095445359027,2.8685890385922193,1.3182862968390991,1.1279741239507113,0.7611112198134862,0.27600509302806375,17.487028334181787,0.20228461505249862,-71.43816982187462
3.4133660436066644,10.185270211773293,0.9096116603865453,0.6792194570281521,0.7746650833388793,18.70318257305253,3.1648707476183984,1.238812138890795,1.219137057662738,0.7043108726624974,0.21476497817962378,19.2471044071784,0.19444599477197375,-107.26672906967474
3.423316830129906,10.499735644986151,0.9653298021203734,0.6271253508965325,0.738738058142313,18.065225344637422,3.2655668926116426,1.1178804906041342,1.264523611735788,0.7139566916688996,0.3032954244195154,25.07370007544846,0.19664947517377288,-27.943897801380473
3.4092560262143845,10.63504180008118,0.9232820190896223,0.5868633545084553,0.7017693835977253,28.020287380436187,2.7198117798601804,1.3634917385716934,1.2155882304669403,0.761299465769609,0.08062697736912687,20.98516345128975,0.21219195869658553,-12.863432789471744
3.405237739693866,10.609648315169595,0.8181017767375239,0.6130014664383767,0.7062403675700132,24.29234013073529,3.052570304800155,1.1752089273900954,1.1751950651104104,0.736654002730773,0.20984676317279458,24.082561378669702,0.20851314871665327,-10.795983042576637
3.422305249877485,10.083723879437104,0.7479635624681072,0.6370672678769338,0.7664817782661809,25.47861320769185,3.0278972435231313,1.3510063657782383,1.123086657431801,0.7941886573192907,0.16458242782604826,14.249354664793188,0.17793338305821388,-6.926770493263945
3.400755238478189,10.358070727510016,0.9284131630225582,0.6292351655216458,0.7075732961765752,27.16272907543504,2.787225125994541,1.1752857348298225,1.1541594007255043,0.7975713945709317,0.4961976287022388,21.62365109133472,0.19110212047731995,-32.80523203669739
3.411445043429787,10.587689757236687,0.9171389478195329,0.5630016339622578,0.7406315975870706,19.68079932191496,2.653650211786159,1.108023201204805,1.2077461810333199,0.7112926477189424,0.05424493363926056,25.12484649525126,0.21429861805991263,-2.416680748486314
3.4333253703993605,10.244498139326113,0.7428270613947662,0.5970097250892982,0.7098197826284741,27.62587004164906,3.1157369890781466,1.306907774718872,1.2705072490676306,0.7833264279002966,0.4337120604933863,21.334839584718626,0.19253535992026383,-84.63823897187868
3.4120454455070637,10.314565364513482,1.023181720762817,0.5605502598811841,0.7402145130308698,25.222757515027034,2.674160294155101,1.32850336874986,1.3513603739278728,0.7308375924725014,0.0953413578332434,17.12692373148592,0.19674757026440332,-37.668850016522384
3.414040166004389,10.70963714919456,0.9542303732649806,0.6699408420879297,0.7358676605036353,27.50004569475474,2.9091168394608786,1.1109527583807874,1.208215009847114,0.7991594620221538,0.3775362803458505,21.95931401793455,0.2149836004424068,-67.15553899371879
3.4224102325026675,10.025233389296876,0.9794777034369928,0.670562019052308,0.7629653883433593,21.996949783807224,3.09467532878313,1.3991024298357493,1.2455295823744206,0.7124096422182029,0.11989770365510194,25.820816603047362,0.17241235559818033,-8.049746383935656
3.400537436635801,10.287219161558525,0.9589569058248499,0.5746457960804588,0.7326501738963146,23.015856672450408,2.7752141040592244,1.3345100129681118,1.2915051713293626,0.7286263127553839,0.29342651210000187,18.211759249905995,0.19885371251874334,-87.41855581060202
3.416023733418288,10.714453905304346,0.6618254305021373,0.6223987553156326,0.7321968582781939,18.865953394273074,3.2769013800161457,1.3286653655865264,1.336053857683945,0.7662621081085493,0.4742031984226417,21.350859308972005,0.21432405940174393,-94.90281303703472
3.402039427443462,10.633230393182789,0.6874171891611555,0.6325560473012158,0.7305325253414818,26.61196478491317,2.896343246896339,1.1025335944582557,1.266892382332616,0.7470188299912894,0.15168504970112945,14.33081594874519,0.1561869701364981,-65.64434381823827
3.424813484879922,10.789132227845222,0.94633497344526,0.5419803666255897,0.7614214311184436,27.32031040672532,3.083758146011147,1.2760323314916018,1.2282049247721587,0.7926382880945985,0.3906607219849654,20.326099075711912,0.20284960164434188,-81.21284649139261
3.4045622737814205,10.521374180466198,1.013900799932061,0.6010647722981628,0.7151876089054335,15.75482137693043,3.0137216235945776,1.213168972107999,1.3637569349283134,0.7174496837703211,0.3212561504654819,22.83666856029012,0.19453550131974634,-17.81247043346322
3.4276102755238016,10.495184301426368,1.0166777824911468,0.5426979981921733,0.7148633999600704,20.749906760179776,2.7158808910366763,1.2769466243468606,1.1731301207911347,0.7191038258068293,0.002891276076563833,21.0676474733095,0.21818701956729272,-49.50728106923583
3.401453482195884,10.085659230371627,0.9487345209262196,0.5555953568610397,0.7529491989836821,23.164435996528926,2.8620463198460215,1.1617517516591498,1.3119321455193216,0.759631993326309,0.38308303617195594,24.68953041901105,0.21492004812088156,-19.86106904158308
3.438495944083277,10.810871661794925,0.832018522124279,0.6536271928570818,0.7033707071455609,26.756498961050326,2.6422228417115794,1.2014131887668238,1.1702925503162815,0.7366776730522648,0.3078328148038652,23.129494330986937,0.20919717442368924,-25.43290998063877
3.427412590107144,10.647111737949691,0.7134689236970938,0.6633374808691787,0.7696046920076416,20.07979450157009,2.7690979400877467,1.1687206749001835,1.1311401771978202,0.7345111427167632,0.06480455851533874,15.073530509063822,0.15879032797910847,-64.40288580915563
3.421359892473206,10.241309590896098,0.8073700450711115,0.5515955016738506,0.7009502324151521,19.745416745495323,2.850500525465781,1.1384166023992879,1.375013600242768,0.708829017212466,0.10491994800506473,25.99878767529517,0.210671974810048,-13.636640064215953
3.41238558670202,10.842562720537506,0.7919072235726953,0.5636081292569134,0.7777500362927182,24.114190613343222,3.0806960649901276,1.2223132407908883,1.1120810600051663,0.7436362811993308,0.3100518861656884,22.5413722608918,0.17249226821583197,-80.17774886560093
3.4013219456603423,10.776156595465718,0.7350061083056725,0.613841045008146,0.7305385841600422,27.21887227769264,2.9112087212878666,1.132439137273789,1.2353151139072422,0.7353910671093922,0.3048208775272655,23.122208405464566,0.1686853376942307,-44.207627285058365
3.405316117252483,10.14488703029313,0.8043443095248808,0.5631853204274608,0.7430436622685169,17.235860571401563,2.6464622691452964,1.1850513809558223,1.1797746789684567,0.7934023136366819,0.06102745362228398,14.908392122006365,0.20107178837946668,-11.24087947679395
3.4191558553142865,10.253704977796168,0.7547244836542784,0.6119494324941439,0.738059980248787,18.804231661011176,2.863165779023876,1.2499013944845858,1.2148606118112413,0.7061258770535641,0.04907850653124201,14.712817550578396,0.1955083787999783,-75.64061987433979
3.432626808401391,10.180875121044417,0.7043538537919353,0.5440972393731526,0.7257716344546143,24.767036175540937,3.091872135006483,1.1480238758952959,1.2441983619287598,0.7996163914619758,0.055797856740758434,23.92266955875986,0.2069553177571356,-5.720747546880617
3.4216616796068107,10.791288220299618,0.7929272868650903,0.5985800814304362,0.7424874461822233,26.798691100881705,2.6577447984757523,1.2050596405626701,1.1129017429051755,0.7941659084651596,0.1165465541012656,21.399871762418872,0.21184949953817817,-92.14379421208075
3.405312085950135,10.25619551169449,0.7187742468660114,0.5607078260972339,0.7458794032341538,16.66288908219937,3.2768322637342946,1.3614480930308204,1.247410202035634,0.7658875583878729,0.0077600041431896616,23.701667514792376,0.1610897019493045,-29.706195017882507
3.4202044619302683,10.661631828697919,0.9540478052300143,0.6798791089855072,0.7149133848809044,16.85947238898473,2.864829395392881,1.3464721903845631,1.1215585873000593,0.7859175999476118,0.37187338646946577,24.658180620073942,0.20068637346223703,-110.86401029938459
3.4070025253216394,10.000953689092245,0.7032997068456769,0.5589863824857393,0.744484772615113,24.90982304225657,3.088461908503838,1.1455127768168352,1.1735620978638661,0.7937242906120072,0.1275477843284289,14.746606982027375,0.15114977914721908,-6.364519112760078
3.4204603230670094,10.240528558107693,0.7827349259860314,0.5761235256380622,0.7147454900323427,18.504484342986913,3.1251181750096744,1.1366814201686406,1.1547073493542854,0.7189185860646015,0.00759232010958781,15.840047109520823,0.15348750201104266,-61.255330598238885
3.4389648974320237,10.158141677526476,0.8049038539017664,0.6181550034830603,0.7358758100636907,15.77057974135328,2.924301889672712,1.1263651253287694,1.1064189836828708,0.7834703823171979,0.4266946092650946,15.02615461680541,0.2077234168968713,-34.66304926673308
3.4050793239348636,10.280612598912542,0.8356651327656588,0.5856568088379347,0.7719783228433222,21.862153115771896,2.6451143259131937,1.203668066631177,1.2455756302357472,0.7889029314591511,0.3876183814289752,20.879136860395974,0.17041954338303814,-28.830423424145962
3.4396822754145138,10.136275704452284,0.845199104969873,0.5648438640148028,0.7429556939227872,18.366279222189902,2.9586258490615154,1.2648507505789603,1.3190427286823856,0.7953137480228462,0.35625010027941223,17.438218468565445,0.20185896114354823,-43.052826828592416
3.4019754738346593,10.385428875115416,0.9415041196981493,0.5952091848575883,0.7367451163518022,19.125804960971458,2.8207904878731784,1.3880919710075903,1.3022868534538337,0.7561395293709393,0.14073503787445182,23.93646158552967,0.15957245002994802,-74.78395315718055
3.409853569749156,10.145356099728279,0.8568454867607307,0.6271449531395215,0.7255836436370816,17.45688114808331,3.180472695044395,1.2086061276132607,1.182124056049398,0.7208132908668645,0.21668159786733523,25.13676558723214,0.1569084833841723,-122.0216035928408
3.409473847081957,10.14562979655533,0.786415627250412,0.6990416353461464,0.7143159949032684,15.68938777584884,3.207727869874386,1.3944072565997008,1.2133166048388828,0.7144173757681233,0.2806456622915213,22.551925540882014,0.2021152586636804,-50.00354187167633
3.437113142552523,10.639048935839027,0.665308746682714,0.58464089045618,0.7542416433144548,23.98883855833799,2.7805975941842127,1.1595895520978041,1.1014728909291287,0.7964173503767038,0.32348879084619486,16.84771609879493,0.20507394776837554,-97.5800116236852
3.4311341786069365,10.193516961611028,1.020187220780908,0.5700680365885783,0.7281512412874739,17.20384553924264,2.995890798620227,1.148985354140403,1.1423571380838722,0.7025432234248641,0.019376462933712084,21.6445736729086,0.1777293655985863,-8.745406729673732
3.423248151698637,10.387762103826912,0.9313268632884919,0.6309297266693166,0.7206331122507292,24.775515520136725,3.0640771841756025,1.111572437998119,1.1376374782301757,0.7012883321053102,0.19235651898732725,14.459018493779926,0.2027855607353474,-94.47744820901863
3.412789293998951,10.029377036881648,0.8966592784352996,0.6401766983166672,0.7149523419275268,21.279005166612517,3.1330561087184146,1.2503501477186254,1.3382295683196173,0.748306570813908,0.3327409542051594,17.39133902984836,0.2155278275703032,-56.77529582937868
3.421775443607423,10.44357220729198,1.0003134127875928,0.5830028871056878,0.7454924734916887,15.798501488699104,3.009424307900536,1.3974093029690873,1.3889536879324769,0.7552866382689536,0.42200486268975007,23.84096397798298,0.21448285791041916,-31.155143705439613
3.425089287327863,10.788731388134511,0.7990917606746452,0.5525530131277799,0.7292897089464011,22.427817073233953,2.641768645876029,1.230178048598803,1.10596644532949,0.7010448821581768,0.24939327115674823,25.492212257231927,0.18663008378210888,-63.680592373906336
3.4182736925895107,10.271086249251345,0.8150796754100915,0.6076414663088038,0.7533832676876949,23.862990773757456,2.684554405697911,1.2000150690372349,1.1943807380761318,0.7157706925353206,0.07946990565640341,14.8900901049434,0.1610403383434097,-104.84910810615477
3.4289798086408876,10.657972736450581,0.8443417536107332,0.6114601479211987,0.7135005178704261,24.00858951610504,3.24395123599759,1.2830472641684159,1.2836280283079817,0.7841670823167275,0.23197103859534887,20.34011487746279,0.19378327609506474,-34.78806213135462
3.418100572324709,10.320376746073741,0.6503329587970443,0.5430021628568765,0.752037541199621,26.037640546146356,2.999232915281919,1.143967039121506,1.1846002409268799,0.7063306045701858,0.14828335118768424,21.07430915725311,0.15818863503018504,-112.68840828062287
3.425860480453984,10.605688194389387,0.8144301530178178,0.6341976559973381,0.7722889023147219,26.52837541467364,3.251489882471532,1.248773912665336,1.2567440049075163,0.7798817673422336,0.21941300990268928,14.67885466282069,0.19623705122521634,-10.369792670591949
3.4021470591385783,10.36125731560646,0.7631089125880692,0.6569601908483903,0.7613036565323944,21.22789899697321,2.920987289033289,1.1684645115600585,1.152822364113777,0.7130868266093713,0.29025567706098654,20.419392999814026,0.19144486152716172,-94.37307486707088
3.4298801833245225,10.101103613644748,0.6957307515129458,0.5613026302429998,0.7722746947399753,23.03560658248637,2.945866153243114,1.2227406607693547,1.275344201619753,0.7043222711844015,0.10345246710000636,22.077467581817814,0.20959340647446748,-45.4327832272822
3.436082315340486,10.843476870945986,0.866783632935511,0.6488096249827079,0.7048443147390802,19.50464613593826,3.0681741728603473,1.327348298592434,1.3583351050967263,0.7614582953199185,0.42188796609774265,25.596424313326246,0.15802718945625702,-98.90821506730562
3.4185778528613655,10.213245173161921,0.9655565851256214,0.6514200991365133,0.7504076735120927,24.720946004682006,2.8830066637537044,1.295267346544433,1.1579565495839546,0.7141818714861279,0.002661060267890271,16.85935135738076,0.19386316608090848,-10.273906866278693
3.412035661662001,10.369714246259466,0.9222491014001223,0.6990364689011772,0.7408986399595454,27.515238945881002,2.8097935100244653,1.394624350374945,1.3491773680832702,0.7901623198869479,0.025895856531326613,22.567190638283577,0.1844565306126119,-77.9691960362407
3.4096040242215233,10.495623087682736,0.8363214867445803,0.6579975883568873,0.7671579429446358,15.663679839641533,3.0498106530313045,1.125831232233483,1.114197308754575,0.7669876590676759,0.22952353320659472,18.870110936828468,0.21938788511672952,-0.656479523604915
3.4269910290196255,10.354767102613485,0.831069844515588,0.5685244811941665,0.723986085891227,27.252999221418776,2.8086619776156483,1.3540627540050163,1.2918229782786081,0.7263320924513479,0.10451985847944126,15.096896084838097,0.2156665952081581,-93.64131073269866
3.404685025904934,10.651563876229936,0.8579769692336489,0.5851520548793592,0.7429053004137773,28.35779529016296,3.0807204658371727,1.2605135524274615,1.1898536471711338,0.7443676205012799,0.04286551691881615,25.1990917560341,0.21304526956953626,-2.8465444597299836
3.415680201056102,10.483915361635367,0.9502025673125928,0.6743766638992934,0.7282011935109237,28.13797147310583,2.8630701392303393,1.273371023699942,1.2782434286247266,0.7182931239226548,0.034291452472270424,22.304303012131427,0.18275215172528275,-1.735415600743238
3.4072840385005723,10.372215691143909,0.9401209820081331,0.5926572103322654,0.725591313857643,22.633589040291938,3.040664231467119,1.239084699654155,1.26277586781324,0.7394076693643765,0.17208373579363304,16.34726964824687,0.2182981911328821,-122.51971711462927
3.437961098791592,10.676381022256388,0.8368800873789579,0.5876344124618789,0.718279014993185,25.460989700815894,2.8837184440852153,1.1884228285938987,1.3313650520282116,0.7470555145203208,0.24189445790421002,25.68331204457442,0.20025779239939917,-101.9072046722567
3.4042945553198454,10.500020515317932,0.7431578673138175,0.6740072548819269,0.7165164228956279,15.98489914155622,2.7091113490207013,1.1488476971513788,1.1447134521016349,0.7037070610737133,0.46513642844760944,18.77146745852992,0.2069048304920589,-3.911027112788304
3.422233678235367,10.471611528711248,0.8473560188638414,0.6489703521324106,0.7382318465946138,25.265183788101737,2.8055394641059763,1.217528641605429,1.3437554530289384,0.7664459342833109,0.09374482566404768,19.590375858322087,0.1983969441175409,-27.674919719456142
3.4255713760451827,10.656748865058015,0.8000086126876292,0.6218623149122915,0.7345248149387381,17.052793417805933,3.0975770641617983,1.1156972542764083,1.1234471321695536,0.7306336944527905,0.21965548801038615,24.75972733560023,0.15464537114467602,-101.21023504449984
3.4008285813234127,10.339344461383288,0.8956153197390664,0.6140210709972886,0.7218724261390196,25.399334784390724,3.019990480450537,1.2864927144766594,1.2354483959903495,0.7328834741248217,0.15875362495269055,25.414199775821658,0.18205551394957747,-118.34748576081424
3.4354250175918795,10.478698477513309,0.8583564445746956,0.6179583938861324,0.7521224126518309,26.655249183447232,3.261471650628274,1.1387799903867784,1.3924509291708513,0.7882983177404113,0.4367532979327112,21.594731531901235,0.21915232239807067,-123.97506210893405
3.427343156540883,10.503701812756871,0.6689569579572482,0.6566300580644644,0.7164654533229509,17.00537326864841,3.204331697760434,1.24647375304975,1.1811398500487045,0.7673852085366893,0.1307164445275234,14.327450756804563,0.15309927798283812,-73.57911533816053
3.4203746966035937,10.828238543392027,1.0256541073856393,0.6890928319440773,0.7714022637749733,19.35054027004246,2.9546783828931495,1.2908940006375125,1.2680343066211508,0.7426504272441037,0.33530523933232703,15.941279343243451,0.20101422724754964,-68.0206486481265
3.4128987111160054,10.627654501252323,0.8544181055023086,0.629292663807445,0.7743846260190028,21.629949802806227,3.214099823292052,1.169101707673999,1.254070953823859,0.7258397683582785,0.24783756782647479,17.356314073542936,0.1622173252559589,-73.19922805905283
3.402599250828911,10.37489259395883,0.7976082801893933,0.6001843022862211,0.7157185100866584,23.96510111041153,2.8421127847788146,1.394485254326385,1.1458886355435496,0.7076129989120427,0.17212092413532634,15.055504009269818,0.1587071098732921,-55.227689159934584
3.415173100728404,10.315879578729003,0.9003860800264835,0.6270931242739507,0.7280158284044528,20.38318789002829,3.26833794607862,1.1580605260858403,1.1699612222380096,0.7816585033568562,0.1853952657958498,20.759910658104506,0.20133911102801144,-83.17008577063892
3.4267856934039633,10.316461929598688,0.8282101901672974,0.5582270304375014,0.7685304615688963,23.395585482582938,2.92967936881201,1.2832138832328828,1.3873194939088895,0.7294504284817612,0.07346825912664603,21.38442483130391,0.20424912298677694,-104.96973669895051
3.419768029046828,10.876690918622968,0.9883637250682151,0.5529318392490722,0.7268066213129218,19.883170733644057,2.661927438395622,1.1110163113426186,1.2732687362622441,0.7803742566811867,0.4299565977986123,16.249304044555604,0.20909942779488075,-100.03768989448227
3.4305351019181347,10.137971521931059,0.8048134220825229,0.6409230421053658,0.7496084615541132,19.86919862112132,2.7409491823329146,1.293684930435438,1.336885827417078,0.7764083457839053,0.20879145667399757,25.294099388677093,0.203489682741764,-120.89736833052491
3.4280712212552715,10.061642565392754,0.660463008096429,0.5824816660209367,0.778285250430031,18.439685041200946,3.096765771825107,1.1981804750943337,1.3823736450298452,0.7402105350043364,0.1760562624911383,14.935690485968305,0.19858532841793125,-67.78589474088996
3.4167433151409803,10.17070038770906,0.868416466011447,0.6846270814808656,0.7220220375572004,27.959358913517914,2.8748595282960054,1.309713751255518,1.2242384239558248,0.7459587047378613,0.26781115634515773,20.794671508468696,0.21899431896534144,-34.73655736527675
3.4334802246126657,10.041100877740787,0.7947029963602152,0.5451325118210585,0.7646054600509441,15.827914305516124,2.916214630450678,1.1747550556237527,1.3451608891568276,0.7109531999625306,0.4257368595708893,15.707683585277593,0.20715977371450997,-120.1203705468329
3.4283566158201446,10.722963484755997,1.0238310737972385,0.590907612363844,0.7369734342945516,24.802945891776353,2.7397420521871805,1.293377039507954,1.3561551845777813,0.7516562747154538,0.12373555675106145,23.959840546627582,0.19908156772286104,-123.3662554945738
3.417451810137551,10.447538830998818,0.9692951554552132,0.5965111288408773,0.7379576599441211,25.760360371088822,2.8764143625391374,1.1470637623637738,1.1984788296661613,0.7512985574805724,0.03211620201567066,24.569276265428655,0.19407566965271214,-83.37281132901836
3.4008143430768847,10.538618035797365,0.8333196192311705,0.6175526329564396,0.7249505378025862,19.89759572267035,3.10786806445282,1.3298178048878477,1.3186495280385078,0.7401405009860609,0.42883959123297244,18.84395071293576,0.20409078973139355,-14.62895686038597
3.428731241668564,10.438786029307403,0.6615747911248895,0.6298630438213314,0.7314278002326794,18.394679728356095,3.0234116842862253,1.3932541815524415,1.169629445940508,0.7409567351462306,0.03008857728699066,23.450293164847526,0.17968280618636012,-59.3468356325853
3.401087023356501,10.529050264686312,0.7178782590424243,0.6474491993903541,0.7404351965846871,28.405691339936492,2.8940424626530277,1.3101158471523406,1.244487245695067,0.714939271876799,0.3751207056141349,18.689545035677735,0.21887015526770995,-25.029321886924464
3.4230164835394383,10.797133633517921,0.929378560251042,0.6533251146784456,0.7609308649039809,17.16067841892789,2.67748375917955,1.308678515743073,1.26866210609795,0.7172903342199487,0.44693991611014156,17.780839363618846,0.16242464490466946,-36.9121850713758
3.418580367352194,10.384102896650965,0.7346795343230421,0.6726028107432418,0.7490843478421904,18.705782393743874,3.030066486499808,1.2167744139765102,1.227185507943081,0.7363601639562812,0.04900684269418591,21.20584386455548,0.19705629093798482,-68.45003086401944
3.412249723795384,10.48841666243272,0.9866099958518217,0.5960970220386523,0.7689116199147892,26.462248949481683,3.2060280146281857,1.1128416938102075,1.258524007198245,0.7424948885698686,0.09044328973609293,25.917305402934225,0.1975694067536848,-72.68131724834444
3.412524526886304,10.184157733999275,0.7732184032691698,0.6323859749475259,0.7306550986515249,27.926362361854967,2.656008573746608,1.2189269138984444,1.1573247034581726,0.7618664687838024,0.3459312900753362,25.489053518277448,0.19609591010625446,-39.185563376123284
3.420318206273949,10.053641449272003,0.9079590111348945,0.6723226161461837,0.7535087496568988,20.81040154692745,2.966890654352645,1.2133831496856473,1.2361064250832599,0.7660505749517069,0.08167362595492754,20.938028320420752,0.21584842255231704,-119.80760105489206
3.4109045518240686,10.077157346519108,0.8354696804149634,0.6721764187437442,0.700024590287191,17.962944933800607,2.856004462341854,1.2024102283584428,1.2752680772921154,0.7661807556785715,0.1203616842924069,18.590826411857186,0.21331915800624948,-86.7070477465393
3.4129400512491763,10.289509942636126,0.7855669151473336,0.6488606976814555,0.71284677834445,21.62876592022632,2.915938049842554,1.1851952714452154,1.1280529611926127,0.7783975714718975,0.19128986801801118,17.327655662855896,0.15570164457601787,-54.481474061256066
3.4389052198990195,10.669232989988298,0.7558202375647349,0.6929102953329007,0.7479891001173982,21.651261945620526,2.649481119291793,1.1045250051475783,1.3797009869894583,0.7004505842581819,0.014211047718401789,21.84946059873377,0.17192172215216425,-88.95012660065586
3.436266490687363,10.048586177555928,0.8985460308606907,0.6955876785230997,0.7616610247886244,18.46384553181598,3.077598833734397,1.3806142448471024,1.328867176246171,0.7966165242054156,0.41037889883045564,25.81337837377364,0.19777383881154276,-51.841214852945114
3.419439354567304,10.899563616010408,1.011051024565416,0.5599886467287799,0.7501654083636335,28.088003549037566,2.966498426882765,1.1520667929857666,1.192547523825088,0.7886734597520678,0.28012657040197747,17.522673784652884,0.2136160461224546,-87.19419233145388
3.4372498404226763,10.6821841655345,0.8629161365867776,0.5674567681856695,0.7160686837973788,25.4063036688679,3.273141261271268,1.2144297185614747,1.3770144119254462,0.7944248854043227,0.27245189953098503,14.969716684930809,0.20918961023203914,-111.82684913109222
3.422192005643149,10.592025175961009,0.8884967560589898,0.6524480876362523,0.7523724431780253,24.274636506652378,3.1624501380966423,1.1932175208870988,1.2023347239458702,0.7711345969804579,0.09364301391674856,21.19066785109264,0.21567022426983623,-57.97451562519517
3.436849408202923,10.413302066191088,0.9444729981523734,0.6059482544905256,0.752175976218936,24.980606646305105,3.231207393444506,1.3025997244845529,1.3148469456441996,0.7943706246047124,0.00986846021551855,25.502552073027587,0.18363255306283738,-69.24799417477041
3.423283239090651,10.273989222571117,0.7561850480804424,0.6701115767920987,0.7250735935423609,19.55359264241905,3.0593454081148472,1.2758304378475658,1.2618912503434092,0.7779389671482854,0.022578200797276876,25.930226844415664,0.21484413704475513,-63.7308261621829
3.414422522036974,10.868542843314103,0.6831472116920276,0.6388726244883743,0.7717643272645184,27.23504064042181,3.015980237953876,1.182221166538579,1.354644896870719,0.7444622773625442,0.18351938969135007,23.080918053129373,0.2140708033897153,-49.08668538315426
3.4041880892517735,10.883652739294385,1.0198540959422118,0.591219491146475,0.7288279572169292,25.938347985731554,2.672390929416768,1.1395559834479276,1.3077098701081757,0.7160563077739983,0.47689547746148014,25.71142129617307,0.19479601703428254,-76.1724949988392
3.423667042766656,10.822374703001262,1.0262846777223629,0.6147943676481448,0.7308930572138671,24.18312738973769,3.0201686605309255,1.3321178283720458,1.3447948331984645,0.7788085388168096,0.13954382586634223,17.50744471730086,0.21876899888535517,-29.689195445793743
3.4033310911878356,10.171341555750843,0.713946800415469,0.6955309491509778,0.7300506184569885,15.993514614085326,3.1447081268079216,1.1423097446007389,1.2301182126747576,0.726313062118419,0.212753230465268,17.516641172740336,0.20411733707871535,-27.593679107248803
3.4232225684324185,10.84719162790143,0.9250421721250992,0.5990104601565522,0.7205737841136494,21.439540169507953,2.920108223246533,1.3627058481871128,1.284132570369001,0.7401368945948379,0.07794280967844167,17.38596621943073,0.21530336771662667,-26.979591631102323
3.415511926013389,10.082878083128556,0.9478000844490191,0.5479681364180439,0.7091896928713458,17.752358739044684,3.0518976146790595,1.120958881799855,1.2064062517067942,0.7128327126558045,0.3073943785741792,23.26263175795318,0.1624076539710881,-78.95610869318033
3.418381905150811,10.346193026198096,0.8325072296644693,0.5874468281672265,0.7357813550028681,18.520450806984712,3.2264413110443457,1.2852680602697615,1.1163780525901619,0.7745322291492966,0.35045043078592025,24.17137575231174,0.16612662035801834,-44.61152242748767
3.436757629617371,10.567302412517703,1.0048322761737674,0.5657267134639256,0.7040690125752064,19.09071110910211,3.2067682437580194,1.1721522641375643,1.3676174913434047,0.7718877141998088,0.25230669089425567,21.30611374028517,0.1945125174666931,-6.420394663008736
3.407443108026991,10.41479407903814,0.9044617311422646,0.5835336996141809,0.7658690710919707,25.24347737940965,3.207442640280742,1.2285735799884838,1.3516349457856527,0.7786073965359349,0.21125495660005505,20.143035226610113,0.1951103034333413,-71.82522908436792
3.4284118850488885,10.73339050313656,0.9963717590215857,0.6446607850459162,0.7206518497444838,20.064827483528934,2.8049441426140307,1.2579292914830322,1.3490906940742309,0.7448198821276285,0.31230165629140455,25.873767594219697,0.21960783516079094,-99.63485230061161
3.432093549712495,10.48025916186719,0.9636087245555978,0.5804501242793756,0.7235627202391149,15.558261682806851,2.7843323010048033,1.3704203349045527,1.1994224307209527,0.7295088694630318,0.4130729238259604,15.365806328972326,0.1618909932626132,-60.64158005441754
3.4147127495921796,10.834619093621098,0.929538628282329,0.6106161114055073,0.757735569538255,27.090689410210835,2.8917423741745987,1.105866301640788,1.3103774524998766,0.7283810362571947,0.4829682834351645,20.774422963070243,0.1782540081919478,-73.16260574394235
3.438769088227214,10.595871638945171,0.9165611612920244,0.604010697885315,0.768966918565759,23.307966018160144,2.828812680119682,1.2256038116703565,1.3223070645366248,0.7520063368429626,0.16262550230102418,15.263250937361091,0.1762593099028778,-81.18342452327823
3.423606374954933,10.572806103306274,0.8278870260123502,0.5955398016538964,0.7194743547884018,22.082353226657155,2.695368796997583,1.313952275882326,1.2173625901677314,0.7841713395589031,0.18561397883048208,16.259161835137803,0.1923719297965692,-101.25696735699083
3.427080708646961,10.868668527209138,0.9411125430604577,0.6654377651043735,0.7695994120108505,27.875234160591027,2.790228569737508,1.3559030327928425,1.3348752929940737,0.7577558740928179,0.1556926637484004,25.59499078136169,0.19805704314614564,-8.456755944719617
3.4047220784462797,10.17772900950335,0.7254494324438955,0.6119998066507037,0.7629339277809153,23.2359471794867,2.7566349751651162,1.137397498217238,1.128529390930417,0.7299837350519744,0.4828319532533423,16.171936835025335,0.15049760774417445,-59.02382252039624
3.415465816432933,10.777078909140537,0.6798132471655758,0.6345098741720918,0.7222563050088182,18.886188777405586,2.7708517687057554,1.2245639249793354,1.2594218070982883,0.7877657944880659,0.4544388967254009,24.920359931910035,0.2016672935451959,-40.19734924976892
3.4056056984175127,10.361119321200974,0.8844115022270291,0.6952555523761551,0.7194052543656027,19.509946561435672,2.995169118396087,1.2018183966190308,1.3527623691558845,0.7162169883373279,0.10906750204641118,22.957313210488543,0.17304690928712235,-69.75625607825927
3.4306061079126606,10.38552927772455,0.7106877715166461,0.5847026016884659,0.7216058035588369,26.9584871100124,2.987640357488448,1.1079875341410919,1.2805761262689344,0.7226662299709077,0.30864659678074613,15.698265054206221,0.1614002207763276,-79.89210095186294
3.4289658338323883,10.362969153531498,0.79447165688398,0.5845295719282287,0.7787684185917028,21.27721987348839,3.246434794404896,1.1101093236521855,1.255377581341013,0.765870468200121,0.052391856936644124,19.96795976391175,0.18821963419277038,-64.65531756404948
3.436388172169925,10.161250400611854,0.7019023576150006,0.6528706716209879,0.7776485075916466,20.57099968676216,2.735640591698737,1.2260847350119959,1.3745623836029037,0.7125136749582252,0.22707173912934012,16.473885842849793,0.17415782885598838,-20.76897366955525
3.4189618023316566,10.516606935812614,0.6518327910668575,0.5788448129749213,0.7350682839214882,28.286850287303203,2.773220296697727,1.309835400118795,1.2779838836740796,0.7573494784048228,0.13779261216514505,19.07778443982939,0.2030785431197979,-63.7412461358112
3.4344945852518394,10.502744988715781,0.9586661721460652,0.5513349141527158,0.7076260790442377,17.31891488522564,2.744170251309754,1.1467774998558191,1.2488274768193184,0.7267601966711896,0.42548521327843336,18.983202748889774,0.20308712593512862,-106.72919924667991
3.4082279985053754,10.814850297478598,0.9106605074485818,0.6187168757102445,0.7705693336107552,25.23338403531488,2.9092184581187084,1.1991776744180083,1.1699033341535807,0.7164014379034429,0.24052793618691604,14.936996777928776,0.20699295040755403,-15.649338623451527
3.412243421578503,10.159306365407469,0.777772060427775,0.6037899469812085,0.7103933099835282,20.82942280236818,3.1757857937773335,1.3572380199656373,1.3534483412254374,0.7187390910586049,0.13424240829407277,25.359536913860453,0.163650390109144,-5.995873182609159
3.411372180009149,10.850397207727351,0.7975147587139921,0.5532066113399698,0.7407785329298892,20.232680654625376,2.95102542736198,1.2959483358899255,1.1723850898821755,0.7277007864499733,0.19279611296527216,16.16087494958241,0.18093927808126972,-67.22009704448485
3.4110404694472667,10.402528985872774,0.7071163574970016,0.5548879623367158,0.720305623369432,26.473265066210757,3.0657890247474566,1.1024736189331208,1.364473832175301,0.7705491087260036,0.3858520575677094,16.904646318117926,0.21656068002622186,-123.80068860612353
3.4347004490518076,10.042085521978501,0.7765425300333828,0.5409629180068058,0.7688028530758284,18.51879175228519,3.135757966113627,1.1878432073835419,1.1792261753544415,0.7359431513262042,0.49969809760544076,25.78932951784349,0.21702696561686208,-9.5163185203253
3.4113946322689626,10.118291047601673,0.8785887982830026,0.6469315037048269,0.7489204382162009,23.624675897534722,3.098360238528674,1.2923509475747854,1.1872293099672138,0.7852987874968774,0.4666823986973714,22.84465282652993,0.21134142398983524,-49.76031849182212
3.4097516865806465,10.89852030180445,0.9291786928532042,0.6871372965406166,0.7274487747363046,23.099814952324078,2.815578249077142,1.1838115198860408,1.1859456818034764,0.7818400068921495,0.33535363491293363,15.271015951187913,0.17438194184534303,-114.15451455934097
3.4093353945712996,10.262721468787294,0.9709347797427562,0.6006434174536022,0.7439530204952374,17.107132374360354,2.6782008166648588,1.1473481872988605,1.2471445833870791,0.7534212666481543,0.29672354487800573,25.662043294219238,0.21529987789710148,-108.49476637892644
3.407113982293069,10.033329932772343,0.9179809871774942,0.5411413262505004,0.7491697388728498,23.426997210199197,2.831927026674343,1.2136608548260512,1.1233922977466864,0.7152424206128026,0.49420603802241736,24.020403939238236,0.20013133698037172,-115.48450470995765
3.418487378115261,10.67796451711394,0.9306089402656728,0.6570157505396433,0.7422224232623027,23.536242118913812,2.8657470818151998,1.2082199639656517,1.190920506348304,0.710785117417282,0.1616607283392208,24.638615810088556,0.21937237130501042,-35.91934742065318
3.4385908455234073,10.852939316548996,0.8456884337565823,0.5483081962178245,0.7054190896924354,23.994920749853634,2.7016948783111103,1.3539230307887262,1.32266183025658,0.7756486270358439,0.4117931285643505,21.19314524368877,0.16020371570550448,-44.02699688883686
3.4118369457824373,10.343993148745904,0.7458509158143237,0.6758408100365201,0.7170033246509402,27.3468138967703,3.1922685869651977,1.150059182638055,1.395269810482131,0.7673742769740487,0.31484809532157676,22.158588807243934,0.15117331985753557,-5.848834831453274
3.4297693105066056,10.755473307010938,1.0274247530520546,0.5910064460069658,0.7271455795508223,27.940350512230832,3.076758791275639,1.3883802442996402,1.358325073333638,0.7292770346221997,0.17774636318724943,17.57504094017303,0.21004308786081188,-83.38949815787265
3.414900474818358,10.308586475936838,0.7021481094122705,0.5754560293545639,0.7699140581013515,20.112292018822234,2.8495621098132506,1.3754366969647926,1.1628171328872772,0.7487931032777515,0.45951399687875505,16.10415988085792,0.18629489806768693,-36.16584818083186
3.4230953418215795,10.285589619017276,0.9252674660516825,0.6776787248838021,0.7098722628677571,16.18190072553533,2.654764238832859,1.1468269663035264,1.3532716533847573,0.7864585220320195,0.33764998994337914,18.647984236536544,0.211416209767629,-48.47890864140463
3.4110093200666225,10.596220410264394,0.8036569131320976,0.5670513865950653,0.7532967935542512,18.11116065711686,3.171095161483647,1.2630210548790424,1.2352732586722788,0.7606038660604479,0.04248162780012202,23.893703829154276,0.16622543393328357,-88.27124317861687
3.4284280351212084,10.747693261601508,0.6666917678799046,0.5904258455724488,0.7319546447383714,15.587639678903178,3.045649031029872,1.2922245072769774,1.2002816706469772,0.7154020389985071,0.269830821826384,25.745262109413314,0.1735296348473543,-79.18382131644466
3.4392217427467466,10.775444090162452,0.8594869919480321,0.6040994990855993,0.7057290251909291,21.081160809805873,2.839506541660075,1.133470259447639,1.3128176902133921,0.790617580823443,0.4570036790524124,14.660810050901153,0.21753377055811784,-26.160892439841277
3.409346620611431,10.69988419086093,0.8694460885119897,0.6402344570048903,0.7240193936601768,23.208538171996484,2.9936879325736587,1.2707553500561894,1.2794705499851682,0.77806962168504,0.13743773809410798,21.187017726672178,0.17327820644718192,-42.51287876309962
3.429407813482059,10.523914852088197,0.8101322059013759,0.5524831254090626,0.7637920089121222,22.90089476526142,2.8138440194671706,1.3201167609620648,1.1057612903817762,0.7414182290854373,0.44330329804218377,21.04833571320153,0.18569198791810645,-92.29634438164041
3.4245880595553544,10.056342877021985,0.9173004085296085,0.6727308223169864,0.7288730593136716,21.82956076437086,3.160104111959237,1.3172246401750862,1.3651746143947803,0.7514322503377511,0.26836502915257554,15.924793356695675,0.1583298451146225,-34.60522719014021
3.401786756342437,10.078339398515027,0.8387193699812164,0.6265748363081844,0.7619233887188256,16.35071827464214,2.716407816280145,1.2674426346570435,1.2457606844431308,0.7042107962461337,0.4491080867932893,15.70735893253155,0.16625591854659544,-69.33116720574967
3.4357491076892104,10.877161115444641,0.8838561282199635,0.6895338273965215,0.720436325978904,16.929261373250682,2.8645244054918506,1.165994742708362,1.360633254030704,0.760471412157818,0.3371179291321297,15.820040082219306,0.18248447576693655,-110.64872658697556
3.407044950542973,10.210293876735179,0.7384567874304832,0.6534750555783411,0.7138908530677534,20.99522299377789,2.793171947147106,1.3636823903082311,1.2132692862343117,0.7973733333850123,0.3486193146877253,18.136101518754046,0.15856177077956607,-43.49977505293076
3.434916900002834,10.774351375335955,0.8863135152000372,0.5627488719365333,0.7119358297316594,19.2399458647907,2.730231982124989,1.1551791463405916,1.2890075549297295,0.7563220003030401,0.3718193573976274,19.90643324120109,0.17434608323603148,-50.97745523873762
3.4212352889323294,10.829880281730842,0.8257357688527471,0.6903739289756041,0.7672560972863278,27.7175261678822,2.9516056758648284,1.3868249822193375,1.1369937231838596,0.765234094634365,0.4186363724397944,24.37819072496692,0.19317809265325334,-100.7350351560236
3.4172446091922217,10.777648229209118,0.982121600678583,0.6655800030497699,0.758687008501112,15.630334419407035,3.1895374192078068,1.2893153441871703,1.3214874746931538,0.7170528809468852,0.33328158257925056,25.269827423343443,0.19736894503515512,-70.56122406047933
3.425087476949102,10.355710004485724,0.6619290944203211,0.605349267001897,0.7564396396914557,27.094154735367553,3.2783478646800694,1.2890730158486803,1.2393971194188458,0.7878446660024193,0.4466018005015063,18.91016203126827,0.1761472234881697,-56.28517380500074
3.4061441072501086,10.230797263511388,0.6609912149975087,0.5952658903452989,0.7783117423971088,17.47611893175756,3.2112485455626683,1.340374022267715,1.3419809605241453,0.7310983918929358,0.22503253917561294,15.230141279494928,0.18377308037767479,-7.978926971006686
3.406608801620605,10.568629244982423,0.7497381931025486,0.675571329067262,0.7782108760410923,20.221274071804608,2.8229041270644855,1.3934335512057339,1.3443020037237445,0.7456216154384105,0.3938838905057086,23.024284817942085,0.19491623788731108,-64.45267673240029
3.426665763745463,10.863164119064422,0.6696857923304225,0.5960432401029001,0.73021656507803,17.82172262614812,2.740005712815398,1.1603629029514897,1.3137609593166204,0.7358333823799375,0.1653261395652559,24.898996198842987,0.21306029128971116,-96.59981151057417
3.4245748614486566,10.296648863227054,0.6603975092112855,0.6737763079629053,0.7162583901175963,17.512001461255192,3.068534481239144,1.1563910516905915,1.3074394136398848,0.7876020537784443,0.4856602886640708,14.051947466132388,0.15264187020000583,-21.040047667965254
3.414779144266218,10.124145469556192,0.9401434446749044,0.6382044811636756,0.740709936277133,19.35083788994574,2.8929708828789344,1.3710512712717162,1.1053417227930311,0.7611889113291185,0.20538527297701623,18.55001666876626,0.2131860137111598,-116.64257796770782
3.437654449394841,10.185060573268922,0.7231738127722792,0.6779893712621642,0.7726325498434532,20.978996603575776,3.14167464845288,1.1611854802550352,1.1364730729956891,0.7729603687355342,0.24022882813158436,20.71962574595064,0.18211534441755728,-76.32627254945064
3.418519552065241,10.861009791217057,0.761320756959784,0.6803997460980244,0.7739613204930543,22.0422279543143,3.2071802079774576,1.2732578694544092,1.3657536872688387,0.7217431982908374,0.3622170354487676,17.66849916746509,0.1563655199909053,-120.25883229955157
3.429571699302745,10.164474467058774,0.7052735844198645,0.5532318204067378,0.704615391868156,27.16830522151721,3.2728886847166354,1.2666030469456038,1.1081530485763054,0.7216068335231003,0.0676928712018237,18.153257824171206,0.15571498853360663,-46.79367135322562
3.4057752531302223,10.13675928755146,0.744934109339176,0.556046275631293,0.7090456219579282,16.38461772188667,2.92790528702447,1.332194835240935,1.361353235975469,0.7723989765369793,0.021738402976032623,21.313597810569284,0.19445819210758003,-30.910063061051545
3.4099894661186325,10.175750424700139,0.741456563689174,0.6946527533823976,0.7020712035224991,27.481396606996988,3.0906222069480243,1.2850517976566291,1.308829235047079,0.7596502747974478,0.20697530799738287,20.818400940713236,0.2016603343363491,-67.27189685614
3.4070828702179354,10.359967072734294,0.6805120234611899,0.6319010732423894,0.7610208385021391,15.567958768962571,3.1918337515896984,1.3021755157253825,1.163037930614231,0.7458345677860769,0.22574169715601902,23.117316516169367,0.15694432125080668,-123.08722447807114
3.4155777523025446,10.30839863038995,0.8822987615177775,0.6244789791890533,0.7792796582922484,27.216613438196536,2.802895441276053,1.159713068536956,1.13154981720416,0.7095038611130843,0.27011741919977006,18.493571792236775,0.20040956650546146,-27.928103519467385
3.423260212850658,10.532007780562317,1.016317246079365,0.5663572797621566,0.7659158256415215,16.96235099674782,3.251341603084903,1.2496773836904294,1.3522939641330183,0.7491340211884974,0.3682354758672949,25.95982883640366,0.15954478419523194,-10.669577529833361
3.41002039330546,10.520728847592714,0.7930962701803923,0.665714854333542,0.7304800450950387,16.80022223340463,2.655221239730885,1.3183399336852109,1.2410103174754974,0.7931273052351533,0.08661473626390047,25.161716043795064,0.2043167079226194,-55.52918907797337
3.4357720432837,10.147827959940123,0.690183030472884,0.6525785703524924,0.7106918407387499,23.400125082173304,2.9254995369249084,1.2509916656968512,1.2191948403072002,0.7770179767484767,0.11403131655927122,22.706273207897347,0.19363075946769603,-40.755820242328525
3.4385203906993844,10.50829457070631,0.9456176481649341,0.639358960227174,0.728051103863729,18.41662164095505,3.1962893392586764,1.2774929431264697,1.170174404368563,0.7395333701630126,0.29929962629794893,19.9200017067236,0.1926576209848911,-46.47294379326233
3.4001501200521256,10.380066797216799,0.9356426482342444,0.6929790089681332,0.7673115097047544,16.21974116786418,3.1956281387510765,1.1304106484276408,1.3078322268535185,0.7199668751154039,0.42358523699331224,15.511928992969754,0.212384836445088,-113.48741086086422
3.427601070247559,10.584725750537334,0.7656229904777689,0.6947094151114981,0.7280840064959334,18.962779814305822,2.785121632394219,1.38461226396484,1.1558686161490082,0.7233521981034148,0.4015025263677109,24.073882284845624,0.18391859388241327,-7.829524951167599
3.4272854667332573,10.664019065244506,0.8958670261847119,0.6307879854786381,0.728676981305184,19.23287905394454,2.6508128664783785,1.36065717100389,1.167801598502788,0.7243340887649024,0.009736350829359579,17.36723079911498,0.17127863493084658,-90.60553665685865
3.4207994376319864,10.31158261209629,0.7478440714472765,0.6982750457116692,0.7555145517444928,16.625016025060635,2.7618044805484274,1.1091465953091622,1.207853565711277,0.7687967576826567,0.17439279768489083,15.591470442234142,0.19680067682398306,-77.89704361742018
3.4276158608649347,10.496468573696514,0.795609895402555,0.6204840367368543,0.7614148174265962,21.4578736552236,2.9768949539184186,1.13273144367977,1.2811872124879886,0.7885330383406851,0.24470433788104143,15.74178755320057,0.20980783054864843,-64.4818874106171
3.424140060376415,10.292117047852768,0.7093863689987211,0.6872056898126484,0.7447106682727548,26.579015330779924,2.6642834856074598,1.2008653044724793,1.2850014412732367,0.761664527343098,0.4988344242477068,18.366478872022903,0.17401173353586363,-99.95440279063166
3.4328595162378512,10.629732959575716,1.0121271426188012,0.5503649629560776,0.7712524420414548,16.10249238951688,3.1582920532796233,1.2755001295875037,1.1594702517892224,0.7012086953645379,0.3257110508419941,23.067671479089768,0.20276332960054574,-37.7583046508758
3.4354578821033024,10.076021912311743,0.8052092995810612,0.5991819671726129,0.7601951915427658,24.584902785470927,2.742482227285952,1.1448972706349072,1.307997019574576,0.7839295393908191,0.10898184242578152,24.613125856750273,0.15389005469518494,-2.2133108144333846
3.4086101047595903,10.666912487074113,0.9834479870974792,0.6250826152675197,0.7117095445054646,15.550163141137935,3.1909474501040775,1.272906577951467,1.1259051303595087,0.7760259409877968,0.026375161718386945,19.691312560876298,0.2142474853249445,-65.7732134485137
3.4169106945975116,10.463630123880112,0.7410806066661924,0.6701609716651125,0.7799754061049823,17.613347133273262,2.8664493419856156,1.1961866634311706,1.2314153831988148,0.7221445729779109,0.15913438939332888,24.77300353179621,0.15569244239599328,-57.268944877972345
3.4220373866163833,10.466749353351457,0.9381323736724791,0.6405233458659769,0.7631861687158229,23.420892582440075,3.2566758760853602,1.2731106573129924,1.3027515734290125,0.7669956245649364,0.1677625806854009,25.840425831890194,0.16656803401428882,-0.4563829424477319
3.4091183558197558,10.392596774595937,0.6544897589690469,0.6155259097531705,0.746043950502166,21.032432441961394,2.7404362128296014,1.3451041170634057,1.260942854659875,0.7813193942637708,0.15156311819078844,15.962952622629656,0.15611031108049653,-40.08401441967095
3.4286077792505294,10.303666734618773,0.8529821850973401,0.6001098839362409,0.7543539377891475,23.76503859073393,3.0945165273188047,1.3697828750430912,1.212815745918984,0.7461304307469907,0.18429891497190323,21.184230731936857,0.19319185249030907,-22.7150911896006
3.410219394094474,10.06221697360841,0.7599978026657687,0.5534355135118826,0.7586012901992774,23.69388266833804,3.0973328730449343,1.3614647634190205,1.369183858391315,0.7190793264240497,0.37396613850372573,20.903919998417457,0.2047954188411073,-79.31549222095522
3.4231466852616608,10.381959818750863,0.7660346333833787,0.6751145474347091,0.7190235358092748,19.56848138311674,2.726032751687819,1.2665083337806167,1.288958660235422,0.7564341308536188,0.4329351919316328,23.722545044930524,0.18055795083973766,-19.897188519125777
3.4085547445065094,10.3325155104923,0.6879287545601737,0.6815426648702329,0.7704035381750779,18.93379410673269,3.070289384116955,1.1268352267363901,1.1296995960878053,0.7326724193757925,0.3564220175565364,14.508165011954421,0.21525955464496319,-74.53792524787096
3.4067657781758323,10.843032991131306,0.9601246523155598,0.6448012065362719,0.7606555306868222,16.7182084868433,2.8317482669952083,1.33580208885569,1.1882853109867768,0.7471799725528953,0.16613565166541047,15.424914108958234,0.16001727827601042,-76.02539755310028
3.406915997581682,10.551730614096577,0.8080894088198796,0.69573338193948,0.7591502312142767,19.72909896562438,2.6711831309209457,1.1456404407685088,1.3484087832711278,0.7687308702986002,0.36678241945205614,18.726344047878293,0.21787806466906626,-67.89188417887748
3.422366374740875,10.454144771253466,0.7091388510602074,0.5883128243590884,0.7327388430743962,25.317667416807343,2.8851235773997668,1.2994696273957178,1.24770441917651,0.7478416349435237,0.4504803174880853,18.027064161472307,0.1983398289283502,-57.077742118763325
3.4356974933921207,10.023975448292916,0.8157032273174403,0.5531547866456736,0.766227939871819,26.137528467446764,3.0133051444169894,1.3289509033063067,1.1901145250357497,0.745560685847006,0.43840708896958136,14.856159546680214,0.15880321995021818,-76.12136471276091
3.434621718735098,10.126504445113413,0.7676437758285972,0.5503815905061297,0.7447841169948566,24.863468963633082,3.1597652806633727,1.3101368886417566,1.1945520032180807,0.723218027915866,0.49608902218349504,20.44538221362091,0.1826222455241873,-121.3287683282276
3.4299295707783073,10.283994034169952,0.9610990612018728,0.6418795874430382,0.7220474230568246,17.34033222910572,3.03895895736862,1.2033473958919756,1.3240464673355392,0.7104417897418913,0.2187949723176937,16.419685997051065,0.20677534698528885,-81.48092512641836
3.429524308065874,10.627712773626305,0.7921774647311152,0.6828548573352083,0.7298544748057274,27.00503492365793,2.9654049811651135,1.2621044548516622,1.3273617145738403,0.7906506244233139,0.36479169315708226,19.473782285950453,0.17829154859877938,-7.209548174494017
3.407974924192879,10.462214472507412,0.7801521676964861,0.6827490016267184,0.7538002939445784,15.504820986232533,3.1446089664771133,1.1626260298100666,1.3035434563858357,0.7887768278377749,0.36269020945777053,14.328172944877611,0.17508215440798813,-60.220560553386704
3.434828772166146,10.010589106485877,0.8483580480461124,0.6368061689599251,0.7532190210268004,24.03098400935244,2.743009998570218,1.335784434504851,1.1096337845342306,0.7803808374981054,0.26625753664113044,25.406965969940224,0.16988760596511157,-45.237159620677716
3.4262880580995514,10.325460018156681,0.7312100636442409,0.6611140086731644,0.714930651831874,27.863681816720938,2.685982836562736,1.3323946768135573,1.109664635411404,0.7108277514972124,0.24242263220665655,14.682888774170216,0.1707362600956922,-48.50574722365258
3.410160145420085,10.129694579814284,0.9105646128187607,0.6160276777182568,0.7581252013453219,28.051650926339516,3.1077394783504184,1.3816191900870078,1.2082647839718306,0.7860898394030478,0.29204608037326796,20.89780157380278,0.18824085028134568,-112.08585619147206
3.4304394029230547,10.29895647352682,0.9926874536315415,0.6491071413657485,0.7696484148943521,16.297841291010112,3.0370095829195796,1.2939418251007406,1.1854791405346992,0.7490438102721653,0.07737143152223348,16.131325739798594,0.19350799446771927,-108.65190841634576
3.417739850400068,10.788665761975633,0.7002152193084448,0.6590585805631328,0.7169297522881003,23.520647802405595,2.66548286328131,1.288391863463324,1.1892608947586538,0.7821125875900689,0.16002180779803202,15.591118593849403,0.1661580808237739,-66.79927524000112
3.421373880060635,10.148978035909503,0.7752891972119356,0.6260743270567759,0.7028308570264955,18.674948347101164,2.9311135870910077,1.138114366640905,1.351566602384968,0.7749276899790613,0.12088628523491804,21.382336447819174,0.21546288657357293,-83.05650081342216
3.405126133713718,10.281525029564303,0.6582220501729399,0.6935525564719983,0.7463998294562015,22.518455484975075,3.1024914708953144,1.1578766002495025,1.3625371128085575,0.7937389735333304,0.4574272878868669,21.970538335209564,0.21532799378249445,-67.39708498517695
3.4279980410539106,10.258626407261527,0.7752126970854881,0.6181978762510837,0.7515389355743988,16.670546629888346,2.69522871334301,1.2731825268905708,1.1910175223986472,0.7269770741528736,0.12353266090717745,25.61579576772499,0.17958527331012766,-111.34730731784788
3.403293319888771,10.172622497892863,0.8643428707867977,0.5684349114076169,0.7508160737168397,18.97282790830673,2.870528660717868,1.2742828548273608,1.2916759440200722,0.7668890435635899,0.387226205554629,20.779322615794232,0.1810395649055065,-94.09445896603783
3.433583940979045,10.651310395330604,0.9210857591144672,0.5645599433086442,0.7752664302219596,22.635168813266176,2.8420544508525443,1.1142299290197228,1.1947459564180507,0.7458536075035258,0.17931590187526542,17.034777893937104,0.15072636502124884,-110.09826477042859
3.4158088079991487,10.610556661390476,0.657147721329879,0.5415248064615767,0.7576226442388935,26.010997355642164,2.8893128284129603,1.1335555715922723,1.1228124077622998,0.7132139312752745,0.26876502337321684,19.287521206394565,0.18613937472662556,-45.30094128119728
3.430616770045371,10.390341211818418,1.0037377611532943,0.6585545168986294,0.7239432810389794,25.86640669481136,2.680436774085966,1.3432919107988655,1.1471076731802898,0.707385785594072,0.48732541745357105,24.984602304396063,0.20081357777905945,-56.597990592269255
3.4051723986206164,10.86755857297186,0.9647061501969105,0.6296268826944726,0.7514063476630506,24.208039932784935,2.8797969313986695,1.1196676437706092,1.3283743412949605,0.7906894583302331,0.04010478768708408,22.212773630833603,0.17891240626479873,-23.275580533619788
3.438368983406908,10.301859367808431,0.6512888541334478,0.5994704928027446,0.7049343180762387,26.039373072713936,3.1398222176436534,1.1561864778794968,1.3459926976686876,0.7427914643098122,0.23259840773157955,16.226527856057483,0.1589527956137985,-71.94671450305472
3.4294002245388184,10.652796095898166,0.8089139735871388,0.6252705153095091,0.7110240330657055,18.481068508711697,3.1382020307464122,1.1521652566773355,1.1210834308212612,0.7819318097969687,0.31620088299954385,23.68670766824314,0.15601424041918385,-5.918760460792569
3.427677803177863,10.388629799262445,0.7718000163954841,0.6037242016723653,0.750397798698168,23.02654181933365,3.0552239001006325,1.1855991009457034,1.2652177996192813,0.7418272187088736,0.03374731636445455,22.92269976916709,0.16444071917462283,-73.48809956189587
3.423097753502083,10.467200322867306,0.7834720427086306,0.5798522499967286,0.7035979175711609,28.393110753612014,2.7316648817979496,1.1350828452861332,1.290462966044507,0.7368337288021981,0.07304947896548476,15.75842004722883,0.19650480831128683,-90.54920155277645
3.436059748791013,10.038045729873877,0.7671845101524166,0.692607203220347,0.7482998930591771,17.23413493441123,2.667461244558303,1.328887822856184,1.3808878138421004,0.7587444594268798,0.2311077429920423,25.0430984308817,0.21918644788255948,-25.541938317769137
3.4087461357851354,10.513981855016901,0.8833455209892778,0.6218739006386884,0.7596194513074362,20.22052932344378,3.061528542966506,1.3957955030457767,1.1472305041809254,0.7025588587852619,0.08163154818815162,20.625098425218166,0.1541760576311216,-89.65706258034888
3.403193179059189,10.84134915442561,1.0208542132545075,0.6195066026072654,0.7720022870913115,24.219451733722046,3.200524449538094,1.1529273185203672,1.1263845919953046,0.7396771247445753,0.29886477019834085,22.32988188167279,0.1696669965933528,-2.7845909474089154
3.423729021946213,10.78556208299705,0.8019030834188958,0.6363140126983963,0.7642280782160121,22.13844532365942,3.2046410976525412,1.1112193959302417,1.2113286780845782,0.7162825240995523,0.11185557471239814,21.547927297893434,0.17260557728707793,-32.871547898143945
3.432425807467747,10.214676794259406,0.6508031316844545,0.5402434829344682,0.7631158199603256,22.74238516185498,3.1523290163854005,1.2806687867486661,1.1383283709173655,0.7986817667249118,0.31228425965948814,21.449821367696725,0.1911046120371528,-49.81997195001108
3.402324799187371,10.541865502389873,0.7897889647692726,0.6251373147378094,0.7695362648359358,17.36927108376667,2.7047717492461008,1.291673227072787,1.3258382995054534,0.7761008573765706,0.39349504006189917,15.88565036799265,0.1512244008978259,-11.331552847448975
3.407750486860752,10.630506397077438,0.8031707152060704,0.6385196701625053,0.7166665144849964,27.986406055430603,3.0147490059409177,1.3051585401346453,1.3077977390269826,0.7463443914072332,0.3212224097569597,19.429212196194968,0.15278800314844232,-81.87555548001507
3.409918969078229,10.483169889467014,0.9569399513531998,0.6282600859779162,0.7671395427598122,23.330114143569517,3.241091524396355,1.165594438331286,1.2845711455831832,0.7240887356195422,0.3229557108638103,20.521905446261044,0.1836724319778955,-21.397108962757528
3.401441887981209,10.297697265433612,0.9298979932993192,0.5752058496752299,0.7004027119778077,25.325338737400738,2.909755548961583,1.2040720238430225,1.2879117844247354,0.7604837140975493,0.12114703000256202,20.43513260814776,0.18141757980359952,-62.98496096340478
3.4377822309483426,10.33008968352405,0.9377957015888199,0.558344415239679,0.7086108000694602,21.581039749831863,3.0922364802037046,1.2704064053161526,1.3524679450065085,0.7559335459871781,0.2941923113720077,20.841327227719496,0.21490252615509897,-106.08818520410902
3.4074907873805222,10.350426062268554,0.6555047590639239,0.6664946391233946,0.7555627503738359,23.163146888743988,2.865157762189307,1.1908968286932466,1.335550606537685,0.7675799284551205,0.29246394141090803,15.823576661641708,0.17041021891893893,-99.37402286417438
3.436397090617369,10.10595782033352,0.9613677035096135,0.5636776775067235,0.7092468783787723,25.760045571806113,2.655314418855378,1.2429365965378834,1.309638621864359,0.7175715960810648,0.4228456954864665,19.825915689834858,0.18585964238650235,-113.53510252935588
3.4008981868156916,10.828891026083461,0.830777732008576,0.6102589254437326,0.7740465311518984,26.867595243226987,3.167507376410805,1.3453258287415206,1.2042872950796344,0.7472173795422422,0.3040498670103148,25.708256614850796,0.21678075785521872,-14.686515794871141
3.424163897228189,10.892790580279069,0.9802549332970176,0.6369108845216145,0.743598438443204,24.021298720519287,2.8642276291421216,1.3997052214940304,1.1365515670288118,0.7491801057634571,0.4192014564181066,15.123220561131175,0.18174631752297327,-38.67048150478156
3.4301882563122716,10.180529802828001,0.850469603325373,0.6381896470675607,0.7646227976776516,16.914172985610364,3.2120912111148705,1.388026057067006,1.1080163269228254,0.7663427664123574,0.3583025938221598,22.704341021789475,0.213690639577485,-121.81614529325681
3.4034652759586863,10.176683819632618,0.884826527754817,0.6153913466180151,0.7467962232695262,22.648103371085153,3.184692041806953,1.3976512381244524,1.3964448522519393,0.7143178095538746,0.13412229608631454,16.38403949701291,0.20771119225796256,-19.235747105065286
3.4285621541595064,10.711882061699791,0.8740356691766467,0.6813775141048211,0.7236784141433557,16.677747105412614,2.718621972789634,1.1608374196418578,1.348008132230735,0.7199450309870912,0.26645400443749484,20.86258085977032,0.21198887404620118,-98.91581753963608
3.425197715114745,10.295468272390302,1.0261210635436862,0.5480980946332378,0.772720135076218,17.25203418143299,2.955123646490183,1.2810012791193144,1.3351772311975603,0.793874773230534,0.0015638259635325311,15.074079556108918,0.2049462043343606,-74.53054250967224
3.4241835064343777,10.65939586322528,0.9126483650381014,0.5937784335097754,0.7187160842394281,21.83537671405789,3.07369325043629,1.371964459862249,1.3247976789334879,0.7626927954674776,0.49593597530129746,17.969075632139006,0.16394331924424593,-50.16025669006463
3.4101332096946515,10.298089309894477,0.7695278695244674,0.5955301126441309,0.7484389093339816,20.70499015224491,3.2181192666582117,1.1582325298484932,1.213231889271105,0.7449845543734264,0.2948584969176299,22.71008879539191,0.17149743750224464,-98.47931184533095
3.4360486899411327,10.192129839447759,0.8437782961330861,0.5963634615428727,0.7772807545631948,23.496597817333857,3.07082244626605,1.2992776453792423,1.2521018990608546,0.7362278205103236,0.27343978361425486,22.43754698590294,0.21124998894719946,-29.103896860224197
3.4324911375053584,10.619852755560888,0.8203976155224304,0.6026834318715338,0.7261931881186203,18.00677121887831,3.2271357829783742,1.316954487798735,1.3205924141082548,0.7776861654729548,0.12197855651453232,19.333700147189322,0.178458037337756,-0.523862712277321
3.414536393588422,10.489681668931347,0.6675775257021895,0.5494214300081445,0.7542126274756942,25.155097151271136,2.7836863849193287,1.330879976119689,1.256076853467546,0.7958799136321051,0.29588925261313986,20.636266982309596,0.1663688916107093,-68.15946066528923
3.4296131864018102,10.272372336470628,0.9370788222010231,0.6433963473517342,0.7467288205673949,18.045293141461247,3.0486164429119,1.3637226609046815,1.1928928708326634,0.793205538490037,0.017868246194079833,21.114337695884945,0.164098703724035,-53.493451037786414
3.4245459588368754,10.474340516399346,0.9018999130015568,0.6969767371237835,0.7154896431091582,18.268337399764725,3.1222478060731893,1.3333775306969495,1.2333787926036854,0.7037362407429731,0.21594557812030044,22.517784357436668,0.17402939046002158,-88.07119095173854
3.405468738130275,10.792707727163851,0.7053763998264152,0.6382441670849456,0.7680254347324914,25.697376396288767,2.94656750711651,1.1016894694244583,1.1612367273155586,0.758497483478876,0.4264468060142266,16.186539683326423,0.1862874994583626,-83.7345104163938
3.4253395992386704,10.366017738851845,0.6971210908472094,0.5889068551399994,0.7271616601464115,23.778843714128165,3.0301004086289294,1.1924862471917494,1.101078089546197,0.704012217306551,0.2756207020410962,24.641961921759044,0.21079666484400097,-108.24391192798473
3.417963945661998,10.36580731813734,0.6854880979704072,0.668099374108398,0.7455330269082953,19.19862175873778,3.021893874330576,1.2016746402363612,1.206503924513862,0.783570570779421,0.056082216140726886,17.01961538600184,0.1590118192927888,-60.71053712967386
3.4193606404342223,10.162923868648345,0.9881683862942763,0.6532450609279585,0.7481088646232323,16.016838851436592,3.115183138734413,1.2849122067512735,1.2842018376233257,0.7892474001530905,0.26704682357659704,18.701741933060433,0.2002988250178764,-111.19328315881549
3.420473921489662,10.263635274501578,0.9854724795764033,0.6155643212871773,0.7682316573357475,16.80856369186837,3.105011778915862,1.2021631147960758,1.2326745450517915,0.7454030854734155,0.027644001604550942,19.139945257814123,0.17559486441571961,-42.75436374940547
3.4002405971435,10.609263815830165,0.9844780595816198,0.5645160204633747,0.7699345357449197,25.190836960428523,2.975075891315214,1.3253281670262846,1.3571271889149554,0.7635048676527405,0.4189289309152896,18.773559554191014,0.2020651583095661,-0.6193242027258492
3.4194905403955516,10.640944845286008,0.8199712099185152,0.6345306839081168,0.7169479344564809,18.161344313672885,2.697546615923269,1.273725835262055,1.258139973953163,0.7213798393507687,0.36883344631379156,25.85748468238185,0.1888353832602079,-25.778991525488962
3.4114390387282367,10.66819552207839,0.9237537416910011,0.6909516095058893,0.7249124995203411,25.10985942102996,2.7639815999329187,1.384947910930516,1.1293722413229297,0.7676863348363183,0.06282021835029143,23.36646132331567,0.1776262893552677,-41.710054062292215
3.407867427829067,10.758443736194526,0.6987280517582444,0.595165978846598,0.779862197005867,22.46810260288249,3.064365189056911,1.2771868965692472,1.3485390172811873,0.7652837205081348,0.4406266587108063,22.640823536593224,0.16961225138476715,-82.21531774026974
3.4337697565968575,10.57459196074753,0.9490664027909212,0.6047374539643848,0.7499367620691509,18.94354305436574,3.1747861201325014,1.1227974581653761,1.2247286521760898,0.7824113480837528,0.1933321025040142,18.26282184709347,0.1997859983214617,-102.46950473813673
3.405349382225173,10.739932124313047,1.027126456141436,0.5433518011554507,0.7356557195574726,24.259075088400735,2.6622256812676506,1.1528357044965394,1.287122565904099,0.760897942564522,0.17987427443153023,18.031359273631516,0.2176784931175471,-100.21521638408365
3.406636372640649,10.130356402791447,0.7543520173300609,0.5650028267964855,0.7698807298550995,27.72717513070139,3.18964792842047,1.311928877017582,1.3624668748610345,0.7051984707701389,0.28771434068059304,24.819277039398244,0.20922460129189985,-22.118846406825824
3.403389365862346,10.378911845732805,0.9985385699149467,0.6303901755420113,0.7708305795336958,26.472157426998173,3.184915882466714,1.2855615174628603,1.299722460722497,0.7264537195970081,0.2998303771557032,25.62056467398406,0.2171987348401513,-117.73172419396032
3.4126200007408434,10.683623036362942,0.9124271396055894,0.5714607583792116,0.73173296076046,18.528508321375014,2.8521974996175947,1.2993338207034921,1.1171322292537356,0.7243806250253568,0.016907745035452056,15.452879152829555,0.17319646208254785,-118.55529519693746
3.4189154156753614,10.45988283926241,0.7310724323708486,0.5418726569433627,0.727132032328981,24.571265493186058,2.985381346093436,1.171289477836085,1.133796763280117,0.7447371141385347,0.12627414042669366,15.551656432341995,0.17730062957323198,-70.3756548842496
3.407647633120958,10.456789561508774,0.9656303746600522,0.6636548043435329,0.7305863608412454,16.336589270035784,2.64715296214321,1.1794999263062407,1.385388176544441,0.718632054660719,0.09105405394842443,14.000669614006096,0.16562934535674423,-17.61986489798288
3.410342846105782,10.867198809949189,0.8576876076268386,0.5986890167976836,0.7399349265465872,22.246793593306464,2.6539318945608534,1.287339800942175,1.3053398477654083,0.7142525652744561,0.4429276230602385,17.901287291051055,0.1995824976883306,-113.9557972036346
3.41952355181814,10.527905896969326,0.8010451867390257,0.5424147014910075,0.7139484281709179,17.792694694937072,2.9797259683754054,1.2253325506840078,1.1476653286652356,0.7434634411011939,0.18652478160653355,14.471828791318112,0.20853674178791592,-69.0004500320481
3.400110703880111,10.490857328094297,0.8465425594764825,0.6659160175954089,0.7221171131350627,24.88591335972451,3.125257631529472,1.2045427528205868,1.3472391370694365,0.7822632302577214,0.4583226286197967,22.72436247110562,0.17708058797384835,-32.12442863178937
3.4227430838308583,10.824132595796298,0.804500147245479,0.6666314339623461,0.755822933107033,28.24913370841278,2.961612924132578,1.1628974017676348,1.275441875287058,0.7946279383265266,0.17909280534201588,22.4984285578641,0.15120238908383354,-18.698944890046178
3.4190092179050566,10.238752869478425,0.8326307456668216,0.6919146015426123,0.7480645726855578,19.299271790329435,2.824870139053472,1.3494688995180797,1.1976088636751796,0.7864178950276178,0.19764455513611703,15.45387206524548,0.1754394111893037,-18.229546364988963
3.4034563132100546,10.540380992625876,0.854282388703712,0.6913291254387905,0.7648313221386228,20.830753848473613,2.7253043512732114,1.1096235996478931,1.382251725766876,0.7890404201535429,0.11147150027126876,18.75834676795987,0.21347171178945934,-98.05242401820175
3.434222342323697,10.422193517557625,0.7117100957269396,0.6061851224225923,0.7304289690305341,19.306620196817374,3.2331899597931044,1.1286878243669412,1.1387852226676112,0.738577307771618,0.02869501434788848,15.582541112376507,0.16379076380134192,-27.74149384260734
3.432271622978485,10.13982786844782,0.837628033430349,0.5621881547006883,0.7016039516407829,22.482371163014697,3.2177858974119573,1.3643520131499023,1.2685874810746718,0.7616378603178752,0.4656985184007637,14.722290701350179,0.2170430193460005,-31.71799831096054
3.4185506349197174,10.331174331630159,0.6825758035820221,0.5848597515439209,0.7223224810531036,27.067115283957477,3.0916754133690145,1.1763546978970856,1.379531971736193,0.7825099299829171,0.11495530686849795,23.515549986405894,0.2170014272557033,-71.2095066171778
3.416733122470294,10.028577605634412,0.8359256811243706,0.6564891947338332,0.7798240279445471,28.030018581447983,2.7764785369365907,1.163031827783632,1.1918653668973842,0.7083829515340708,0.18780002000335344,18.44161759552718,0.1986682400665113,-33.12903838120512
3.433087973209355,10.479553000541102,0.8104733370376763,0.5620387860568407,0.7420260995087989,20.614571334391783,3.0047852598649927,1.2639137971823071,1.2810513214315056,0.795537204008124,0.1002326233508147,20.653805093454856,0.2064652970152811,-118.36442413376268
3.42632153324155,10.047330052713162,0.6817069334645149,0.6898650737433858,0.7586438103787074,27.59920945646582,3.0204981566523568,1.1076127957119655,1.2579079815102292,0.7902203918126433,0.07750718923230585,17.498139520404774,0.15363924040434174,-79.94798849558481
3.4014734355083194,10.820463610015718,0.9149861509479142,0.6906492956636936,0.7336278229743158,28.231919222785486,2.9406958069792806,1.3160987946370566,1.1614147530775083,0.700301120824609,0.07251670294212093,15.540579555429513,0.19699133758352277,-62.592698241585815
3.428592308576521,10.627260944395594,0.6757706202904814,0.6069127705849108,0.7555203641578818,23.37829222883572,2.713662596766206,1.3832689321985727,1.116625696137507,0.7939523795612278,0.33616281868131603,21.35584935861567,0.2181441062802152,-27.663041002650758
3.40795033735644,10.171832783418472,0.7641246491166717,0.6873416530284241,0.7717814779320988,24.855003629880528,3.1050689855312026,1.216829359335673,1.3032070643117666,0.7528382997334075,0.08224668143240378,24.11794060967496,0.18076971433805084,-14.640173831292273
3.4120157373756803,10.07931700590094,0.674382065894354,0.563915161424583,0.7520801906536819,15.843268010024953,2.878994703878194,1.2456035392579254,1.356583193079557,0.7974545620449175,0.22490130349870574,25.505251730192096,0.1754189817592817,-54.77656653694932
3.438173146008677,10.486431338547826,1.0035316237558827,0.6797782386339475,0.7524446505083985,15.312044267174238,2.7278740508989827,1.3959966241467507,1.174300343631834,0.7157637443470367,0.12744579035728273,17.803981150700643,0.21404550984859844,-35.216378994224485
3.4363218441291927,10.831480851154557,1.005242913462485,0.5654162247612703,0.7472952049403668,27.845522342065067,2.766997816767605,1.1978446145056745,1.3322182458265894,0.7896416945435789,0.30247133354274114,14.56547219273672,0.211101469672337,-106.63769218833022
3.4116814313583466,10.173998049109374,0.9930667398609758,0.6032235403517863,0.7577668534951539,24.842582476375455,3.204707049171212,1.2528946391160796,1.1623287582601591,0.7171560213836535,0.47364271239655653,23.093345941128472,0.19058460834525104,-70.70136882671619
3.4365884890402585,10.846018226377002,1.0227125079634884,0.6055359705724559,0.7582917352223679,21.948553648848332,2.7634473345613215,1.156366429167663,1.3139915181400235,0.731534121096987,0.16055009112395294,19.937655869021206,0.1867342082417027,-59.78577446536258
3.4346626638671456,10.69398682296931,0.7311869275546314,0.6852599578730498,0.7014990485654121,18.88435488394433,2.8544935800163738,1.264948445319749,1.116985683079977,0.7240046550278688,0.17276592518203615,19.00250227578569,0.16421801693899885,-114.03485147759599
3.4322471968322663,10.85760724391542,0.7931233228377383,0.6591218522674407,0.7327461769189408,22.75531444771661,2.9639666264464246,1.202978473248581,1.107232512857795,0.7707209722442543,0.10010357407819416,14.681565604679145,0.1751089961552728,-3.4821279877329374
3.4059114980794774,10.45174666714332,0.9711173294169135,0.6076878885943545,0.7781797470807708,28.199327911765305,3.1779783404661295,1.288436255264228,1.3079617315815053,0.7300553332410509,0.1655196974710801,17.831563326420767,0.19772278307573915,-96.42925234357078
3.4284667070907786,10.27625916019578,0.8324140718854148,0.6899879392496389,0.7034011613417517,22.72151315820726,2.8560712044289227,1.283582717402266,1.334443985369804,0.7374682675544557,0.42459801214469256,19.121370602447165,0.2033161777997882,-5.509490599053819
3.416166825217409,10.851978258466145,0.8364239664342341,0.5551270181044904,0.7624654415534972,24.150469803803094,3.03547359270163,1.151571779221637,1.3538694430930986,0.7854475383035702,0.4629510230021961,19.21215169258067,0.20275590397534343,-58.442067194541295
3.432798609210788,10.24306569769109,0.7707511299013415,0.6257635477046556,0.716156576527045,24.718785660042375,2.6524063864084804,1.3542327631276005,1.1514425765802487,0.7779546240522043,0.002280044409568398,23.213618429332364,0.1552541503290103,-100.89268942894964
3.416033444231157,10.59476696784244,0.9096439354655379,0.6354197585879053,0.7203867049744014,22.887264969857434,2.6426354520098263,1.2659449933854887,1.3159807075287435,0.7048398680773086,0.4211004041175146,18.936515556447794,0.1723202615648546,-37.434242704499866
3.4248544443041826,10.848610382923631,0.891543417901439,0.6964450813333225,0.7403636852036166,25.828465548247735,3.26581043641586,1.2253099151922529,1.3142481865367108,0.7334679510964245,0.34645077208959385,25.977308788592918,0.1945326375934497,-47.07031750708843
3.4174219950170412,10.78511396553894,0.8810763900927453,0.5593945682267024,0.7200215307940782,26.16792805848686,2.9919780535274105,1.188134653512432,1.3840122952929519,0.725064107245392,0.24909718174107368,21.343023758377967,0.18382507439805673,-43.966342475260305
3.405715313764874,10.023421191636945,0.8588525463594168,0.6500280290303201,0.7794929867974226,20.118857856915554,2.842186847893615,1.2627265860542312,1.365357787356928,0.7093786361134324,0.07818414102944156,21.904436031916813,0.2199838388016319,-66.82903736375283
3.4197391046126255,10.188074309760209,0.9442528412841334,0.550004902450947,0.7396830735135429,15.974801005522052,2.811556734851545,1.3196470580650574,1.2318765266040523,0.747822105908826,0.07571212910015537,24.256822561114298,0.15430956980088018,-33.855227585575804
3.4082690827745923,10.648093468253874,0.7515547248676819,0.6569534291569941,0.7437371751793918,20.65523367929709,2.738449865522955,1.1589519199035225,1.1255919263327057,0.778511335967422,0.347795775365736,15.773978116324832,0.17903695481231635,-74.22357785531062
3.425898150495778,10.376992768199123,0.7081739017987658,0.6528068562932279,0.7307087882945738,22.89260646707423,3.2285393006758865,1.1407565064756884,1.125180354109065,0.7387975180917487,0.2807132462198971,17.90606136327989,0.1676799165556121,-3.3054333986360263
3.430274923976037,10.839745914001732,0.8309470540573475,0.628214429706734,0.7745528933006464,26.195866356504894,3.0141124506012393,1.2153183471799476,1.328054705728372,0.7529607391579949,0.02544954000805735,20.399149654843455,0.20049839127869712,-98.87248559383323
3.4232325358510183,10.501344750129467,0.8572635900588581,0.6197786881878882,0.7500868399302494,27.191047378972858,3.074214584268707,1.1307336864193052,1.1858676893999593,0.7752402949731624,0.06462109062020975,24.44856725905626,0.19943447452770563,-18.05890537766726
3.416747364828508,10.070271566046559,1.0173486984122828,0.6515980998926479,0.7463457228670644,23.111165312061942,3.183337546856799,1.146204361344519,1.1319036200074015,0.735876524746898,0.24195730041130345,19.10359840990771,0.19373182024068883,-108.41092628478975
3.424042395185385,10.04866892717795,0.8545181353582503,0.6621846829041952,0.7238774511282151,22.191591446676384,3.1140539984112054,1.3363864024832364,1.3626549195193762,0.7346492337759815,0.029741970735160037,22.678777086126154,0.19910507788259396,-91.10772675946305
3.402618445990959,10.275810478678384,0.711905093582857,0.6857542014921071,0.7204747083470945,21.19886474690793,2.7192600746060993,1.2697898069922982,1.3268130026713303,0.7483354190278302,0.036207045181004226,14.538018106480926,0.18819346479787885,-62.25055828606111
3.4339751212962457,10.056305032082795,0.6948100273105728,0.6653905379944924,0.7582645902403786,20.356025986223898,2.9727247885394315,1.2977342104294824,1.3525178286717756,0.7819712070956717,0.009085115228566124,24.62311712038764,0.1620117497269503,-46.369120156087064
3.418757302381507,10.467608713807719,0.9334498899862721,0.655313950097305,0.7147152538299658,25.208718847964064,2.985909802102103,1.2393879285926863,1.3283581417203965,0.7950428883974281,0.25088057545772346,22.327533545525228,0.2195634377584203,-83.04598859209085
3.410212461973477,10.808197200330572,0.7057462220839333,0.6704368414325205,0.7584341210805287,23.45092572712657,3.0213769079910424,1.212292904584937,1.2437008692817564,0.709055071152386,0.4638658357053877,24.488859542535693,0.17095776262654405,-57.342807710235945
3.4320228233544925,10.299585534025791,1.0161586903927056,0.5724863638414822,0.7167509497403194,20.714167055386667,3.180947088603096,1.145131820142309,1.124968784390807,0.7845721930040319,0.18231773441961258,15.266083260476794,0.21895828906961645,-17.495630555008262
3.419252540402912,10.601056968645446,0.8660818627636173,0.6891296428834746,0.7525358605882377,16.327221909765477,2.7523014854462327,1.2166217620427817,1.1166796442443276,0.7959182934189242,0.4881176452151254,24.088183537183035,0.16497591322286104,-90.93375343499345
3.4307852324553165,10.761278615382883,0.9864979225416501,0.6287962248709583,0.7392617494271349,15.303607503203708,3.199495952763238,1.2097133082901745,1.359266440772266,0.7225759286138457,0.16780520711342156,18.26030004779294,0.16927811121450043,-59.099659664481564
3.4258054917627674,10.098764096205581,0.9950228855144281,0.571297683281121,0.7272463757692361,27.919360839755583,2.8406467813736636,1.1609227004195646,1.2978366335744203,0.7010975249970801,0.0289550475718398,16.400914495570667,0.20930012048422736,-120.75537579753666
3.421865995082852,10.750538608295166,0.7867680177135058,0.6418023369716921,0.7655278195407473,25.856109994343907,2.865683022408812,1.2227112355165286,1.3914438384285126,0.7235510003192311,0.023013222288695522,15.197253430999556,0.18196864115147865,-38.55869628518268
3.420140835919066,10.875753413055298,0.7295313435273614,0.545913246764673,0.7374648729388795,24.049660254238837,2.794939741392846,1.2463265898408913,1.353857449057511,0.7770968115252481,0.1910433709284528,15.380550140105509,0.2062544452311676,-17.722395994232173
3.437992406859623,10.684432974748404,1.010366923907393,0.606482051704121,0.721139377525138,21.51060907750948,3.2253744939301465,1.1446678405621271,1.216676415460294,0.7831361679929336,0.4153432722837721,24.60410988282083,0.183841284414684,-76.5793154778995
3.432016822081372,10.893502097064664,0.7557866158672537,0.5998219836910774,0.7476875322443676,22.60170396348116,3.0586512406589508,1.380353330644807,1.2467545659923274,0.7261989749469339,0.11471025409921204,24.74961255431996,0.15371161597702104,-88.88248351246173
3.431366886639059,10.789283506850282,0.8585282192281273,0.6553787443545176,0.7056871013412007,15.740605576068624,2.978687323842694,1.345769100896304,1.3850632317015503,0.7837717354378178,0.28366838917999443,23.11009939615395,0.2171002814337622,-35.68724509014848
3.431911868373044,10.053507847820917,0.7850403093552765,0.6043574103162938,0.7612125179587199,26.605455833005628,3.0885278891226826,1.1669896000123234,1.1225947319723777,0.7921693064179358,0.4021590405497139,15.691659308571001,0.2127438836884883,-59.21776402710053
3.4389967873373455,10.83900746230626,0.6865783261103215,0.6093922412680979,0.7441428381833888,23.126463613625972,2.6403498135061625,1.275540895241015,1.1618364738490055,0.7050658925490656,0.4567848516982644,18.51850444709543,0.1819946894013615,-28.68441822638721
3.4173430879547806,10.83365182458058,0.8830342523465237,0.6063260592040711,0.7508029414630201,20.006174407890317,3.1303491471301323,1.3745768839419203,1.2258162790980165,0.7424266469076183,0.17458414852328832,22.02951205270076,0.19522422782042018,-99.17424151252985
3.430504060751326,10.004512708564693,0.8522590299052475,0.6437035587840334,0.7545763143809393,24.16358619007708,3.2423613791438086,1.244494527354088,1.3167775547987803,0.7064564748532788,0.12933062878980628,24.384206257843744,0.18066050437107573,-102.90187836574329
3.436617863903477,10.659473847023783,0.9597589802929286,0.6775254477198785,0.7071126291343075,17.184467614668886,2.772165269399864,1.2918017241245576,1.117659814161537,0.7957573768477053,0.2754232434170656,14.499285263719036,0.18591805705052736,-20.737750708555666
3.404149965055734,10.3842970086944,0.9010486713275897,0.6600556040602812,0.716008250589575,28.218924127504756,2.764191430080996,1.3248615682560605,1.1066948662309597,0.7984240683410155,0.0010582748668625502,20.31091290215123,0.15893796155843298,-13.85245689821133
3.40185617183502,10.771716752722801,0.9343639253690684,0.6432323908283963,0.7092331203902755,16.33388437156338,2.79678306953558,1.2169299842188745,1.2046203577825605,0.7550804890944267,0.2338064513430067,14.047307630228547,0.18796902443591235,-5.447043542658093
3.4256320910160216,10.61958997596158,0.7716240820457135,0.6239144286268603,0.7305459738852911,20.054076608740726,2.6730182838372225,1.1224829049033853,1.2682045522212029,0.7051471560157676,0.2125653384121557,24.86854795190931,0.1815366464307527,-94.62518000762785
3.4046968925600165,10.733580714887484,0.8210788779118767,0.633766314503849,0.7634797325191524,18.863819801912065,2.657113157368352,1.1754919451624608,1.2291570068386886,0.7380858013762239,0.2084498147903811,22.89711752704551,0.16474621917216375,-23.165612807598762
3.4126859709838584,10.89980191778687,0.9293495531663685,0.5481338345906052,0.7066489877392405,23.668038917633332,2.7194270010532575,1.2626100515834255,1.1344871078263783,0.7740976261550067,0.08467729109739806,22.84076029469378,0.17978848297336492,-47.99683027003279
3.40100932513307,10.889234791568924,0.6548705004125666,0.6985034316064037,0.7485192667966898,21.86018037648416,2.802695262121803,1.1739946314735414,1.1674893300438405,0.7902688150377897,0.2310612629923461,15.744931328648953,0.18490545954552748,-18.923879799587638
3.402388687706687,10.40066572894161,0.8002126854455652,0.5504929865800787,0.7572168558408527,18.252063011734936,3.191115187036481,1.269298431455568,1.1341325723054074,0.7929276762901232,0.2520141603471381,15.570359819892705,0.1587240065050233,-100.0531079085317
3.4337437354485476,10.485124232254478,0.9142328825279864,0.6931522847576097,0.7734399660314925,16.95052156010472,2.699997176422706,1.3360676725887595,1.394377492711525,0.7313554786853228,0.05095380581364862,16.231095423989757,0.20440699845254684,-46.79987695890583
3.4186657331033716,10.528640995030345,0.7046577793198351,0.6976660841982557,0.7784242692202208,23.793170566044978,2.9868918749331863,1.2296540936520115,1.1978452766059453,0.7110844914102575,0.07593874158913251,18.98523687607562,0.15511050042299238,-123.66901301453144
3.4133273781208997,10.08573636789933,0.782891184725619,0.675940945983998,0.7103103041077217,15.840228005418515,3.033790363988995,1.2394901429072662,1.1091976457889716,0.7462228125586068,0.39928291917318837,22.6703093156609,0.20068784895005848,-111.6349667843021
3.405478435911277,10.156131985521284,0.8592887485926841,0.5845050670767917,0.7119809458032497,27.106544477800846,2.9444227352906416,1.28982959585574,1.349577862735016,0.7311890790782689,0.29877399000453897,16.72096565509952,0.20233582212226978,-118.98638870983415
3.4094917009469365,10.142261572964244,0.8457857874046566,0.6746617082581887,0.7439927859242997,18.87501010522738,2.841364840771725,1.3647870995101985,1.3486686381482753,0.7707643514943959,0.05528011548334188,17.06339530038029,0.21969106020472112,-114.72473217970936
3.4316675908148544,10.786760055734732,0.8454714424545535,0.5700469496750363,0.769644394299058,20.552349990205784,3.0236855696078777,1.3249003022016446,1.3072805694238248,0.7126219055276177,0.488043614226989,17.213797970204123,0.21627845241413268,-67.10295012974356
3.4242219650725993,10.738500880403999,0.9964337767611484,0.6855518662555611,0.706219979129478,18.99106830371108,2.7385822151553683,1.1499767445935916,1.2754994561817188,0.7584457655785976,0.1880656173393425,24.328671913534265,0.2171880604850081,-93.07110076172305
3.411754874853441,10.757610179917366,0.7236272304306568,0.6403471306994608,0.7103695620030267,26.55572747122874,3.2588841490045324,1.2934687263037647,1.2205615093450974,0.711995486794377,0.1969376919806723,21.52276040527166,0.1542638948620142,-87.25861340263965
3.4101948734230603,10.371480804440987,1.0266703025400628,0.5652064182377987,0.7311399215062445,24.662107050954837,3.215946396275094,1.3895196033945532,1.3754736832642969,0.7191108491786383,0.4162333180921213,21.6914943106052,0.20806480335935032,-61.952812560634314
3.4283243401438064,10.732795987955074,0.7578437950059459,0.6750894040275005,0.7574071155969753,16.594769275307904,2.9230265388216017,1.1653445400832196,1.1075638268294974,0.7450910894613247,0.3867081897811188,24.560008443021978,0.16202550832810322,-78.86102118237783
3.4201570962868604,10.873374037830642,0.7514582692884589,0.6879355636252832,0.7389055766676453,16.6410404668557,3.182069675499063,1.3975058590705272,1.379226347232812,0.7031472680687345,0.09079746738671451,21.989384910931722,0.18012333343192063,-115.69150706517779
3.4129667136754427,10.7525412710253,0.8482998016165211,0.5415830170943599,0.7424762739795336,21.27644346465664,2.9995073763949907,1.2186279868319736,1.2007952799800659,0.711403514938524,0.4070104152791314,25.142292919578395,0.1631641999263866,-24.970597702577223
3.4184881736601276,10.530593838577873,0.7187854122337136,0.5461499617970558,0.7679425838609992,25.462614259163953,2.928957016861089,1.183567427818746,1.244593361860897,0.7804734597379644,0.15520172541299987,23.73141323120857,0.19013861006590177,-77.04437349386846
3.4303486630063893,10.488240045475038,0.651723964869181,0.6607189970719689,0.7587612335981879,20.180936108780426,3.060874445570052,1.1459083901396165,1.3136341480229228,0.7503384451186594,0.3950685057715628,17.015857015040183,0.1901143507193908,-22.031933711351343
3.400768551926533,10.71565394483974,0.9454948752317192,0.669603672909508,0.703165704955786,19.524014534218658,2.7217497206878987,1.2277534320708132,1.3970466058351867,0.7227180273963055,0.3673239621489919,20.870202800499012,0.15460398994370209,-70.69075192278929
3.4075958037645036,10.432448369083962,0.7051411038990474,0.5756117514695567,0.7373844957632311,19.547124355425453,2.899096915348726,1.139855030175659,1.271143944418563,0.7752737650867458,0.41474544786103945,16.69347639493695,0.1924252253687272,-7.698054086987938
3.4052985076501305,10.013154381018001,0.939114370810193,0.6194994867455018,0.7389193556734871,27.009627892916583,2.683184811889665,1.3755450632008772,1.315214802115626,0.7882191684433916,0.3447719194781416,14.820824871401197,0.16672308071495084,-31.897119282975964
3.434118549933494,10.090442967382211,0.7079766037193925,0.6753965277330685,0.7550622365488714,26.805231739044594,2.9502527636575437,1.3129226386251729,1.2767859822302419,0.7324009918517996,0.03197314915566156,19.23577509721604,0.20187398273562626,-74.96047591872909
3.427958762500388,10.286258194564052,0.7050099560023763,0.5956354236921356,0.7709046503340301,23.49246656479677,3.1796287396050786,1.2002210140627823,1.3461457687269118,0.7619182190740922,0.11124452899624734,17.06368151758702,0.17025060178613202,-75.5028324384975
3.416877612173079,10.051834719581253,0.8879892349631775,0.6806628561919179,0.7339065592636819,24.173433381182406,2.801817472786661,1.1635445840122585,1.3198153522050493,0.7383579625861602,0.17454251568424725,15.409200123279913,0.15644969982836152,-119.54949997362174
3.409826833481976,10.444554658771267,1.0031587518072398,0.6937887542821962,0.7464817687352117,19.86217747721372,2.781875433550961,1.17144893105032,1.2227161131346511,0.7080676992059884,0.46422731042948995,25.66724539787141,0.21553879079254848,-100.96589329057576
3.4237685377584985,10.369409514059136,0.889252615873814,0.601421176429581,0.7770375064186285,20.32203979447344,3.009090513744118,1.1734451150650071,1.3692893242123643,0.7001564034624272,0.4869277250525647,18.885901674107767,0.21764721644574697,-61.715205369576694
3.4012375177086476,10.744094338390024,0.9072508216718509,0.6900584046909057,0.7206183377172982,22.321378500826928,3.0158164097125826,1.2909746457611595,1.121153638133378,0.7057667567932123,0.06515168125064445,20.73312017249196,0.1711709391324098,-0.9109616342600049
3.4188506044244926,10.702187939539012,0.8975348383461328,0.603380234908011,0.7733348377897279,16.924871373233824,3.136387411000097,1.263927354046204,1.1018946075590692,0.7731867222305973,0.44052378464556224,22.89861466693333,0.1859081973181626,-69.44393784722737
3.423724913006322,10.743755298708262,0.6878637832957339,0.6168321664301061,0.7388474294938535,15.449913257088681,3.1313585266971318,1.1157608348525745,1.31164279062412,0.758719778219344,0.18918747321291968,17.374625046445,0.15093551484162743,-119.33146868700103
3.4102379768675553,10.0255734971184,0.9261181302146222,0.6543704324731822,0.7539664505699474,15.698983153650804,3.238519800859159,1.3204118922716468,1.3090874963951302,0.7509293982102117,0.20687723295739693,14.801160188992757,0.18214940492213547,-14.182395651107285
3.4298850826524365,10.895383830582839,1.0106257060368737,0.5509457398736995,0.7434219655881223,25.337029974503174,3.185291787382785,1.3555375231521718,1.3792655412865853,0.7779615156127174,0.12430249092602791,22.92851729067607,0.16803815635195282,-46.25436863373088
3.4181444340020204,10.353047167237452,0.7953634881973958,0.653295029135372,0.773978341018767,21.496070965499737,2.7146580065426766,1.3813227968671784,1.392977091693559,0.7680494877707925,0.4310757846214425,19.35221637133143,0.1971145505859584,-75.1120125934937
3.416082503504694,10.077111161452686,0.7416734583485879,0.6387657360695689,0.7508364474681251,22.5626978513981,2.900271381255653,1.2663485383309125,1.2563074258548628,0.7288625117358065,0.31360654270997107,24.782883592920108,0.17150909079400037,-107.13884636702184
3.435157454566457,10.006617649890227,0.9895569415907006,0.5456704103280359,0.7562273502713792,27.012782928248868,2.860922042195995,1.2446304966731452,1.272587205565609,0.7958132073546177,0.29216404992039274,25.064822076691613,0.18816093033324602,-71.26800060316961
3.4274953848416443,10.731613124660251,1.0022430162678388,0.6917632048315643,0.7039904130010779,26.248806636480516,3.050953896371509,1.2444575387855887,1.21793137887792,0.751230757886555,0.33432674476767593,16.971315379337227,0.16448991634198537,-93.58027530560491
3.401759903068869,10.741098197224792,0.8618118633283294,0.5891298126802921,0.7651498145162962,22.33620753918361,3.13680928950956,1.350724870519851,1.1280378275068978,0.7395127874408303,0.2714442862471396,25.84894928308116,0.15178447181544225,-44.362082136985634
3.414270406153606,10.583497945944627,0.6984589468269733,0.6292601010337766,0.7048930008310523,27.836798511718634,3.0377900338220867,1.21045983492355,1.3123755840136409,0.7329796511510828,0.4894444773297155,20.136613208937938,0.17815143596687352,-107.64852121415149
3.4300761733913916,10.461796939679637,0.8059407443270434,0.6826367898753165,0.7214073195698557,23.78094719349118,3.173062371997859,1.154197077174246,1.1189792059720924,0.7379939073998794,0.2384379394484861,18.536692910430496,0.15404534413411441,-25.932121561913206
3.427109231932739,10.89058463325777,0.7939961337391281,0.5626974285160976,0.7545475225424091,17.532401220628877,2.8322807361624567,1.1642863794786744,1.1449152513914784,0.7823974176371533,0.2549942071183667,20.717094068211512,0.20936513030825268,-58.29870953485448
3.4353962440821064,10.218320555532344,0.8054706579456042,0.6153640213914491,0.7164542107415449,22.946892625556302,3.093916800085101,1.3066053942129463,1.1409149373353777,0.7862910730657228,0.3780940369364552,19.891580261296994,0.2131952134708715,-27.316319959826856
3.401437312781561,10.152253432489315,0.8395143604113245,0.636624874041164,0.7314837469258321,22.798273168111255,2.648103397589874,1.3319490856150624,1.2116545918225456,0.7865128573700445,0.37120870114247,24.49206821091439,0.16950829677429563,-98.61001795719613
3.411634120975231,10.542104257327985,0.7518954276714802,0.5927800294695896,0.7333388238924322,24.347739444893193,3.1035944454971016,1.2121308662405064,1.171680798331441,0.7371337443664963,0.31290753160473495,14.702626891784881,0.20350473882112807,-110.93039649252725
3.4023039502779624,10.84178055268921,0.6751160064594784,0.547011639752707,0.7178838292225976,26.23630325566519,3.0728669557042276,1.2562780905398556,1.2805334235390786,0.7949401107932521,0.3853970245505072,17.41287258670644,0.20021565119015128,-107.28662790791469
3.4221400167099896,10.665746291881335,0.6706357024543435,0.6052842131846274,0.7160404871187773,18.88120760990231,2.6573370687381592,1.2867618744565412,1.3975571351725382,0.7168681043389351,0.2784480292394708,24.12489538714828,0.216023754996364,-44.29893426558756
3.412140567790902,10.109139118492832,0.9449579804228188,0.6666419696383392,0.7606705927475049,24.442314462354936,3.025442030837578,1.3064662630305646,1.168652566091178,0.7223433607619728,0.08590253438615272,16.87113291632358,0.21746029184490084,-50.99565197197664
3.4021037102183747,10.36318338319655,0.854313152645163,0.6375665498009697,0.7354743037107122,22.697079075045927,2.7806913067726446,1.2510499389569287,1.3098377663939174,0.733146867703149,0.46907731235144423,17.25223930460046,0.17849365847006776,-50.68677673347811
3.426911891209973,10.375367609818806,1.025552108607483,0.6150182782056483,0.7629979015195401,17.18558539458645,3.208842016029164,1.3208113194383586,1.2058375970269164,0.7091584201973746,0.4715017831609249,24.92660737799238,0.174294143113049,-75.4395785779019
3.4096090022321097,10.635345109501076,0.822163559276713,0.5785079360120952,0.7602903981171429,25.748891226176283,3.119778220246509,1.3227472617290836,1.3134357145741065,0.7369310372971184,0.21962023876023554,21.729422661976045,0.17969723315718283,-118.65821423318049
3.434568704122694,10.336868354848512,0.7556780706869464,0.6062014205443935,0.704431071801447,28.212424928383392,3.236781086356905,1.250199564487005,1.2828594428362101,0.7235703927401052,0.2022256028963726,16.062894350488126,0.17163777054762341,-120.35321366601664
3.436420905754441,10.295062471284494,0.8805847181795118,0.68882336338717,0.7255583516332551,16.544012735711974,3.1804117518917967,1.1866916690198854,1.102193332912919,0.7298776366769497,0.36042466615620944,16.02005715430071,0.16956957598442107,-72.80220045680475
3.403570215164982,10.7277284626602,0.6892014341544506,0.6185196297488412,0.7459025740798215,25.44868488966806,2.7042996653462295,1.1393200455086037,1.234760594267594,0.7318872371111491,0.27707241249034714,14.851118320678777,0.16172985188144268,-23.010275193287924
3.4102956598773515,10.773559545356141,0.8796978078942683,0.6448850487368508,0.7171634497705646,21.10625475914777,2.8877517377763087,1.3123829383329793,1.2255742515455217,0.7377595422081619,0.43503759793311003,14.676871973897017,0.17442014481739096,-7.078728299379506
3.4335419604824784,10.115567779955336,0.6947405479278402,0.6032402302974268,0.7003099234117108,24.455623387427778,3.1084711179337265,1.2401272290605145,1.2705254459467112,0.7979583609705351,0.39235401974615824,14.640910302252891,0.1571741931144288,-106.48158189848152
3.420908937729469,10.749173859570684,0.8510876755283375,0.5648505927777694,0.7508632462456287,22.785942924444896,3.2428152551648335,1.342030642249745,1.1751379455526925,0.7460463830788661,0.2735724102336706,19.355237869372015,0.2010946960367696,-27.809200498913555
3.4126987935987345,10.151124619950089,0.7869523443647257,0.5846238336100107,0.7230327719980231,17.996203176860046,3.2169456596360297,1.3021216198237324,1.3302925856044332,0.7012426589072475,0.4596426986191924,20.817494653579253,0.169046507494848,-33.934587083435616
3.43337594919636,10.595543034903818,0.8062841746022932,0.6476663750547542,0.7549913965085518,27.51121673036061,3.0489303201871145,1.140495589303232,1.1801722615136037,0.7262095639704951,0.3986925550601349,24.083863339753208,0.1952708187973283,-43.732715799279774
3.4230066311516407,10.08512561913814,0.7032122685926243,0.566333042088908,0.7051380557878059,24.359987981716003,2.8350856150066006,1.1276515032818877,1.1221739045007308,0.7983736362612384,0.44704571565035706,21.221971900739554,0.21140332941458578,-28.110560265103103
3.4078452943134794,10.07172524052781,0.8956544441180552,0.6804542908250707,0.7395313928481428,26.326540334409465,2.915653463454207,1.377398008920363,1.2775192003992324,0.7827442609180585,0.30806161027310075,23.825553170766483,0.17585941212823245,-80.39915085245508
3.421000717603631,10.226856257588446,0.6807595836678605,0.6091770969486998,0.7762547515323883,23.036105964575086,3.0950632502621023,1.2798830558789596,1.1795999094848955,0.7126932618585857,0.4751230697645872,22.20100507945552,0.20982777715377393,-82.15033413736566
3.414793555909723,10.193850058718972,0.9612821295803569,0.6481444402645137,0.7566555655336982,21.732584401442615,2.895522019702634,1.3238452067391775,1.165155252005429,0.7127120656568934,0.44865548431084407,20.25783985772267,0.16465930292779452,-107.59201186293954
3.438162121684847,10.691273531475202,0.8394857715096005,0.6298033680986619,0.7555363033528794,15.930243749266621,3.0152561838687335,1.1642528644301136,1.3773563060736658,0.7864608874172626,0.018708409993205083,15.771461566942586,0.20197436240520095,-100.5338295959149
3.413298771945279,10.834086814482303,0.7433244877836227,0.6281095808159364,0.7018627921699147,15.99107930107307,2.762853114739917,1.2795832662221218,1.2022737286146974,0.7289980130977002,0.3056531020501094,22.032017313909453,0.18209979825082823,-17.827849054190807
3.428833371030547,10.644226713647928,0.9123364613664464,0.5781336565396782,0.7469448288280545,16.46104504614218,2.649095988294223,1.3865743417209213,1.2176051016115381,0.7362465142419102,0.398539792217861,15.16893406737606,0.2196173310010311,-12.525667712995954
3.4027825327415386,10.105623834335697,0.7244536787003384,0.6415299190370719,0.7115734559335533,26.706696894660745,2.8814233259705553,1.327827259906984,1.2548431204273072,0.7211537536077601,0.06486907335625684,24.813424228821034,0.18789447137567328,-104.72297151289845
3.408223678974332,10.560263271822357,0.6946579554432837,0.6146025775456496,0.7489026084686998,25.80419655945658,3.1756005771246576,1.3818708199537622,1.11923202057455,0.7305875185435897,0.09607523279377807,21.941407446440344,0.18374733926274708,-107.31755403230807
3.4317256395960416,10.871036932397969,0.8512082183120504,0.6515488046552822,0.7669340060700295,27.826986152723556,2.665109567469386,1.2144713667473785,1.2102363393956448,0.7897382790417735,0.20557730519944908,22.721382341990406,0.15391882931906772,-22.94847481225888
3.4137625357708417,10.70783813704121,0.9615651769486266,0.6451732974120503,0.7222170713274392,20.01515118281192,2.829790359253938,1.1029716405222854,1.1088454329520205,0.7619282980455371,0.050199252476225455,23.77517896698945,0.1709080905331714,-34.587143008844976
3.409941243095134,10.080865264411967,0.8348063265752236,0.6609159584817054,0.7030618856608052,17.255458017004997,2.6982989639136488,1.2226785833152964,1.347835147451379,0.7167914102187686,0.048470073770057145,16.03131073918709,0.1870640047518257,-15.474671993158196
3.4022219319462255,10.580753962392302,0.6988095359842171,0.6691715214382357,0.7568404933325666,20.192393648355658,2.705622558388265,1.154653829418087,1.2852992578242501,0.7770527429594462,0.4566218503212103,22.00560028227589,0.2013237028781456,-85.62295306176644
3.4081990888684253,10.35110040497103,0.9133615909755003,0.6656855683849291,0.7228569288232221,26.235277838722027,3.185111826091796,1.2056321699373338,1.2354007208056128,0.7669524960608214,0.08936993512739588,24.85184829996558,0.17617600854376103,-8.921620460413678
3.406994221129143,10.262556365193893,1.0052978748363681,0.5906899683977876,0.7383359974912798,28.395554272886518,2.9944964722312,1.3819281624363489,1.126611301902763,0.7280117268647343,0.17502478204863142,24.009235498538132,0.16433848073242657,-43.079789641947286
3.4269619581878223,10.729587299768777,0.9740310434270875,0.6789127134141022,0.7336661528659238,21.825942699032627,3.1557854349372736,1.3597578264773726,1.1741128508376963,0.7004498316436509,0.38508142170219267,16.887387162667387,0.20692357205795625,-114.79781243176572
3.4089361893355026,10.650532888186428,0.9583102997270316,0.6584614300103031,0.7472606211155304,26.563415660904624,3.219018083547125,1.237090785186559,1.1946937570815563,0.7830195273782751,0.41934322363576637,19.97099935062919,0.19498104207518732,-42.74275397848868
3.4086174066892703,10.59352619552523,0.8237529350631283,0.6198886467713083,0.7599244841046457,26.545372838103575,2.838490750741089,1.1976781942955612,1.3153533320138162,0.7488638329931598,0.2564081412874098,21.4914653322043,0.17269151903128435,-34.40579664136263
3.411764936452726,10.31612035045783,0.7553921155043831,0.6172275265332332,0.7118687325380672,24.12242108408003,3.0168128922636113,1.1417298868821275,1.291248326110023,0.7410642685773353,0.19849720377881327,17.563628115095813,0.1951955715462433,-40.846477527684755
3.4125702610830904,10.058277977390949,0.9409556455752969,0.6015434759737708,0.7769450504766632,27.6673389375874,3.093134314332815,1.2299181688348395,1.10141864213056,0.7045060044128916,0.4323458828407193,24.59325847224459,0.19364114004009841,-89.16388758300207
3.417427652676878,10.742398401669622,0.6904503893762883,0.6028183679101059,0.7687931046927153,18.35426142037658,2.768930196500075,1.3848195091902706,1.1075373199388736,0.7592180909714586,0.026975668628678815,23.503210628678275,0.21605648802206118,-41.03424116169964
3.4204258126743228,10.11698208922916,0.8359622686187619,0.593016924092472,0.7021753405497079,22.351201772869842,2.9059848931329335,1.2432155612336853,1.2983574227772614,0.7330306929628766,0.19814470433312173,25.463094642490024,0.21133259030560414,-69.62165677908281
3.4243819055470994,10.708639178546921,0.879437091445804,0.5833031305055307,0.7244118638625956,17.746972994487333,3.0171506433121573,1.37698597630461,1.1102913307500863,0.741940076202925,0.01386961960067582,15.197600389385109,0.20090479909511602,-28.944572165401837
3.435434667055831,10.627445567864184,0.9869000175285914,0.6447872076642092,0.7403997250478048,20.90552548233063,3.241337361342665,1.2633633919039582,1.279257833302756,0.7432604088045751,0.3534111707281377,15.845968103319258,0.20079781070831976,-87.56182565543376
3.4004206564187727,10.596711074381808,0.907130346543624,0.5681466554946422,0.7217630444814004,22.492100097923185,2.7740348525258627,1.1536157143626484,1.3991427738788629,0.7946059615362777,0.38837188668124867,22.08773420429792,0.18111908094495605,-84.30533094668897
3.4396319830499165,10.295585229910408,0.9894904179028032,0.5752909282987123,0.7624583946244715,25.773479736229813,2.6843180032223253,1.1167127439267241,1.3061288148160135,0.7890532349478261,0.2886349380079732,25.579395699076734,0.1648284911308422,-47.618526875174
3.4225269709540402,10.614478597672946,0.8974967178351083,0.5510191346145709,0.7422601928018381,23.52792237002126,3.061676969890985,1.2284669180633114,1.2086545666304962,0.7943076978883598,0.45004664228605173,24.08931452116323,0.1513299842335773,-49.143967017868846
3.4079278431585185,10.017934937587858,0.8628898437875512,0.619252347673183,0.762727982863511,24.266212627617662,2.6685221926926816,1.1493073776031006,1.3900781922964935,0.7718553422239194,0.3635391350052685,19.57845622197135,0.21064065593337844,-6.774369520843038
3.430195521470522,10.465363089495536,0.6771712184929299,0.6196109661810584,0.7565380089387961,15.907424680961032,2.7529475906521452,1.2047292184533198,1.2004667215438678,0.7625523871758403,0.21850270347816655,16.083347211678984,0.21671929587442185,-110.60566620443622
3.430804950346977,10.344966327561213,0.7483676671061859,0.6671654038616608,0.7077912259788112,28.055723666617897,2.7083470773482476,1.1012729439027025,1.1307448538161093,0.7043650912748519,0.14495771584099135,17.703512187940994,0.20457939864120073,-72.35861055363435
3.406607080693761,10.815194415607849,0.8930317122613586,0.5912481210156154,0.7450545847037937,25.893215290305378,2.9923255345412927,1.3704650910496143,1.2827366252891463,0.7854315097449244,0.09556481926098796,19.644551857768878,0.20343370246748743,-18.45508114642145
3.421589491348983,10.263956644253579,0.9440029651402349,0.5510409772580946,0.7247060395808036,20.331412986541253,3.0871752229118044,1.3000629131994745,1.217905780745194,0.7806873361393358,0.1072183950682921,24.116770120650607,0.21826600560224896,-10.540348488948752
3.438664730827092,10.247949367579505,0.8230279389979264,0.618935690764477,0.7721452875470375,25.046806488172663,2.9283478385184853,1.2883615782521143,1.1271041930116381,0.7260444862317261,0.2623768276890242,22.438982449133114,0.15597091710251737,-110.1335049636503
3.410537718018232,10.428981414980635,0.7901249163970495,0.6414127693009253,0.7759230686715732,24.32319801734841,2.956615441863773,1.267643014261969,1.1367448692234334,0.7592321879289878,0.32026298492604893,17.782319643795198,0.18557356743265646,-26.47171171993989
3.4182973659057136,10.29832958626309,0.8450717027665626,0.6419383345709949,0.7381028243836085,22.98395063999083,3.222244756629323,1.3996387750891706,1.2593990173157934,0.7352168173048246,0.18445501789749658,24.641486415902662,0.16492678593067744,-21.155749262875418
3.4118417648884622,10.821224207367077,0.74371082868211,0.5843918491842921,0.7100456107520742,26.981619038707024,3.0207812306418864,1.1355838321999294,1.3853973525986818,0.759811076077087,0.24387405355871547,21.73280204495722,0.18777622646463504,-21.19250586037917
3.4262746996799835,10.261374417881154,0.7262636168026699,0.5852351125541156,0.7226593176715846,20.773037409814542,2.784495329988639,1.3729727166492274,1.156926129632014,0.7730182499081887,0.06626381845196447,25.890585253616184,0.15866880473367237,-91.66394745509797
3.4348094770804676,10.428240307381687,0.7056610414013269,0.6009258076181977,0.76369661132577,27.689958713785572,2.8130095139974234,1.3230164949123338,1.2219130945672856,0.7923722117183616,0.460928016428378,16.399070857310022,0.19837138684094863,-102.26972098543905
3.4068062561333483,10.383278436526306,0.9252279329164265,0.6306119632085534,0.7606806635926333,18.423925548712333,3.123047414498565,1.3374511783268748,1.3397792002022777,0.7614315666021637,0.2800593027234631,21.456381483614294,0.16323340540221543,-43.622652358341526
3.4235741389651166,10.536153873986153,0.7225491706635336,0.583319345395225,0.7563564254800357,21.625284943769092,2.6950171588353244,1.3423312783029333,1.300584854259152,0.7404787525969243,0.19836859757420403,18.949198878079187,0.21090925448765538,-67.50241208563104
3.433331910426222,10.630620398449084,0.680360986501828,0.6159933780815017,0.7127243370219408,27.379520814445208,2.8166618210542875,1.1714872060303614,1.3525512644993871,0.7734293878932859,0.06557785307814887,22.902600644736093,0.20277194954526173,-109.49697394166002
3.4236472810790497,10.231722849792373,0.824349585159067,0.5797317723634282,0.7165684645675343,19.16233695517113,2.8983981210430105,1.2539208553339893,1.2559476014669417,0.7774852427619466,0.48450698803399245,16.25569165390442,0.19838143470598618,-50.27240809956341
3.4346280638049684,10.686630935490108,1.0135896593358893,0.636831779791433,0.7026363078601985,18.610244279483208,2.90449379354136,1.1100018297784138,1.1158813552837064,0.724684725470823,0.11994867784153719,22.46114191780575,0.19735004543708465,-63.756068129588854
3.423154826423696,10.37727945305484,0.6516191453412106,0.5830431215882732,0.7179448446259737,18.828044968454392,2.844385420655223,1.3405435092068974,1.1346284958444786,0.7482631433147484,0.1366840100763387,18.39570226573499,0.21434410313423413,-76.06750348887314
3.425737592204215,10.323358112547602,0.9421482974775608,0.6079126849895808,0.7278772390237053,23.30090844567926,2.8163042477000735,1.3522733566671268,1.1189184890142934,0.7900427340955873,0.14739372140812926,16.8775709818402,0.16840815389692804,-17.503339306942735
3.4301131603703,10.046722701164521,0.883445493259963,0.5693143530341419,0.7103801881794466,22.0900442082183,3.049750009412958,1.2368875165807085,1.263963032829681,0.7903474970885369,0.06110600517744925,22.410769614735358,0.1748852887564813,-28.461640531364807
3.412544244098865,10.543733064297069,0.9542945878968718,0.5831599548495577,0.7339975010257911,17.947790156050466,2.858387333604932,1.3022432937261985,1.1271956414031516,0.7043705875444973,0.466090382835764,22.81035599090606,0.19556084445688618,-61.946880941625466
3.4274475354341862,10.15243239291961,0.9041500135014735,0.5949338306979586,0.7748080276062552,27.534867411763667,3.1551635158108686,1.3479191347878947,1.3445916986622988,0.7682412640100442,0.19016235698348544,19.931830163872736,0.19203982983251855,-21.044428228155255
3.4043536087471344,10.665199403108016,0.8919958598611182,0.6458457268725901,0.7403734044238698,19.225648722967655,3.1623608131431604,1.130265070191859,1.3169509935666814,0.7363231073215512,0.44481779527721843,17.577219655358533,0.2062647544812953,-118.50472073977008
3.4147015679869943,10.163915849202134,0.6811267234882862,0.6151317030634182,0.7176053782179562,23.98489184837929,3.0534032271907843,1.1549073796583493,1.2822226142584778,0.7712559014091549,0.3735813803204061,24.19663938836633,0.15950898899014604,-4.097055422791655
3.430356993132545,10.71307438527927,0.891400038114643,0.6784195000327263,0.7635217790532302,17.793337031469804,3.109453262433317,1.3876310070994542,1.1270078527008747,0.7815706603939008,0.3693669344956422,17.836826238759585,0.15510046077971737,-99.50053519273654
3.4375517247154943,10.566095897222185,0.9217546110007768,0.6565126624443072,0.7777202521565871,18.08120160432848,3.1752307290166746,1.3033521147534939,1.2136672649673437,0.7026174746885819,0.43496541269249045,15.12957851870913,0.17571312116500185,-54.44397069383396
3.436086536837797,10.001567319865032,0.8490724616925666,0.578200915332638,0.7670815770352183,18.74520182750043,3.140062343247302,1.328362169822341,1.3681276688579085,0.7945165179939447,0.051840607963113905,15.972886633015325,0.19043869572024855,-55.23245704734522
3.4135826346006564,10.07247801174611,0.9577834339409799,0.6208132532839251,0.7335591590879015,22.23118242061937,3.01748734474396,1.367328530013553,1.2349518009929048,0.7236664498589307,0.1554931041618478,24.221111600264223,0.2144416120689358,-118.78315807092511
3.4211532264344133,10.637589117483383,0.8911326388278009,0.5717358620715001,0.769122144795605,25.868331872067245,3.224600448637725,1.118083130456987,1.3451030332116936,0.7101594854801627,0.13298780493238774,17.199087162198804,0.21619004898853528,-54.366329687593776
3.4153368398121366,10.041211834497236,0.9748566428045655,0.5777324395504491,0.7324716851519681,15.725709488186618,2.904099582912562,1.371746233301869,1.241818264544671,0.7195264826134776,0.4626496273471558,25.52216002179336,0.16961596267872348,-103.88999492041714
3.4360522486637826,10.438202517932481,0.6996267330960843,0.6431777666366492,0.7579770726183352,17.849317576327277,2.794499336178349,1.1721127688099569,1.2273313135487325,0.7595637337319211,0.0860820097221551,20.58234166006432,0.17027558429091774,-97.08299481165291
3.4044098070600937,10.461378832121525,0.743923251481133,0.6860870181093304,0.7599182367776242,23.559053690645133,3.238751390590395,1.349931202698316,1.2742603241563721,0.7582417646265022,0.04734575171568042,15.56187653327299,0.1683167471390379,-81.60289620587227
3.430389380131496,10.806405253031196,0.7054745969452393,0.6701129885098106,0.7715931380485687,21.53587874824992,3.2284422687842405,1.1395922467190305,1.1824856498246614,0.7522016179485472,0.04008549944406891,19.747276446280466,0.18348059000163058,-57.048894439348445
3.435663243668792,10.453141070332267,0.762983901403969,0.645361065845324,0.7293619825978107,17.556083697137947,2.7461250054702324,1.2769952547071581,1.3721679826734574,0.7306125980299205,0.12573572179103779,25.659815058969528,0.1636745994997802,-42.194958837497595
3.4011022791382426,10.798477659036987,0.9019264737435768,0.5482019696399588,0.7164000498201082,21.72871832246442,3.0544409199033575,1.1855362791776813,1.2770797249043326,0.7456444673212277,0.4056185722947023,25.100077395810477,0.16558158109127435,-29.314786057902666
3.409837332648625,10.890131400815715,0.9800728542018448,0.651375214784806,0.7300142599921184,18.4470307145297,3.1282245713795485,1.2783569294623842,1.2315694909618267,0.7209898202420969,0.42625715627643956,23.140785380865985,0.2044480841970885,-9.854436968793735
3.4220675949424817,10.537746312747375,0.7608374502101255,0.5931862998379739,0.7424538670685321,24.531662283893397,2.6442442714199275,1.3413999271433954,1.2759100275816144,0.7891351252986476,0.1405277470675872,17.599920558735846,0.1607326850006868,-11.20852843103836
3.41078393448729,10.80436270286159,0.8627439882021051,0.6810659362367796,0.7113011787556934,27.32365462120621,2.9808027580754497,1.3551165441101798,1.3333729769226594,0.7418335416673401,0.2405772388137105,23.973750240975534,0.15772228905105543,-100.49189474558213
3.439219115859315,10.249868991075486,0.8358925160264287,0.669136364784011,0.7253097392893029,15.76869661425858,3.251313934954754,1.260044666788674,1.3108002810486676,0.7195496186883503,0.0029179683395627334,24.578580856169374,0.2122937338606572,-120.58128422239173
3.4055913065836854,10.330389698108291,0.8484179726565411,0.579415149871068,0.7635151296454209,20.05230108729718,3.037124005449692,1.2502538944785715,1.286855342930216,0.7060722026727677,0.3058364004323627,25.7529967746626,0.21736023717018751,-93.72332567939509
3.4326920475151046,10.583859889648839,0.6537038723840585,0.5642823329035099,0.7179437012839942,26.220579500238088,3.0373675433794842,1.2576187381602304,1.2402089426070202,0.7326930242729855,0.008107562132919308,15.807899988671087,0.18043306313244087,-81.39350851695043
3.4080668657822604,10.502436364225863,0.9982200537007244,0.6364411896536708,0.7288933675973001,16.683701807879025,3.2726078777119634,1.3189033269386405,1.2402973163082145,0.786660318892176,0.003106285684186015,25.202328375896176,0.17551840133845245,-108.04412757320227
3.4076996699584763,10.231417430946804,0.817215131646096,0.6692636374789629,0.7476485690287359,24.03106016283182,2.8076579861641884,1.2404493901185805,1.3915524722126669,0.7642207629054933,0.2844436215432851,22.095394390234077,0.16256565280984678,-92.53328718282194
3.4391582146712514,10.81682645596426,1.0153091389444333,0.5523907959416837,0.7575933255016992,26.832172741372094,3.2015063754928947,1.3574532915644721,1.3806423879894723,0.7663686023017049,0.42415149586113504,14.302627755995475,0.17437502402887545,-85.08149316952313
3.414860666978334,10.327246046258551,0.7475746795983885,0.5988810869701184,0.7480536102043173,25.289317930895393,2.723850581651793,1.3452932493534302,1.1432262165907408,0.7314073308487823,0.2071684671163354,21.1587414210747,0.16623672617108168,-96.69805023792827
3.4388155638447326,10.660111869674559,0.6644177882870791,0.6360601544517411,0.7747688865731595,17.135347748243788,2.763021831032673,1.2027014501503077,1.1218148618405737,0.7618035196335402,0.37973864379642347,25.87782895702596,0.17355870163896178,-109.58034408651851
3.428204945642318,10.629480434955296,0.9069309944339349,0.6303384478139206,0.7501235436880845,23.952190920132615,3.1022593216357093,1.3575249289643798,1.1469570906925386,0.7358118891978945,0.11740126010176298,25.31949882761354,0.21589212620215373,-9.710164415848169
3.4200790764163607,10.734132543823666,0.8547686610379625,0.6423754254868224,0.7576723910088229,26.17917562085232,3.0388617676738763,1.2714696301093802,1.2977333327201341,0.7693216536432099,0.2531766721182621,19.176166967379103,0.1775152579204021,-49.25758659197436
3.4068289137471917,10.453279517540496,0.8862584059765123,0.6544526634141072,0.7414886670549575,28.154691066698305,3.0547326039763596,1.2943984560904007,1.2350326509215002,0.7248399493851188,0.15772213514821268,22.682769991824784,0.16227952397168038,-42.945225102484684
3.415697853544992,10.471239227089695,0.7806338454529331,0.5437611862009009,0.7292609119160863,24.446620623618244,2.7474607517036875,1.1598617213114941,1.1105261125835133,0.7639706266790263,0.08286163104847288,19.680270083918035,0.21123083691977185,-47.76458600596605
3.4185971903529513,10.752017090640372,0.7168620334724229,0.5440167510060469,0.7311957219086289,27.97248840072528,2.8776284538409476,1.3913573414102078,1.174679873103228,0.7346656687180113,0.01260336352862278,24.05659750809747,0.21015970771054499,-94.24374230905241
3.424609497135416,10.08773997144658,0.8704245001975837,0.5517273092132658,0.7741456494852359,23.102628441621288,2.939828012936254,1.3817542969097745,1.2535458786356237,0.7109708435408807,0.21891450111634808,21.56975933395427,0.16470292858018115,-86.97712617389125
3.423809151766827,10.206826881244833,0.7452071186255103,0.5538102969525158,0.7023736510629139,23.469597819094442,3.163997634544779,1.1688621783765598,1.2285993454561255,0.7398934158524019,0.23780513432217484,20.9673295121267,0.2184314302405052,-39.947624140774366
3.4065538182858877,10.43296585138593,0.9536306372717489,0.61281873251341,0.7534953243447603,27.23193113060959,2.7169592699895624,1.1680694871521482,1.349689995913022,0.7277279854200841,0.026049737548126024,15.562628520469223,0.16642556218527055,-119.00255884326673
3.417808133626796,10.089626801075935,0.8691831588934689,0.5744855511800985,0.726707164344832,19.889120441932064,2.9465556692214,1.2698139792107301,1.202230719438432,0.7887493748770928,0.4598056306130352,19.639742876101558,0.16934523884994085,-110.35155033042454
3.4176121245429174,10.481236651039431,0.6773503628922086,0.605818612127512,0.7289298342477234,17.85778553303368,2.9137212014899094,1.2311702748456572,1.127585528476172,0.7492172137307996,0.01596083000581357,17.157157700748385,0.17941990975254213,-78.45650753295001
3.4161011706948665,10.448929654497986,0.6712096627385952,0.6524703157122109,0.716523623552918,18.819629252669806,2.8890796300415063,1.2707225580118433,1.3447475113259229,0.7564959167350913,0.44713880539381723,25.746693848914745,0.1676099501450465,-61.565309577636455
3.407183273404489,10.332427488419802,0.6735321888300132,0.6955593001237828,0.7769135733258195,21.46946061235909,2.6732281409857754,1.2121713408532697,1.1500525587146124,0.7012215464900783,0.16380643344787477,14.354953742527648,0.1922221119926183,-114.04763238219104
3.434972607105837,10.782640218689055,0.8335803816930353,0.6134100086094073,0.7289101007762028,26.414576770766324,3.0676908027595924,1.2536921570942674,1.3821625992299165,0.703609009002942,0.4924737994429212,16.215766842115315,0.1885067423251272,-6.226565821705307
3.4013911497444385,10.605751476461995,0.8458506676928432,0.6553581186389481,0.7721972378625033,22.0318359084293,3.1655250993932005,1.2360808355360773,1.3408067644665982,0.7110596396416895,0.01419028763191643,25.787333394648588,0.18272142518949014,-79.21536383788387
3.4244038015498326,10.48052346848441,0.7308330867604345,0.6978991925355211,0.7484654713748555,22.197459983233422,2.780894095211844,1.1567259116745539,1.3545473201044858,0.787400315041127,0.04170141419195359,19.337295525217264,0.1982233491283503,-0.8469913246539988
3.4238497760543143,10.635243458680936,0.7969429337652163,0.6813056404711347,0.7583511552984822,25.193115172949774,3.0564014314892747,1.2559828458841695,1.3344868961838319,0.7650514678339991,0.3967600328301132,23.111524009988308,0.16762183651931495,-108.15401306672501
3.4172315722408215,10.725818171016734,0.8732940839895277,0.6899818437497688,0.7065446339892846,18.63635817848022,2.7734128758866348,1.2955540024012338,1.254185371838719,0.7065283089478593,0.3373056068319014,20.374041248177534,0.18046208886894302,-18.77209100476192
3.4372622341685144,10.357967875607597,0.680527968238336,0.6899092289205939,0.7666755531384627,22.917449802260066,2.757084730160824,1.1152561252743933,1.3473121125104681,0.7353162369248963,0.16797030999961463,20.270204332297624,0.17444537564589224,-30.932073790062418
3.4360998656192843,10.203523997315358,0.9858677501270164,0.6003538338609276,0.7379697132725529,26.652567280049524,2.8682929421154753,1.3903740210964564,1.2254783088503278,0.7333821949624963,0.46322797246951813,21.85244941720756,0.21811827300941516,-38.606714197903145
3.4264484039989065,10.300771825452786,0.8522794874262101,0.5865016648033934,0.7583349893434789,21.000951611465762,3.0589768695101003,1.1899047039477162,1.2850601975286355,0.7577602014508741,0.23564093724040552,24.4628395927801,0.15940488597008393,-32.213096656643344
3.423309406837591,10.279906404120696,0.6864723773524786,0.6684752698588684,0.7217234072149287,16.047707936139087,3.2469704629016514,1.3385434212142604,1.2630490569658506,0.7545718105045119,0.07447978863118238,16.86458706183087,0.15069008011966092,-65.13289809781648
3.4366474002405667,10.436478988464575,0.8147722707102358,0.6138665064109499,0.7395678598120929,27.476829980630658,2.6529886965576863,1.222197777805393,1.3296835030628333,0.7894320671397017,0.2578478985888285,22.5430685299119,0.16972485276825408,-58.89651698147122
3.424344759069088,10.830158473094961,0.8244466436368999,0.5601962694345478,0.701682731959605,19.126571984934262,3.225272578002068,1.3094454271056812,1.3616752063125088,0.792830695001959,0.25710077146517046,25.33037756583726,0.217572108789095,-74.6506369991838
3.407759590510977,10.582405399586358,0.6814398367286669,0.560826883752745,0.7312776538736673,22.824299693008548,3.2056194705104013,1.2092874013958388,1.3772568181099158,0.7910165626642782,0.3827447077402121,23.510907782464294,0.19895044213760874,-28.397676750266925
3.421388108779426,10.811663709482673,0.7632770933003046,0.5984820305803218,0.7690140005504622,19.658311995226185,3.019943069037381,1.266001257516599,1.275821596633408,0.7576478736714589,0.2360307305152469,20.721302464401482,0.1695277184149818,-16.816462676986788
3.4377679276585265,10.494811812733612,0.936235282297293,0.6094346320252818,0.7545367846405799,24.829981924341975,3.0049154317088167,1.2944725658500746,1.2454901964877576,0.7548009890715253,0.012213589443831274,17.59600968633295,0.15534612328087535,-0.8361107206252285
3.425719700650822,10.10580951980482,0.8090325182003992,0.5677742165437971,0.7718101846833091,16.25822927709068,2.914197471945996,1.1426215233137778,1.117267537134086,0.739696270417295,0.366548229469269,14.976117148371777,0.17144811414780584,-27.22601220979216
3.4286107409297704,10.063737179432927,0.7201365166231658,0.5472246865578205,0.7434381445298535,27.10252182903197,2.76451732930379,1.3391003021153665,1.2655682820599647,0.7350941570958297,0.48075173177582015,16.223928247527088,0.17753401351427217,-86.27081763297087
3.402226985191522,10.642247263085485,0.971463878670451,0.5507158809551717,0.7478177897725945,26.78889193396659,2.9277036549240334,1.3516492538175713,1.1943701539241047,0.7597962250032836,0.3956624687294804,21.071593633414768,0.169729798836945,-80.30888070259968
3.421526165924985,10.402725103126938,0.842956437739838,0.665315871359475,0.7723581770737868,15.543116150091334,2.850665833761945,1.2225649852867888,1.216731804922728,0.725550427401826,0.2427738217168888,22.785998775199467,0.2126142354061195,-111.27649537293225
3.426387289068791,10.16839951505636,1.0112100867822003,0.5561112289491701,0.7710556834291505,17.082014274158144,2.798468037985151,1.2776125491150652,1.1683567948762634,0.7592210846286918,0.2912143655301839,17.053600444802093,0.21269578254483873,-101.9904261017811
3.4229957818152053,10.200637823747108,0.6580437596937035,0.55740686537719,0.7518225393656652,21.37077153851122,3.064139616352988,1.3045510549399493,1.1363923403430292,0.746892608984577,0.3575368940683884,25.82956646980832,0.18403351499560877,-72.52231739508662
3.4318319580615846,10.841187804183308,0.930331043252983,0.6556761095674343,0.7456635554723618,26.812428478531267,3.179498084906136,1.2413542554056871,1.156099031705481,0.7532244496389205,0.4067271360566596,19.810770456403432,0.20722816955910645,-115.01569580914123
3.4197528065007643,10.521686309775585,0.8373276124361299,0.6392713869493871,0.7637048954856,24.975775143558266,2.9969331874519893,1.286889218548472,1.1335106283412373,0.7948674977806146,0.06445797997359706,17.062284518329438,0.17740658422845748,-83.13619866353767
3.4214463285222614,10.758189125429126,0.977912000330309,0.6458342202007195,0.7364263535310921,15.686728707259647,3.17142061720102,1.2374809910001603,1.1798819567376433,0.7063729589112464,0.20633935867656444,17.460041984079144,0.19287775111277794,-100.42226564013913
3.413391403122151,10.537260608337922,0.8372241926118517,0.6977343118818475,0.7350504800126925,27.03089558237359,3.1134262687998655,1.1528653913498705,1.1896337937218513,0.7944152588879683,0.09586656738985447,17.722549707493076,0.1841573129484906,-78.08791870055857
3.4272235960148643,10.785235278676637,0.8902074239281274,0.6890355173717634,0.7083949608102919,28.32339018998055,3.1504951117276816,1.1786896754399379,1.1502708078248058,0.7370815636741416,0.18377832728519733,24.818456299446062,0.20474808032651545,-53.91439357918419
3.42468550933155,10.744271019574427,0.8923505498861326,0.6084977875790789,0.7617087326837766,18.965812196147983,3.152143139390549,1.2203406417128466,1.3307026454166062,0.7196370454691,0.4188086162068992,17.807542145026275,0.17069573530949453,-62.642159714789926
3.4169279455931854,10.562662120172291,1.021977415372252,0.5525756000848356,0.7057718881035573,19.809207464331617,2.686696911129473,1.1048635753545764,1.318670486753235,0.7836413989043155,0.09460594489675156,18.358370746533378,0.1917376880022747,-77.16243611493692
3.4132213306502766,10.663599486995844,0.7358419182335355,0.6388888962605505,0.7067016942685986,22.04996900074027,3.220054992873914,1.2600627156479247,1.1168775016316426,0.7479501657905699,0.012374322511630542,22.24746380414892,0.16814171001382683,-82.8492496107362
3.4197849925992285,10.55554466906794,0.7519776417516937,0.54919203844432,0.7230025684926062,23.60714025373366,2.847861850642138,1.3860754214218884,1.1241206896883917,0.750555225757466,0.2868477061135718,25.56640466947207,0.19152045868213904,-15.740031457250055
3.4369119672314197,10.494071136437373,0.9164169573175905,0.6456246206284557,0.7306417101038595,24.680126195993424,3.0963376955165502,1.1764857207071013,1.3405175153943985,0.7256911164344744,0.41769095646344306,22.67994242552566,0.15919178488713895,-15.971192826169144
3.4179536659092253,10.793616801313544,0.7204963585731937,0.6682791270020276,0.7750469711592909,16.48589645018371,2.7493779871689354,1.3945566365767976,1.3247362140492231,0.7658579428371068,0.2717078576182249,22.998771024846295,0.21233486129263568,-89.32293945083686
3.4384851561377485,10.14878836610735,0.8207173372840655,0.6046666612553551,0.7525388091641143,16.41152015344018,2.7893829972586213,1.1346101854854127,1.3877929705638845,0.7267904641195282,0.023108464147741672,18.703682921299386,0.17426993641371263,-60.99144807445859
3.413140856420831,10.866873742198576,0.7822639278267376,0.6593987720958453,0.7195949440658087,28.155875086655612,3.0580958435756007,1.1733983634666898,1.2057375161575878,0.7229264907935491,0.16420530452878246,21.68052276532588,0.19938896936367967,-40.62409918017637
3.4136484196882364,10.18152307484308,0.7175125138264855,0.5615732551309632,0.7621015456777083,20.072552387727242,2.989775464255271,1.3069893952140497,1.2815159407837158,0.7627094382984788,0.4652714813454688,16.333963908620063,0.18132336592892706,-86.57713152592433
3.419545629790545,10.492913398772767,0.8082465104064939,0.6591471350592245,0.7067308876734618,26.267966785293673,3.140536580080296,1.307517931565421,1.2215496255623925,0.7846248827317552,0.15352270465436257,22.615222221096175,0.21492671823294607,-46.188023234560035
3.4225694098398303,10.005666004071456,0.703980903429408,0.6324639314298729,0.7692827817565955,22.140091410136858,2.6997931322136863,1.191856823282795,1.1230083937600008,0.7170810666050843,0.19124988639185803,20.48390093400569,0.20360377628413745,-79.55919341078275
3.4171005573953135,10.426268848935877,1.0038903473966143,0.5455590385163905,0.7434779650157308,23.482200684928927,2.917913782917825,1.2909331206518024,1.2872941689546646,0.7019319590245335,0.03407596994013471,15.632020655425467,0.1805727123522356,-55.91160364426956
3.4319766211647726,10.72039313061275,0.9622553857253409,0.5928341204990385,0.7436813170498747,23.186842186633278,2.952559378326409,1.363239766439858,1.1421993530715904,0.7811244812152913,0.3636144162940174,19.65129005583149,0.2007446286114084,-94.1454233804966
3.4040322783768397,10.240012155424635,0.8710561200239104,0.6339814433619995,0.7286316911133599,16.982674011409294,2.745973007763236,1.391639700852689,1.2241881946375457,0.7341610557271587,0.27027745248612034,15.746086498845113,0.18631293092562543,-54.91346823354307
3.4203105819690354,10.23383965037595,0.6693618413921941,0.6187706979968843,0.7339634059122176,26.692146382950412,2.67394219501378,1.254763783903605,1.108105911141684,0.7185697241322594,0.25132655175340246,23.413465160106504,0.1596856285297143,-58.211859677484185
3.434879553855035,10.321674672296684,0.6845365588015483,0.5999329604839523,0.7184187251262065,24.92380726331141,2.7219642460914533,1.3370677439631553,1.2925954158295234,0.7631874828188957,0.17398108728261039,24.053350941646027,0.2033470212216834,-70.47104159497606
3.425442703828514,10.052070064020578,0.6593497036057948,0.6814745623221674,0.7662858564628817,24.142309931294964,2.652325720322587,1.246538814297718,1.2747058031586753,0.7786518758996168,0.472868453561774,24.158118052879544,0.16520952640886624,-114.68016604893951
3.4173313174126467,10.386154061054878,0.6635155964117051,0.6623862892515626,0.7430358111220512,28.17725299478645,3.0701409856043345,1.3853761816303027,1.1404999931013091,0.7039516418375251,0.25626791765773654,22.060685840206062,0.15615679333847912,-78.16631178368584
3.4020564225959697,10.501218224902043,0.834938063140074,0.6791430457218732,0.773669175134839,24.417741202984416,3.231377932450995,1.2318389226219448,1.1881501741607852,0.764395481740572,0.11849089729473732,19.517587076556335,0.19212706400351895,-60.11165925370612
3.437460695147135,10.768734908829536,0.8201588613508496,0.574227859605562,0.7711899424546875,25.39827847363248,3.117599152759293,1.2336486452788924,1.3793155517956173,0.7344486003349902,0.0892720956187172,17.8050142325492,0.21064251774624324,-30.735974734403058
3.4011988434627805,10.716806035969391,0.8382718333930325,0.6533700523721804,0.7297096547171785,16.757477572108677,2.836054877885398,1.3784855700369962,1.15636967858118,0.7776600095102053,0.23287864900737756,18.99854243996665,0.19468274854122736,-82.93856172538949
3.4271922512711175,10.426604150704435,1.0026285074203862,0.5436469082623611,0.7103588828735764,20.908621657472228,2.980741678013961,1.3197387634641102,1.25702010110826,0.7798726623672271,0.42354365710204944,25.44946977700031,0.15530641831480896,-122.76339264854883
3.4256107004827867,10.164369728838928,0.9419472716053805,0.5584785870777129,0.7353003187421319,27.25639001570736,3.1505968204407164,1.280309839936731,1.114883404538051,0.792962080502887,0.16361962133269828,24.99554602794797,0.16968096823977566,-90.7494506013067
3.40965231031561,10.151548548674072,0.9528523903596626,0.5682316013639596,0.7374015654836725,28.340748589673858,3.1398807882668365,1.3218125616763192,1.1352251593621654,0.764472245528688,0.4223431216402132,20.778514946935097,0.1952476434787669,-68.84236753572853
3.402549717201901,10.166783042684038,0.8071387766283471,0.5748177241133867,0.7691450619583022,26.942576002667042,3.243241230083727,1.3324880846036853,1.2097537104814144,0.7940835285369816,0.1780599884688264,19.25229902021892,0.16736623682788132,-83.58257725353582
3.4230722717676154,10.617530195659425,0.8834264669909057,0.5781537823545337,0.7188594167093214,16.531923734188855,3.034570521735941,1.254492509078109,1.2985030455900546,0.7019594931747146,0.45544720896147173,22.123462249109302,0.17524728218438193,-1.5081418720561288
3.4311254362460124,10.31320273878418,0.7775793425645606,0.5623697432245933,0.7262427364012773,21.39387361982194,2.978283459591384,1.3314708412725647,1.340627224678094,0.705594287296523,0.001791421567914972,17.247488762020783,0.1885176439579351,-1.7547155978571425
3.4192828363241348,10.137420039823247,0.7912069667850514,0.5640167516791537,0.7252188470313913,21.229962962515547,3.144108708137342,1.3841265529475923,1.2792883602974972,0.7038552085170862,0.12691133773038624,16.757409000981482,0.2020439153746264,-64.4609137382313
3.4075911317960754,10.183451934256189,0.8891506612060612,0.6546346157414903,0.7357344147496713,21.00819563795276,3.0752993627324474,1.1738775545024749,1.1334056503877286,0.7130207547803953,0.37667689342710686,21.18934157139391,0.2156780510086967,-6.0222633993744665
3.4024972407950274,10.80152755882329,0.8833929258589754,0.6107998821578656,0.7721213855679216,26.269968273069395,3.053766322444151,1.1404686627101743,1.166064234606015,0.7527127874906664,0.023171235564296067,17.28960297738588,0.16704830993187603,-40.05436063762863
3.435967367608341,10.626358642729809,0.7615987535830727,0.6205279040295946,0.7614271359717636,23.737850008849435,2.924827053000984,1.3129984993220492,1.3023060190345772,0.744500809468717,0.22217277881378333,17.823880072014546,0.21773379204738758,-76.8549144519184
3.4118490279963045,10.156877274956939,0.7750718116932296,0.6125442674975684,0.7046630665524244,25.546253665907372,2.94563506691663,1.377679371111102,1.1791649025671804,0.7605873725290461,0.31125989769994505,24.07110902981178,0.20654249775552652,-8.520554662624463
3.4319589069029575,10.682233051646206,0.7264855463755219,0.5613870627856266,0.7018334174353817,19.77037974039761,3.142319097629948,1.261967662271299,1.2964257660697898,0.7747126152252993,0.044567267671965574,20.522400969081488,0.2150925749099219,-53.039061994571895
3.4247269507410105,10.898359250686623,0.799689790136302,0.6790319919192855,0.7535120951172579,19.68644371799698,2.6441391166486294,1.119418325520596,1.1040223601513408,0.7844156559313161,0.1267993522412457,14.03745284449668,0.20694413408465984,-63.34973406910697
3.416207844188744,10.287632015425636,1.0148804090775783,0.5492522482667939,0.7424635155891744,25.532360308908714,2.6607379091274144,1.1397898446810322,1.2870351094404353,0.7812689082628871,0.12578416363865974,14.848956514665133,0.17446530755241818,-51.062392544907965
3.4192711288352102,10.198014122508571,1.0224548455904585,0.6038442887736379,0.7509343183625203,22.095703826978248,3.2220753511131153,1.1440071497485542,1.345779995017082,0.7100082885130449,0.30517816490307337,18.572319323671234,0.1742088006791778,-106.49819549866623
3.43086474708775,10.72234664007552,0.8397351956005534,0.6578345328798455,0.7280279555318393,15.4622203599746,2.8914396412482453,1.3291636341942494,1.308586075047642,0.7369909149435775,0.12792940679279133,25.81646422590734,0.1541863021215964,-25.645956905004056
3.4001877236070626,10.857627487103176,0.869495523935264,0.5737036512662305,0.7756678641476991,27.033035882271008,3.0852639245257683,1.222668599978569,1.1203510671586747,0.7967682607760632,0.1301950107079935,20.161188655815174,0.21949234655709116,-103.35577431706088
3.4108639628529356,10.334166014055324,0.780555810717104,0.56477598233566,0.7435509365947452,15.83162484067212,3.0152113945010326,1.2906256006423926,1.1138343586065682,0.714538332564558,0.13768154836035085,23.605206574475414,0.17466015712744845,-32.10611168010695
3.4147409525130388,10.406102247606919,0.765118428431725,0.6289502619872198,0.7174645855827121,26.3885503862341,3.273410161981053,1.366554862647954,1.2980851558958508,0.734240432231127,0.2186581372022819,23.283215631014503,0.1616057662050405,-44.07842277371287
3.4302606783752125,10.800353698195405,1.0186559142234088,0.6114365436456153,0.7664973403374754,23.67238106304538,2.947193298756969,1.3720975110012414,1.3102580637968824,0.7877225139404417,0.46221688019677626,19.73458423074573,0.15920407729673386,-38.57762626681621
3.4071262673157903,10.244290592063079,0.7185738509061707,0.603655537587916,0.7108444727960356,17.22026050972634,3.086272500623678,1.1383110155373632,1.3809987811857771,0.7171180439750781,0.13318326040565703,25.395899028458686,0.16518132067018718,-110.19582287219092
3.4141902954348398,10.742493591177695,0.9697321437727737,0.6536081418247032,0.7337430846325519,18.09453430538887,3.1147669907375266,1.1826617126469536,1.1998344532654672,0.7286338025933963,0.37861928648632087,25.44750394111861,0.17019814459273258,-72.9413831631428
3.409663591000754,10.439661876789419,0.6504723745140302,0.5512564357362779,0.754909349115378,16.56754435639442,2.8159274091600444,1.3557946361026245,1.1500141998617142,0.714306467926274,0.2771090893826826,24.181654250843145,0.16291714093533505,-29.227162559109743
3.4317756576632616,10.408521746121432,0.8339452421548881,0.6886421673993146,0.7318969036471035,18.09569043937633,2.6544170301213104,1.2582060511532218,1.1771412704787698,0.7512057928232648,0.11528481902958869,25.247042632569773,0.1817682712544164,-68.33421108496994
3.4058290501516075,10.76461521658376,0.6991964024814422,0.670587867206307,0.7485222834355505,15.62121787934407,3.248528926839934,1.1023520754966705,1.3639651114505222,0.7850790278353916,0.06083398637410067,22.548727592439874,0.17604325173843272,-112.98288705164006
3.4181360347181173,10.763901884867856,0.9100467576609774,0.6619220633467517,0.7013872681201946,24.440503691049454,3.0349620728357367,1.292379976372881,1.2871870791582116,0.7364668540636476,0.1451099212522418,20.316852936879016,0.20768486698193667,-122.81694499811982
3.4258483562775344,10.137965663897146,1.0085444000498103,0.5703697509034849,0.7284837817490644,20.868720986024268,2.7859791823549536,1.268100432807255,1.3303353923272885,0.7890006566823804,0.22390383911235764,16.11154552348836,0.1934975554456166,-39.44256854658268
3.4318020021412075,10.611398721467918,0.7571972241216111,0.644029129508239,0.749488374347596,21.23142415772047,3.1233762061123307,1.3622239365410744,1.2427134189972409,0.7259823214445784,0.3789145037436252,22.558961339242362,0.1765723341546222,-58.04166652867569
3.403757688624366,10.161610867602384,0.7371418649474281,0.5938688557258236,0.7433227531312023,24.633830469918998,2.6854657704377423,1.2174338024674678,1.2727512186497898,0.7109121333208266,0.0497169492190422,20.440328266364585,0.15334031067433107,-33.19763855796151
3.4143328645380513,10.062027878291127,0.752057244699299,0.640495044608902,0.7526196075082944,26.071970719607805,2.7683725128941004,1.3084505631242598,1.167160495943339,0.7078195849769555,0.24273325789346822,20.588848886509446,0.19848337879316713,-89.86662216132001
3.426922657438295,10.546724741993982,0.9882962207209347,0.5770046873470732,0.701259387982185,24.47950422767162,2.8822181829521893,1.2429839052741924,1.186072555828544,0.7469512335592348,0.13855521575064483,23.12254648788638,0.2175065884522197,-51.0343527563532
3.414057115797259,10.282980836148974,0.8364857944057137,0.6253281057063628,0.718599666307383,18.417561906151118,3.268247464453404,1.1236626178345344,1.135896876866399,0.7261367377727057,0.4094714803828622,24.13553314093962,0.16713628505663947,-97.23570688721108
3.4017068659780723,10.475618838138127,0.9228840313871465,0.5865874897502931,0.7720514119565598,26.546774753158978,2.7132873862227997,1.1517918726655332,1.3162052177483217,0.794525434258323,0.019799235592928212,25.682201629499758,0.21971005983638336,-32.36211412559844
3.42226386110436,10.277546506227104,0.8066034517036521,0.5886573892580448,0.7225729379091254,24.484721110100104,3.0812503026565623,1.3908600595936491,1.1024074974875264,0.7908896714851742,0.07598596130456124,19.967207940792974,0.18414390125041027,-1.003516145655027
3.4055384004453186,10.483444998431645,0.8525271813936949,0.5651014446296989,0.7563863023824204,25.615939076056,2.8937432731170833,1.3879007193809212,1.1651250131804618,0.7881508290250683,0.10076775778084307,20.847812533536278,0.18534614562522825,-116.135464227052
3.412894651883207,10.852644428092852,0.91558663052203,0.5729121348164126,0.7199165506095352,18.430411442395563,2.7559766649678243,1.1390446098528133,1.2015219881268637,0.7971077116101444,0.09890412112968422,17.59806744149198,0.15704745406685083,-51.958487003566006
3.4200915321645726,10.790626107495463,0.8253424246214658,0.5536522249383445,0.7592646093801184,23.249191604389683,3.22195837205205,1.346229103041322,1.392001528282354,0.7752923489884307,0.10829278261152894,22.91842166739337,0.2130896701508937,-34.26142601584523
3.4190740801041963,10.266348674252718,0.7502190736504493,0.6810893557413041,0.7185438160258859,18.10738113483139,3.131716424094826,1.3645469196751514,1.1313933759146586,0.7852395975399613,0.06978264839347471,19.328261906229653,0.2078783045201687,-82.52772766069265
3.4062027187163872,10.251286890973223,0.91114096827587,0.6360755392536026,0.7370165417516724,23.581441463196605,2.7722484579979554,1.2962350137123213,1.2095738135425642,0.7362123807529797,0.009947582065688614,16.323176792022217,0.17600346578704124,-38.92591545650714
3.4124889253464596,10.304776522367193,0.9904522913859182,0.6311575213531926,0.7186532757757528,28.082145036587423,2.767112490935122,1.2163717431223289,1.1232727211522509,0.7247990127649604,0.1707988597690301,23.218941919270442,0.17308847817232076,-66.74521280448346
3.4285001112207776,10.331406447993112,0.665378386025578,0.6232513937794218,0.7775628176837452,17.281446735398116,3.0010837564389976,1.1270758577586162,1.2895365431306158,0.7291954726667668,0.08993713890290073,14.321136423433156,0.15034441221383812,-115.11255873985075
3.4279394528625518,10.624370852736357,0.6679132774329674,0.6233174062051751,0.7420507367371626,20.233306600621766,2.740629150798423,1.1104924291080176,1.29407623478159,0.7463169967696658,0.07667273008015911,25.06177575860496,0.19592039272848183,-86.55115072088776
3.428047225748669,10.576141278476321,0.9755111397088305,0.6367676950188214,0.7165665859138992,15.313293960152803,3.041549420718399,1.245153311556197,1.1683104393224109,0.717962244459128,0.12495185429116097,25.158596347631658,0.2101256269460575,-49.8874133914731
3.4161173239756786,10.428210410375211,0.6990638376181139,0.688211001019376,0.7593568949111974,28.081822876424745,2.6706184001857163,1.2468872513690639,1.385539799865061,0.7525625358396989,0.137161802728123,17.405966013178677,0.21900022811625286,-77.78063005538897
3.4257950400846053,10.178104836896253,0.9045064751240656,0.6245930204404838,0.7492426816913401,26.34059297396603,2.6596467541247786,1.1251607063120805,1.3784999120340524,0.7866220754551438,0.1411060188346277,19.47023978978904,0.15975808036836603,-4.640754681585136
3.4336197050681667,10.137111854566076,0.7126293834009214,0.5500299956404495,0.7522724938390375,24.81737412132202,2.7481035742148787,1.220915671116094,1.3178710716135271,0.7256764914798269,0.19340998885362476,24.61885072652544,0.18804272089045018,-104.99080355627153
3.438566155245913,10.745734818669092,0.8812513340639339,0.6626026560662913,0.7199204245265951,17.876210478285575,2.9233605825453,1.3951892879191916,1.1568818005279486,0.7701419442663955,0.217607608673124,17.752601308944584,0.1706184135832002,-50.409315968114925
3.4126254479867146,10.0004247610858,0.9607677687705345,0.6499753849424643,0.7265487353863562,16.807595798534127,2.6426201594974517,1.2190713148208063,1.125258274877181,0.7646547890294476,0.4662352885260277,16.724373182997887,0.19284210681907327,-88.97659993580103
3.437212255394605,10.844137141775962,0.67159094020163,0.5764271033540612,0.7636698033027947,24.799903363750758,3.2446330451316605,1.3066390384344684,1.3765890549457802,0.7874962939031962,0.04414416086110552,23.82375381428573,0.19330694893130262,-81.63551920747128
3.4313196141561386,10.181143032014319,0.9836468835130256,0.6516144948986246,0.7264810559840802,15.893866132945437,3.0566953956334766,1.1009356298061883,1.1916877804254522,0.7146187508546896,0.41630120385600017,15.576375618603459,0.176973086698374,-43.52189023000864
3.407636622705965,10.24998598892761,0.6926592537912326,0.6076961186666581,0.7770762438168419,26.918738463817526,3.00677559668891,1.1302014974086216,1.3718044462791477,0.7870415442783842,0.10167433521800363,22.076055203812817,0.20993339890755527,-107.91357136569582
3.4336348020451335,10.069545832917754,0.9233757573704636,0.6778512730941106,0.7212448352366049,20.726125074993366,2.8625120286841166,1.239955856452618,1.2043667607967399,0.7112377872859525,0.025834269615226436,15.350147467931016,0.17850261155878544,-106.41121194867196
3.418104432558005,10.594638868955762,1.0060689285623208,0.5693970916582706,0.739798606234339,20.774978845458463,2.96768805948411,1.1412069536517029,1.211441244661423,0.7963645485851295,0.4184199235254737,19.785305160612946,0.18654053897044034,-31.944504668683038
3.433693911369488,10.560110888821368,1.0067067027385928,0.6694105812366765,0.7496950787080107,23.329585507893082,3.0771299399313548,1.2803315918246079,1.2621699340523065,0.7724776587043312,0.19754077261091083,14.21673882675659,0.1823286029537544,-11.222140183660187
3.4143495465085554,10.012625231183046,0.9205571896066995,0.61006823514188,0.7738115684123116,18.67785878978245,3.2705784373582323,1.3332318266834489,1.2967391746691193,0.7047687172780993,0.3991604685664614,14.9618950602812,0.1647086151277119,-12.827256877935696
3.4383800844406096,10.62775824300776,0.9770290454099957,0.5566661527580605,0.7729739849570575,15.347040575166574,2.8595914582646706,1.2040237596462016,1.3570771583253816,0.7820201821991357,0.42983430495862696,23.453642730491843,0.17756443478182277,-115.00975281223099
3.432842513838217,10.873634482244237,0.6684424410313591,0.6941173925131,0.7142536703435228,19.401213075340834,3.116643198732195,1.2910947121933583,1.127240244505769,0.7830547264118259,0.46175967174301397,20.005369329350017,0.20352640408662037,-57.78798387508067
3.4186720302088944,10.437134329351899,0.9178260355149651,0.6901378364990973,0.737734796804316,25.518705469705843,3.255871257675042,1.3255654336735603,1.3421009602762186,0.7199253091767137,0.12206672797832217,21.49936498822508,0.2031500885226418,-55.4921159417559
3.4154937537492036,10.281433164667117,0.6863184824005497,0.5993108867093285,0.7102481263335056,21.79854493075211,3.090920437293116,1.1179370173231409,1.3111176201252839,0.7156140667675762,0.4046039594949804,21.060505729002067,0.16895602124894188,-32.52878250860098
3.400316304218139,10.577488571235438,0.9748627516601198,0.6423076101441475,0.7665135504764784,18.278740288165505,3.116545019405221,1.3489536493093996,1.2379037269774638,0.7930117378776167,0.29558248649769736,20.85929433043265,0.18597302734368598,-38.16001234871655
3.4335552359601516,10.331508319669776,0.7785881442949154,0.6444356007624655,0.717639802222044,22.64360799773349,2.7537026561867113,1.3018915234785586,1.1304118589146042,0.7576807367988356,0.3457591641792779,19.721866071477088,0.21720378947493768,-20.54787393021138
3.4256375068245197,10.036532329128601,0.7773894346305531,0.5897239780220157,0.7603808132024655,24.042507932080774,2.6838812663787137,1.1469132528003039,1.1342527736443748,0.7168214141154433,0.08114175813867024,24.448362605339277,0.17199114449023592,-90.28733540942585
3.4156397976329878,10.164522211490107,0.7940674230517855,0.6957524960550134,0.719992434816555,21.31769899071574,3.0769422062776988,1.2300768792715695,1.3054252089284772,0.7637480354664613,0.44601028980546226,21.980070469552324,0.15885426154054597,-38.194826864127435
3.435266386533321,10.343243920730956,0.8582438416322494,0.6107259133035936,0.7402353813549871,25.775151865379996,2.771651288254087,1.1952895055684591,1.321430351787568,0.7270235920995939,0.325568315049638,14.898378469688502,0.208678248287428,-18.327048424232416
3.4265787703449235,10.69144177652482,0.999978623545537,0.5633701006762466,0.7072134917465869,26.153654191702678,3.272051110489184,1.364850100264903,1.261711458511161,0.7623433752428678,0.059797791997864065,24.077297863275675,0.19612705096793562,-45.60187015312643
3.400564149717183,10.235452230558286,0.7172530633398073,0.684854495002526,0.7616239248008889,15.51131307985378,2.966178732640174,1.149944207239023,1.2716104913112432,0.7535996150864237,0.20785539461622046,24.436762308035345,0.20501289056586652,-98.14458529107077
3.425130959161075,10.666137197394654,0.6876084730354359,0.680899403773136,0.7326957163652342,19.259658509883874,2.9016885567309307,1.3330114978015233,1.2661473990329248,0.7354923893839959,0.37424678188956384,16.022687536241882,0.16091231344285292,-97.15334055617384
3.437894542784838,10.581690382979753,0.7136272062024458,0.5516415780585997,0.7153598580262237,24.723727824322694,2.9027578668983,1.1158269176418998,1.3133988923276052,0.7867528505145733,0.45204597243497446,20.60436106053859,0.1892182189537024,-73.43456377568023
3.4327914226893643,10.399162131056473,0.690760114079614,0.580257298293401,0.7337726920536962,27.38796541605997,2.908926435086066,1.2101441526760943,1.3481986211669792,0.7994991441102923,0.04075590631426808,17.53777372033928,0.18596435278368123,-103.84402363096501
3.407530533785874,10.388935006406951,0.8382185059970871,0.6081431368838276,0.7126749508673248,27.075215311499832,3.047900491415713,1.157272840862667,1.3604710270404374,0.7459086101309663,0.4562590958075244,22.276778311541364,0.20477188861076606,-108.67677963198463
3.4065143805422236,10.039679113551085,0.8810924844437045,0.5844711210077325,0.7655116182157301,21.697309528248883,2.932336678636877,1.1504162325308704,1.149819747434964,0.7914869716177382,0.09982501688309368,20.67239098687551,0.17459709727103515,-75.91706276292143
3.4008523917325495,10.719210647494519,0.6600528674361328,0.6358725189344919,0.7164745818971584,28.222177733738153,2.662097563293897,1.388996239609492,1.3512736489718975,0.7164735592788699,0.44918433895696613,18.288105944390622,0.19177225026395234,-32.96967156740101
3.435445313902648,10.223103240385587,0.8656758270230472,0.5908315277259684,0.7071437687535804,18.902189803729645,3.155301927534005,1.3582579681943023,1.2601430569958094,0.7999819857829163,0.05853767034378151,15.753512427714265,0.2180501793812204,-95.45544033263832
3.4293361406311864,10.239910943905851,0.7698761973771415,0.6933594826851671,0.7609460322518041,25.55832441955002,3.1907066791520795,1.185622836128106,1.130119445583654,0.7005717043831458,0.4688990216262493,22.0486331914392,0.1954985837158262,-1.0542015780392546
3.4222060233168974,10.307270339543066,0.9994567890962767,0.6080468327947601,0.7757687226324668,22.450254957167818,3.0624850136352357,1.1301522266723985,1.3303744918896543,0.7768782710685191,0.3942560002340075,25.985731922800994,0.19864905001749233,-59.98498521192211
3.430051768061533,10.611188029575747,1.0033949419227421,0.5810901733923632,0.7649572941625535,27.287740388257085,2.777301723594139,1.1985202332684377,1.2328103312726222,0.773338374985251,0.34703282578753325,21.30980319802272,0.20317932150913715,-74.71831252193354
3.4160136817950213,10.135446397578768,0.8314341366819935,0.5450686428308904,0.7794497790179735,27.47294190417184,2.7109035129571732,1.2488572615155826,1.388367571982487,0.7707484782035223,0.21897988464691107,15.613358649381485,0.19150762580667097,-88.66664158645332
3.4145065288436283,10.82694304531515,0.6606545322686964,0.5957300364340984,0.72747978630493,21.913297312570513,3.2525492778126184,1.3934753039934191,1.2177784571774026,0.7558076118907897,0.49922386114253536,24.464869913324833,0.1665548967026112,-18.74291849387228
3.414526427463943,10.52982603210102,0.8894326794363876,0.6850678428885565,0.7038324839240169,17.534618833902854,3.0245489633977294,1.193298246505894,1.2435691455323468,0.7478505389630542,0.2406833400285084,22.879355689371124,0.15327311470049404,-123.55709561131287
3.4037136577375104,10.099259704443645,0.9553744038967111,0.6323122428745749,0.7325232618539687,24.375556332413638,2.7811888155254723,1.1608609773301823,1.1681003499702123,0.7033061862262442,0.1465914702338149,24.172772526586613,0.17588255877074868,-11.012502213365423
3.4094445151806982,10.056057056649095,0.8976802667422247,0.5970862698711831,0.7306827892606836,18.648912484579082,2.868215040383038,1.2419882518054712,1.1649879740831675,0.7837559483221566,0.09469677319864181,15.781078798031066,0.1955513547846311,-53.23676699856145
3.4267880270715545,10.814460697663872,0.8653694301149265,0.6126129848396253,0.7052123633883252,27.8248318104911,3.033223584075867,1.1371388625386272,1.1216325664413802,0.7441075906529417,0.35382350792413303,25.494532170256658,0.19642891203890764,-61.89109087970329
3.4113909838144054,10.507978829536501,0.7591449905854318,0.6412837767652628,0.7552011778526809,18.31809556224273,2.8754737347898853,1.3906082424595656,1.1752856154421274,0.7062327505547012,0.3065838262151127,24.904018836346147,0.17548673580684926,-103.90416266904224
3.4186104674905926,10.564091844968726,0.6970967353850601,0.6938716406578624,0.7003698485994578,17.0070421337868,3.2786519954197466,1.3470179071951176,1.2262414288280885,0.7479817942004644,0.2669317618082558,14.480663770098092,0.2040054403263441,-18.623291503723934
3.401049167369692,10.242344670106409,1.015546427531521,0.6525717337235575,0.739247817123652,26.710479384846966,2.9386314010208467,1.2824782935152246,1.2677805095615655,0.7510843194718395,0.16298908289852998,16.9296358483529,0.15012791024249536,-107.9214111431706
3.4042765224843583,10.733884689597854,0.91774017848395,0.5485410656492722,0.7359743292409512,15.35059403273012,2.836169180736,1.275809367158368,1.1288987683750267,0.7498726699854357,0.29710200437300865,15.798537470949855,0.21376275318178117,-20.690672204549912
3.4293304134082336,10.489073705870528,0.7142307704880663,0.5925676380245831,0.7784216719430446,19.268822383269065,3.114260597299877,1.2366463997992005,1.120700149903144,0.7640678257768315,0.29024559335608535,25.241089712619818,0.20933427375403685,-83.44523911304427
3.4250659646209036,10.41549241352496,0.6807039012062269,0.5474977808055972,0.7258208602301462,21.42846757950929,3.008514694173417,1.3685704026777106,1.2757402747796804,0.7344880113115606,0.034627599009772754,14.081799092734336,0.1609991727076029,-64.86685775739517
3.405205509746217,10.171255169104086,0.9157589815284722,0.5500801975955035,0.700387944735609,19.537409758656274,2.8704989901613294,1.1891057094562505,1.2509967089432563,0.7428584107138748,0.4699331981553512,20.836035339505475,0.20518257617539537,-59.88253251394477
3.4112430944899157,10.658681778923276,0.9167885622587368,0.572579310479429,0.7194420682490462,24.56390611881339,3.046606841092317,1.2758898067136895,1.3436173354873597,0.787419458845477,0.0735566282439743,23.364749591185518,0.2058191440440006,-55.45912975815202
3.4266289237265224,10.785270968955414,0.846431195322352,0.6277041159822231,0.7520181318090616,15.299468762452433,3.032819960666473,1.2514834882768913,1.2952178941775385,0.7228412846026732,0.24973605532507298,15.043290332872477,0.20194240866492316,-68.94719254459258
3.4106816468000374,10.401216602538097,0.800767538308615,0.6992911048548471,0.750115763307263,22.576202900054266,2.796397163918777,1.2204449548422984,1.3547658435530459,0.7864260195226771,0.09630165835769874,17.22735005247366,0.19400123193117175,-94.88169400481178
3.4356259297677365,10.00181671094287,0.675570025896605,0.6600751665838696,0.7023197133808201,20.179705758163717,2.829827530816391,1.101519993216962,1.370954554348129,0.7020728499654302,0.351893173916437,22.539542044203493,0.20370567006452908,-89.37291309836579
3.4280949023741876,10.321505241590028,0.6764593515139992,0.6793999869339284,0.7565251325126362,26.765876254604642,3.0867324355938046,1.2994945633879507,1.1187078201209277,0.786705627935244,0.03544009262829099,20.231892388426658,0.1551576809923195,-71.47104081910359
3.437257955052262,10.151877582106017,0.7397583516914803,0.6567407277953285,0.7197728993632202,17.297253523787905,3.0263105385253297,1.378427715054546,1.339854357115507,0.7200279803343586,0.267456045697452,22.575376080955984,0.211435803845468,-110.07509902787277
3.4180356309579243,10.471573291638348,0.8379431671145352,0.6589173090346675,0.7251184308399599,18.94887415287139,2.881088233035814,1.3672717796755613,1.3002782544265243,0.7903884040660172,0.25450969732971396,19.011919827484764,0.21582597603554415,-8.189645056647635
3.433559872954436,10.699479568923348,0.8771252437865689,0.6744631453349756,0.7552260695028917,27.376417447682357,2.8771421813377023,1.357898509780712,1.3373455488691985,0.7904742591181874,0.26241522872055517,18.298131631875652,0.20332512814552783,-52.90737797899831
3.4293119926055065,10.668062005824483,0.7025801474289077,0.5660343130873572,0.7333681026961062,22.936218350517418,3.1412078329111606,1.3778059448798885,1.1622281425724594,0.7781167284954247,0.18669368152424637,19.746384030371004,0.16821208352924863,-30.38370196130451
3.4315393780028978,10.075696638811111,0.9117749408207929,0.6793799205042316,0.7336748427040546,27.468738505248695,3.0958661914343737,1.1935297896288113,1.140589016515579,0.7606592967622965,0.10006455118728462,18.942454996482148,0.15608635986929978,-50.591091265758536
3.4046482690759126,10.524587089919937,0.6816364903218907,0.6947855988648795,0.7036913074474107,26.94872255439667,2.8070969306335622,1.383033340046149,1.122502416414694,0.7712158076213327,0.3345397010563612,16.756333009783624,0.19229374213432335,-32.569312017776994
3.4180921755926708,10.053985569097353,0.7539147327258545,0.6579309926031803,0.7498621300193569,18.008619768966145,3.221161040206549,1.180354037674484,1.2650605894993041,0.7437302212192781,0.24560232917143499,23.079177268449026,0.17848073042748153,-104.21409151760511
3.418225627806674,10.592239575169224,0.7594624988682561,0.6319721941063382,0.7487434376204323,25.16557770802703,3.0561316572208543,1.1399441033592461,1.1725373249671807,0.7994104113504501,0.13567403799972802,15.422822754931104,0.19483443751649235,-67.97021038161964
3.435990465196425,10.72529588833118,0.7867383094184435,0.5799881061480294,0.7211306741656032,20.001759543611158,2.9535473858575654,1.2418395790274475,1.2746121114453604,0.7026409985814863,0.11980578426264897,17.294043888853714,0.16214854279373692,-79.1915709690065
3.4301869637503253,10.236743309446862,0.9886104711089982,0.5591689264191991,0.7338262106365162,17.24733246265836,2.9142906011338963,1.1388815846997968,1.1475135037937771,0.7115862423162681,0.4303934082776429,25.113929827168924,0.1553831510904386,-34.036599933849715
3.4260731301017033,10.561432371833915,0.7693542374942651,0.5513620888258688,0.7110758357150524,16.294424854949057,3.034189949531196,1.11650336121889,1.303752017975314,0.7668534943980051,0.46164387477380664,21.09451431740978,0.20152270930463415,-31.080918791082695
3.434527611755083,10.15179966984654,0.9695087519315753,0.6466866973443168,0.7349324270100152,21.01791426473976,3.0713310587746383,1.3256396031538564,1.1456185565063484,0.7810606001871931,0.15040337572683526,16.389363865351484,0.207654348040013,-86.51884868910128
3.4092878534242845,10.27055409499519,0.8800867951932951,0.6554828775874401,0.740055057155515,23.151462525994642,2.9123491775260133,1.3638984594688552,1.3670474961204848,0.7888722482351952,0.39659411213137485,20.8842877131671,0.1638318845198463,-82.87402171352001
3.4034230484876136,10.71909540969621,0.9038290763012549,0.5753310910261118,0.7123436607015666,21.43230057915955,2.6686223457615346,1.2554958704231352,1.1478530563622154,0.700689286289808,0.07431472534568609,18.66651208845998,0.18058121445695952,-54.52287780317326
3.436667965754799,10.08477822737315,1.0185510506594861,0.6562443295471551,0.7272863814614987,25.961632342706988,2.8472141556917725,1.1809203678575697,1.1167068182238276,0.7664706130777058,0.33514418246545197,17.32567495430253,0.17422653678378097,-33.15430824907624
3.4235334620713775,10.370313799991635,0.6641973538443505,0.5947030507426101,0.7043373912529857,24.248025802565795,2.924269650001647,1.3413374656598946,1.2162657966538675,0.7694641500875038,0.1476772359625925,21.71062665126081,0.20765955526696306,-105.27235798458833
3.4286870363511093,10.238233023062037,0.8370061536396155,0.6665490163360619,0.7023468487002016,23.71171218895344,2.9566786101770735,1.399998303341874,1.1574167836370215,0.7284134133460125,0.13182926982112886,19.026237681140998,0.18299454221634126,-46.65763544054032
3.4255658491790406,10.054703126556811,1.017936266009083,0.6220250255109864,0.7013353143832216,17.371017168475994,2.7154171743309337,1.1454298822655584,1.3841242723057827,0.7169873215028153,0.10425308614250467,20.047102114426558,0.1660548120875803,-103.99406450079718
3.4084760830877454,10.159206845209392,0.8283348284425387,0.6527755418653538,0.7728338954923806,16.248828345090274,3.00214167378672,1.3520697086807718,1.13034708377798,0.7116018384438193,0.47400678368159893,24.20428382927198,0.17385784638832924,-50.8624521685373
3.4369206599153888,10.865713403156915,0.9343502810658009,0.633645549081852,0.7785585475405065,22.134461141036716,2.9398477820934077,1.1901756925034062,1.2523228559169393,0.7595005279445626,0.2025317257256556,15.627454837473786,0.16653234873970327,-59.64393707908718
3.4008735026461334,10.201410884403629,0.7933251191287114,0.6980113906526189,0.7731954089065914,26.29832571398881,3.1657188702369785,1.364196779268322,1.1260119760408214,0.7685000935274067,0.1251037710932355,18.139631541514923,0.1586486329727798,-51.81808940374512
3.4093077857736596,10.446058483872775,0.9312253296558327,0.6708373108291392,0.7703984820189835,23.157552215738612,3.1927561196048257,1.3281217324296142,1.1541911993935619,0.7825669861783454,0.11484860051120592,23.486066298612158,0.19080831393263892,-37.5175148437839
3.405354883191848,10.04263680227327,0.9050000969527265,0.6909052344847914,0.7687334796827403,19.88240267897931,2.6636342521332814,1.2799853118615627,1.3677451726603769,0.740327495013396,0.09837832129172133,16.839189426669723,0.2122838278153993,-83.75413689390068
3.4185094968738867,10.580483669248654,0.9570482728747403,0.5766971667375469,0.7307407601816165,19.960974684221103,3.1807013995202715,1.1639376195853193,1.3413764598793247,0.749069154618007,0.4265863356289614,18.06240438351007,0.2067453340371062,-122.22785252099231
3.4190028657362506,10.741220718186971,0.8554526847502762,0.5520956120684726,0.7680735960185079,22.847634541520573,3.045570157029642,1.3319797480608266,1.2468737415901452,0.7704013655474827,0.19674528999318971,21.480579152580034,0.16031965175132193,-43.487001000699735
3.429451075281101,10.023200091572823,0.7345108048754216,0.582134025027532,0.7645258312982344,18.0344998132225,2.81158741150322,1.1832562048013224,1.3257932073201393,0.7083985604503495,0.3638056160230473,16.232434331649436,0.1643928638767509,-62.00219682043774
3.404231158471579,10.006909374454352,0.9168907027537486,0.6363427356812883,0.777513742743962,27.93505328164919,3.168425851125577,1.3472100048574205,1.1875704226924642,0.7377221787946356,0.3401844048427924,24.963751287611796,0.17676833971537081,-112.22717950910041
3.406613794244874,10.491020257278446,0.8238578122582775,0.5574669331191356,0.7779534943790762,17.05554611386932,3.182900780325737,1.1728183304720632,1.131472121885614,0.7228654967870266,0.3918664894286267,17.10589468054743,0.18737656594879865,-110.26594247641228
3.4312146195078697,10.338120768388666,0.872995366551831,0.6964095890877577,0.7364539873443795,22.730298616808444,3.0368005184770377,1.1301115814449052,1.2783470326096276,0.7983114251556527,0.4230458882432727,19.066593944327117,0.2097515411134594,-57.573681007868444
3.423551948153722,10.17157848242398,0.8832789941672817,0.6669722272180458,0.7282289571796361,26.914425434391852,2.7678523611445334,1.2459672448345813,1.2662873611006535,0.7118740471170566,0.09414637709709672,23.522903842831276,0.1690050308599313,-14.781453235905545
3.4373238925821243,10.89570976409222,1.0079647818833866,0.653724973552525,0.7293011500332199,17.97289401981012,3.0494793392336237,1.1586715405781878,1.3875959002538956,0.7019684310501655,0.2988179456741577,19.689699662897972,0.2083927639942598,-104.33921230494887
3.4102567692560712,10.528261082169813,0.9132587438517308,0.6741708975562173,0.7636183573067091,16.971710092087864,3.0542076520140444,1.279017514769331,1.3193591497631458,0.7964947157332016,0.39374374282193775,16.89531662343032,0.2016755426960574,-82.41465025088961
3.4214291935146948,10.400940147169546,0.7801013195002758,0.6851677973088547,0.730025602476941,27.9645417578382,2.8592906717389477,1.1977933389899749,1.3513702286343845,0.7187945308352827,0.340806043610381,22.863296658017543,0.1911865202836439,-48.73441355191335
3.4317829401515563,10.712235092277716,0.6591499952204719,0.6211800763019262,0.7751753825175453,22.228941511196563,3.2777051900352507,1.1011221191718565,1.3844027515288795,0.7598902961597829,0.010855155147579709,17.84549334753166,0.15742805723982287,-77.24351858492662
3.411318607294032,10.108402439656345,0.9337590617597437,0.6333032025405552,0.7386793169650386,20.855460978536442,3.2216684191043456,1.1103558665435656,1.2498444096160255,0.7648016110811382,0.12683960098392819,22.972262689709403,0.18755154862368598,-20.274259901084875
3.4220628895904235,10.494858394133367,0.9224928586477119,0.613937706341315,0.7362802864373278,21.911300131583758,3.2379023004097385,1.163916390565051,1.1158055974151497,0.7512620993317806,0.31954825742200016,20.675105770529626,0.20924837703611915,-64.01503197879646
3.424681034055574,10.84576078740475,0.8306340998466585,0.5907272343604735,0.7637876030400801,27.620454998479026,2.9682742249195595,1.215892606404123,1.1763013579521575,0.7585528044252158,0.4377904880875768,22.31303709133475,0.16756889452182192,-72.8583189517123
3.4283765524268826,10.525341448342989,0.7243565815710702,0.5797053825006093,0.7423843248304837,21.449444044789466,2.9383131356522716,1.2927562028574446,1.1418912434133426,0.7490816935796165,0.10554756345102605,18.500446343048306,0.18034102811276015,-99.47983761932144
3.418826977049017,10.363339016178346,0.8137260313911656,0.6033349899755431,0.7234158103775029,19.707023953041915,3.2185306590472655,1.3366523928900764,1.39798148552588,0.7225664758281677,0.3834198360512796,24.711063794746547,0.19675333612459184,-9.872980042950758
3.4340887795226287,10.61413928198873,0.7609297459238511,0.5413933894907358,0.7233597148659886,17.043322200381457,2.7713028065172605,1.2973744704167216,1.159784479806878,0.7320593763224256,0.2677958028483286,22.534698751214165,0.1885419427211409,-104.39064973845049
3.4345491988662227,10.131045583900852,0.8447455914925769,0.566472220426544,0.7031775068262025,25.03349298041121,2.9187909875205054,1.2414345589956064,1.1835980395573917,0.7121174919063284,0.44128727058203004,19.015784824812528,0.15581572408239297,-90.51954524613254
3.418570754602649,10.657406024436815,1.0089809473968487,0.6544197728340599,0.7018071740281498,23.658192649764796,2.9343639871159573,1.3742565482157953,1.279446032331606,0.7609651295042722,0.3028817184797184,25.675801628655744,0.201483433505819,-8.197470679988882
3.419863634770423,10.190065016317634,0.8720365196532468,0.6167853710829385,0.7653359648302703,17.276549800820582,2.973939401189911,1.2471297028258084,1.2659119436141213,0.7927867404364584,0.3393488111967398,23.724229179223727,0.1897267796227008,-64.92839328849948
3.4147369343384244,10.654459697295747,0.8793366245439412,0.6962622252274611,0.7155032902196524,27.938465954558318,2.9737916587453777,1.3861941634471144,1.3224915142705698,0.7559129535494786,0.3381731456190973,25.181235008541307,0.18102290959798514,-30.130583983598058
3.40915772869911,10.279319668489059,0.974957484589385,0.6123527944959812,0.7136933224311239,24.559259766192845,3.056371452805465,1.2738053839173953,1.2233659646833768,0.756877570895144,0.20488489777302415,19.480615226257086,0.21297666547444258,-110.00680912482508
3.4034044305321123,10.450854520370031,0.6684904620822507,0.5758990500429049,0.7434987311913488,26.55643387281828,3.1260335183345873,1.2967600688975267,1.1029025789496338,0.7985310661354132,0.19024823683735026,17.317303932528752,0.16311099551001157,-110.3235006215181
3.401969889056484,10.237351633442609,0.8162486392013589,0.5968016489119803,0.7087497356726391,15.33869401377578,2.861090425904692,1.3406082958602776,1.1816812918836153,0.7888821095381386,0.19997270730103334,18.185455240326345,0.1833686249911869,-94.0487153738543
3.4144054072099577,10.723763285465902,0.9092052516425511,0.6628181268469429,0.7392739644640598,21.203491092448196,2.7998404891634388,1.2927065140694867,1.1389980814847251,0.7949071944743217,0.3570371798517066,18.509327304978676,0.1704738827284,-80.61152883040478
3.4216199607824684,10.18199512549808,0.8213487150013898,0.6085486855330628,0.7516842860860261,20.681821363092453,2.7222194043377836,1.248044700319808,1.2801213697255798,0.7632922275898446,0.0683970075318493,20.56656032721527,0.20077842809346919,-33.736933366187145
3.4137328420881388,10.346030396075953,0.6939201670910491,0.5571687824033011,0.7266694110097419,19.141956046552277,3.097674682521223,1.1493672167172932,1.1563145578684295,0.7645881394630653,0.3158479245340569,14.967820345950788,0.2003162928733853,-69.83562492668517
3.4018074894845176,10.009518446455626,0.7465589930499571,0.6726890250975162,0.7413829267440043,22.05484999370348,2.8487368864160905,1.3298751011904137,1.2341172129359246,0.7672842204902216,0.0037845839177397035,14.842437944391856,0.20139150537643338,-50.1857937455204
3.4253666310427766,10.246636824451707,0.906381810321367,0.6856767559047605,0.7021533292442262,24.70000731091791,3.209885051321129,1.2385647598780292,1.3235802836220822,0.7562615846311513,0.03821534593113663,23.39761856523966,0.18642608270124184,-39.14427077887372
3.426281259852307,10.182192947392156,0.6767947648561622,0.6862333230637669,0.7005893410457138,25.430316392897627,2.6400626152931603,1.2323927594891404,1.2943533047066516,0.7518463277188514,0.3319305881929093,25.797544751914728,0.2024358939497745,-8.634234200334134
3.405522386288988,10.85023914268012,0.9542056660457379,0.5593295233353274,0.7534126752462799,24.427172313610903,2.8824275807432924,1.3741256748069703,1.1942809449764162,0.7181207065857502,0.45295541946526807,21.272479084430692,0.1635608936317785,-106.05730829398715
3.4200180579964887,10.251618747006118,0.8128694533289178,0.6284818464359988,0.7690752253359295,20.814880452562335,2.7892203898963333,1.1080824604725328,1.354436327777001,0.7559769383290532,0.37570830049766873,15.252008009676928,0.18068146771543386,-5.12256709453483
3.4021847202565842,10.281129984129207,0.686498006824769,0.6038970692516338,0.734195439215814,19.853226784970637,3.104237698893635,1.30447730681913,1.3270796440027008,0.7502543698992823,0.4084246793024382,15.115948065854658,0.18843925019039184,-17.91831306450085
3.426559369329474,10.362794160903503,0.6636946340632396,0.6635642375196208,0.7176798755836057,23.079004296397187,2.698733035676349,1.3240213355784638,1.2333812197291678,0.779595982689782,0.20492574343108155,17.530227107781755,0.21157197394988572,-71.08053016110628
3.4268106329676153,10.130107789082919,0.7078487035146999,0.5855603568846387,0.7798399309717507,26.289807599656548,2.667869224103667,1.1289432911033477,1.1129671348342125,0.7279812883321133,0.27903283670639945,23.031717786766684,0.21550625565462464,-92.09395090929094
3.4196993975886936,10.593295553785609,0.9379804567908316,0.6105004369814818,0.7425487207354283,18.226593501505427,3.03824082992364,1.2927877779401769,1.1975125575296612,0.7170196425438073,0.2919756995066703,16.853169960170042,0.21643615253530718,-81.40517466324687
3.4045521177463387,10.161380538743217,0.801314968004863,0.6389645102292509,0.749201574873054,15.983238753354854,3.180180016229821,1.2971762345169962,1.3196230083582035,0.772802609579321,0.13843704236757753,18.56744845798501,0.17434523435138535,-31.580472428802494
3.417193934237835,10.30944659696622,0.7762940880922147,0.6675729320418334,0.7086943577412128,18.078312224843735,3.0496583461343136,1.2508505504453864,1.1446841755177883,0.7255367941874911,0.0081742089846386,22.202347079019155,0.17597640273234072,-19.13253445050279
3.4051825298432314,10.759464102996537,0.9621452719934347,0.6837628639835374,0.7767017210200785,23.802857790728837,2.802238168636589,1.382332188529367,1.1118979972259595,0.7549122017395524,0.14256611779461514,14.918393757993059,0.15896696858913734,-75.40659595932888
3.418134046023173,10.284956801138183,0.8240533879527846,0.6317307394407105,0.7661039865373764,21.284648788113145,2.8769915600199023,1.1996623185881967,1.2655287828107884,0.7454376500166349,0.017275062145746815,21.9082786562799,0.21854818283237085,-23.984276914056053
3.426142408706542,10.361602216675983,1.014058602545168,0.6743513541074098,0.7268903913083973,20.842053680708474,2.893017049097449,1.1204027843864377,1.286701256706127,0.7430039857910056,0.4721634507299437,19.384240376283678,0.20974495491286066,-87.03272567444624
3.4181305246644764,10.007633466555196,0.7321922102340772,0.694452599725745,0.7153953739418444,26.233864164967933,2.7715579853742427,1.257661198038184,1.1564284709470867,0.7288284684617629,0.09312725508642754,20.831625755723113,0.2049979599872584,-95.89224361298841
3.4112736386171787,10.257124412791919,0.9841581659322036,0.5881033684961908,0.7516316668088635,26.06323551012425,3.142859478460584,1.3000150281911542,1.369724602777035,0.7333504224090165,0.03601909860794815,25.005390699576772,0.1693354578583358,-72.23825800968103
3.4099751414264112,10.373007080713263,0.9657204855613701,0.6941339798720857,0.7005387908280206,27.18599053027331,2.9873155084222587,1.1570307769883053,1.3688007010434247,0.7415831848139693,0.25191816061373107,14.618575792662348,0.21381695708299425,-101.09430380962867
3.4078825070688294,10.870213117631284,0.8768077719736286,0.6229927005844483,0.7034203913262347,22.00773963825447,3.0168730478796673,1.2550888201621884,1.1710435923582918,0.758561754649551,0.27499526918183453,24.016065252255444,0.16834412452717396,-82.79732917477263
3.435996073043432,10.648002853656521,0.9458615160044468,0.5480049681339374,0.7163042735752554,20.398467864096908,2.8036377617540302,1.2512944175386826,1.2831880082118936,0.7352751587524925,0.3079714893504975,24.937528880397203,0.18986488500649035,-114.4594815003902
3.4158047880026556,10.533890184983907,0.9025436329518255,0.5771082606410498,0.7101637152871321,16.16132359699224,3.181854363217671,1.3013185772086397,1.3871851619418623,0.7851354753516385,0.3389710587880806,21.38035718118488,0.18566149981866142,-61.757632142435405
3.4393812707094114,10.085855402847839,0.9858002197428211,0.5530254929417677,0.7632197870893696,28.00001797031932,3.2191093372429815,1.3733123513953092,1.2418433997359106,0.7598479970734855,0.26198989100018677,14.43303603023652,0.1976018390264282,-89.56466001603403
3.4033659003316155,10.563424688440898,0.9484516707427924,0.6137503932380076,0.7344463663374214,26.220063737744965,2.880185886311248,1.3348191930960258,1.1996817551130925,0.7048694111666541,0.14577584908192684,18.049160681711477,0.21917776098081782,-9.219297961596268
3.423055705784054,10.796363904694687,1.022944054193265,0.6324673424408412,0.7715051915683255,18.91928406851414,2.8117738503023806,1.3684217721365228,1.3847035556538947,0.7385170118958369,0.05518495040572467,15.643845469010417,0.2004306106697276,-27.634662103702382
3.4311716062651088,10.037378881904766,0.6762639082872808,0.6466908451489871,0.7160610155966131,25.315710791053498,2.810530434638486,1.2177029225759657,1.3073434294217214,0.7450514820334793,0.2992130276224238,25.291789799368217,0.18922988667701549,-113.0893474321365
3.4320673075105312,10.474425220167303,0.7162690940583234,0.599715197520459,0.762689668393646,20.366444641276228,2.955498266981612,1.373633151676771,1.3871283229282958,0.7364209967310351,0.08573826314020098,18.450373987743482,0.17157428329241203,-54.991013569408096
3.4360288023227072,10.03870508715611,0.8912905502141842,0.6629160404958387,0.7297727004352271,16.925737033677834,2.8503792141289566,1.3418978412844016,1.2323417837689392,0.7621030973996625,0.3398193665796107,23.88487942342297,0.18904201281559702,-115.16473357742957
3.406654156071499,10.211916141590864,0.7738354104430056,0.6974565460233881,0.7094121761292856,27.56455828829803,3.2107097579092163,1.1456684215063975,1.3842553563981856,0.7408408099101524,0.3494778033439125,17.631377966362088,0.16061279075657622,-13.689052405163366
3.420356878257862,10.305646068687132,0.8948037398707566,0.5737227751315755,0.7095241634828198,20.510560984430487,3.1178286108999598,1.369155410661937,1.3527906079639858,0.723502346736176,0.2895018059108073,23.236571305188754,0.1509383486750501,-85.4227044145106
3.4305757210334686,10.167946923579132,0.6677083348805971,0.6215936998478798,0.7655746884146009,26.970497409723997,2.838381456503327,1.3338752287671136,1.1391793828273193,0.7245987877411763,0.10248532524633543,15.078638273069863,0.17711714865682618,-85.28580278023382
3.429306497751182,10.370250373213754,0.9396972571270201,0.5447895413730165,0.707335701604476,15.765550117872781,3.2353781264042514,1.2357736408301507,1.100071248440863,0.7484601626969787,0.32220774107861555,15.794642251338752,0.21765849012698646,-78.39844173665588
3.4346416235060193,10.795243790140773,0.7898767615039931,0.5859403137052643,0.7629391712132525,17.41060004714113,2.667059790892849,1.3371788762349277,1.2535711598364325,0.7336966912280656,0.15091808761320372,15.031292781124607,0.17705723338670695,-47.474187058212195
3.4199041252342464,10.537978447171154,0.9657502929193595,0.6480468009287796,0.7492787714047829,18.830727024426025,2.9035819280908317,1.391771065233607,1.2525742403075761,0.7273671062806316,0.3404824020684412,18.335408669299454,0.15502352616042672,-109.9202679285983
3.4152361069127566,10.75233682324168,0.691321872780641,0.5918495920849381,0.7306073548430791,17.871739868883214,3.1957530758040154,1.102097997854404,1.1767469162232482,0.7778225020639272,0.04963572235935019,16.23630080597411,0.15831878285853052,-17.145105286563776
3.4378419409882617,10.031307865965744,0.9890671791116401,0.6694318882664153,0.7463677111857349,28.14371043095145,3.10477894992988,1.359697558168842,1.3322308437785824,0.7033231151279745,0.3589203489019766,20.251163818382608,0.21150608286976746,-46.811646651116305
3.41922572037982,10.412832906440217,0.7283533242149448,0.5767491103845392,0.7276272966157246,21.282245832805387,3.214940650386649,1.148622303267453,1.3458846817781445,0.7316531592322634,0.43520252621761946,24.412730613860973,0.21902336613937765,-53.802126519905556
3.438562583374858,10.395745904191395,0.8205833881661808,0.6547849188236216,0.775375136398655,16.83967542208975,3.2264318643571888,1.3371001590500735,1.2493668080027722,0.7815817078085165,0.2213513957999877,22.355348994992905,0.2117802673724975,-53.169911402312806
3.4046585523839585,10.093286133839284,0.7143870311507006,0.5816823740376738,0.7752398895192217,27.86283920292008,3.0237965767980817,1.2073800503634382,1.3573607815992297,0.7670801060494067,0.4247693559179973,15.950391209588783,0.21220669111247464,-1.793320852720754
3.4243982321801143,10.340760812267222,0.7229987528340428,0.626961517901993,0.7197882383229065,19.85220690528669,2.7617357552385546,1.1462587976457381,1.1855525589255334,0.7500044327377399,0.06780498311010809,25.500669944600578,0.1938850585583109,-110.9619489263222
3.4379032156433045,10.672869321856572,0.7148840282522374,0.5987163146253252,0.7181806966199863,18.693561696120952,2.686850008403881,1.2885732800123815,1.372824666861223,0.7409903729523767,0.16680954419433477,14.462998055755037,0.20439065978922308,-119.07175901825858
3.407395963911989,10.241479283371673,0.803106207040997,0.5936496056792379,0.7442407273124784,26.25340483486802,3.2678435119565146,1.2141508686209221,1.1046223879418242,0.701317668972934,0.050560122065728304,25.819117661209752,0.16058785061832717,-15.950702646302858
3.418055405556148,10.023535839850474,0.7664464777240663,0.5571282259664936,0.7363252894528388,21.718314161726486,2.9441533446612724,1.2149627152954765,1.1423840367506461,0.7632891695347965,0.3874957664687907,24.3226163267939,0.20566740786899992,-35.16104556192616
3.412825721173081,10.038846087085417,0.8567602692871026,0.609408439483262,0.7690683034090721,17.086149712244747,2.9039006981918067,1.1956614186654069,1.2045684217255872,0.7568696084457519,0.4790661944536553,21.977204654823847,0.1531055179158197,-87.44679758681657
3.4301738582118046,10.626468260616262,0.8534653356465094,0.691755349655077,0.7519705837583295,18.893857759146584,2.9308136033434975,1.3907716355887345,1.3250734959798394,0.7743196342122841,0.02056270627571254,23.27558648383028,0.16224218801963095,-69.39998103742431
3.4333487295190395,10.66723768044776,0.7174646914193783,0.6439164878268638,0.7084753383903432,22.01015193672468,2.708694189218676,1.147378693360841,1.1449985271499488,0.7763220539429646,0.3531089422157421,14.484201393637694,0.18738277003436715,-50.596953798994974
3.422284880287533,10.689514636333946,0.8224030288792077,0.6178628221120163,0.7082500001580426,17.072782089571,3.2096385201068145,1.3456379002040353,1.1201888445508326,0.786153991308311,0.1947931320076673,16.58097881126909,0.15732505378296546,-52.28685410700355
3.4259680829530965,10.360642924139684,0.8987954913789964,0.6405624297092192,0.7202506851155468,17.263675145295032,3.078099622824705,1.2392600238580758,1.153558103388616,0.7376314577056523,0.4802287458781938,15.101997819181744,0.21260527021527797,-111.62260627798094
3.4260020237973414,10.660250397506479,0.8577372025224904,0.6795374549136692,0.712019711301975,27.351144072692243,2.9730585718419134,1.3123591794507696,1.3483328667291508,0.7034252266812424,0.4234169926962935,18.10990940036556,0.18646687288547922,-6.40098955517152
3.4275987974012714,10.518047068858523,0.7973400636749619,0.6429815533609186,0.7132924887606529,21.48811641264166,2.745213860961631,1.3596490837842032,1.119515073322882,0.7879058442953941,0.24663088244873352,14.703861627471706,0.18695236190103812,-15.852071924702315
3.422534777770632,10.256409966011672,0.7364211896029802,0.6932226738988831,0.7198290700650529,17.54901732023499,2.9932593265865512,1.2172934358617915,1.3101404089045414,0.7655874252525102,0.06225484183364942,22.239473132712675,0.19752738965549232,-59.32642359667321
3.4272132496831333,10.683155033228866,0.7326023024223747,0.5945771955108206,0.7217194668864654,22.83498529893593,2.993092199706949,1.3518339247647575,1.2148364266054035,0.7305740709508849,0.34543628319257524,24.981666223980234,0.2037833039877731,-103.38043384856
3.4054894701156826,10.615537537156428,0.978458238607788,0.657655432994278,0.7676178205956584,26.49369245496038,2.7345500826960523,1.3571014555454868,1.2666813811385988,0.7945897493556714,0.4074560681720948,18.943755431921616,0.19461100911867021,-99.00932283749329
3.4370297573773474,10.440685353693427,0.7724091583081845,0.5755984054982266,0.7328386933933986,20.767988256535517,2.6698643232709696,1.3232267377861082,1.1854686529789038,0.7982886477940501,0.07607920190408705,20.473922221363296,0.19027547765180292,-31.49636585767591
3.4098758233738056,10.76805716156844,0.6765618207883369,0.6425080787283147,0.7027556813836768,19.638232663342755,3.2781487538153584,1.123166923716521,1.3109142753705745,0.7615624543202701,0.04744976329939202,23.5841777720968,0.19326054119520492,-75.78435348860137
3.4228149609556446,10.004797068383004,0.9452494095894993,0.5459274962884505,0.7102778234908262,18.596387647451206,2.7021573919978614,1.3359074264789443,1.391396555359814,0.7685468256200889,0.007703575235283033,24.393349625988222,0.16795042317675465,-74.94921228204373
3.4223294607293173,10.645753373978277,0.7825975469568889,0.6816775103103968,0.7238321848832789,23.92213388916373,2.880348907650056,1.1323419102512615,1.327614168085823,0.7292406072942123,0.2014452675099133,17.917861116910753,0.16023559476438307,-10.68913989369706
3.4218758019699034,10.62531150121969,0.9332758027082881,0.6369513502001618,0.7510534576807111,17.09843033258075,2.789729333887854,1.3902397406069786,1.273065894695107,0.7982583326919508,0.33243550401511174,15.446605926222457,0.1635352644606488,-83.70385960180445
3.418403152258737,10.661205712495775,0.7637127777667236,0.6970173439987719,0.7602172100648945,28.016849298495675,3.052010822829581,1.154113501565041,1.1292032601004003,0.7025916472472663,0.38863268311744636,18.740967934151506,0.16084735966189698,-72.16508614667572
3.431629807320304,10.801091444969627,0.7196941924978741,0.6238333588098018,0.7530261988648949,18.0050823780182,2.721270612933295,1.3760550697529947,1.3230737629238207,0.7055611939676913,0.4965089037998193,20.37088446424278,0.16975533373481794,-53.14278707769384
3.436530232680938,10.24498232647954,0.7942901651210771,0.6698424423979277,0.729115923038654,23.875946440052466,2.8236637234858866,1.1328020199865882,1.2539080173933619,0.747164659801979,0.13215106084794268,23.58039877867401,0.1673853289271474,-83.78555110553881
3.4246558228107573,10.743853332725633,0.7782180262812826,0.5880588229720097,0.712935221464561,23.459678100026938,3.02155207486566,1.3461731692456684,1.388804046835837,0.7991057091169953,0.33585553057815604,22.13772715651853,0.1734407813532575,-48.488906930232645
3.4338237480825167,10.507319299864339,0.7367178728483158,0.6566792261207324,0.7257796338584189,16.92904895111859,2.9503618025541365,1.2905108974983126,1.220947710526216,0.7476582003591481,0.15475117957115986,25.808526897265097,0.1916216726813481,-70.77884568402449
3.4100324019240484,10.36770974184224,0.7841195924043534,0.5918275086385513,0.715272184481882,21.086325667451895,3.2335446478915633,1.300389187781442,1.2658896260495756,0.7927171172080547,0.07153569792712068,15.079216504117035,0.16361079160021688,-109.5276532416271
3.4122613111579563,10.87896588963855,0.7862485406879378,0.5808608712605613,0.7560752301523841,24.46375665328359,3.0412235300006945,1.186017799238369,1.1793362402467265,0.7459109908133628,0.46944411111876355,24.458612709197446,0.15646583445932843,-72.07023720274121
3.4314545427656884,10.358281404951128,0.7558370166717322,0.5495788124129268,0.7366714467155527,22.59849973917946,3.076446623610757,1.3023421967948263,1.3634037935066976,0.7784536328897464,0.21213705167078942,17.659873549724797,0.1834241984270202,-121.45221915910085
3.403051043948754,10.700924865467377,0.8693756473330931,0.5675805675964474,0.7470609576855479,28.072241704975973,2.8566441633593733,1.386911126165938,1.1007883630296236,0.701724547484785,0.3746814334176703,15.549025037108962,0.15362739332514175,-24.9853213843314
3.4080172770482946,10.637012738111638,0.7344135332905674,0.5829395320389611,0.7647132006796283,24.914422198626372,2.680276778166878,1.3756467056161692,1.2671121716812184,0.7841116007584245,0.20832832336242965,18.14339632050295,0.178903184799233,-61.37874073347421
3.407982386503325,10.232990307966896,0.874890138509193,0.5833958837609515,0.7640835639768133,18.892142067401664,2.6783254160699332,1.2842556165941006,1.2566896364044429,0.7363911264079366,0.24742271527551268,19.62478934885811,0.16770068303734373,-6.460111257176891
3.429391584076174,10.558529225371675,1.0105230642945406,0.5875837817522129,0.7752043671088037,22.931268835731107,2.94366938111198,1.2000554287330225,1.1358050253370435,0.7471399803053789,0.46738562872765405,16.16231549400909,0.1689988503730121,-119.50969474172051
3.426433981992499,10.58652408358872,0.8322461530127397,0.6800327338892058,0.7408779950643403,26.653989561976143,2.7383469148751596,1.1660425209815448,1.240427608769137,0.7829840607166222,0.3101448067634835,19.70697908970586,0.21878330598544216,-22.408831199390093
3.42113321890426,10.06597035709178,0.7849960768450568,0.6186228475897232,0.7111535912586213,24.228124308726166,2.680627248973901,1.2300831263728746,1.1794800290554412,0.7992403587641396,0.03808187173483425,20.98793095347155,0.2026132019897633,-27.8790053217744
3.405857137494659,10.826756686550075,0.9968225940046784,0.597997795460113,0.7580605380743076,16.656858992577558,3.0799127725911606,1.1496468683322478,1.2936790640321743,0.7704428512146407,0.3088957190084309,15.139888078994801,0.18104916724847714,-55.33061780593904
3.41017123429236,10.728285719631174,0.7690142372925599,0.6943608410183422,0.7115572455883694,21.706803131481607,3.2629818203964778,1.3408507370925093,1.1864521530552403,0.7062811661106596,0.0880466328890176,18.972531092692655,0.17479689284181923,-81.44174083471763
3.413590576961702,10.307780492634624,0.8847615179262134,0.5422699660129127,0.7710262432214137,25.611325509533884,2.9194762173155473,1.1352896773000014,1.1603987299953973,0.7310216488396216,0.294923205765639,20.24976911147349,0.17471614842999308,-31.607324441341092
3.412835301095587,10.860174353176243,0.7353841427940558,0.6410793158674953,0.7736910584857528,21.222605630865893,2.642539152589573,1.1149104621732167,1.1822615044165756,0.7595446749170685,0.24713175028725798,24.219852482534094,0.1554200579783003,-83.33281749133128
3.4374160529813302,10.47762154858862,0.8973395341987649,0.5552347394832833,0.7309648009905825,19.495840770387716,3.029518392365258,1.149772853844072,1.19360891453653,0.7048121403760327,0.47612099011040165,23.544525736816215,0.21586682617971062,-42.17229466722107
3.4229378366200516,10.655105650061225,0.8676993483316392,0.5603228681019571,0.7601576041818976,17.152536364490707,2.9556127490086106,1.2784830221222756,1.3017547638386255,0.7817170229556987,0.3084275698230769,23.224760555892534,0.16155162994550143,-90.13200102763169
3.438342332524464,10.169278641909369,0.8993991852092804,0.6529539742286272,0.7342539012357132,27.645296910312666,2.940670152909258,1.3615438010395151,1.285032152657824,0.768333259823188,0.1068972925760391,18.067213317145224,0.21219816863951446,-105.13031245857559
3.439057940066744,10.363891062131213,0.755300096775551,0.695687392573782,0.7003375208105742,20.506469355877158,3.181779084100485,1.2750230056208678,1.2861393116022937,0.7629198769580239,0.15181451525891945,24.341944526554933,0.15593710388408524,-45.14165796606841
3.423959955000276,10.666463756364125,0.8232203367742871,0.6173286321755661,0.7078128832572208,24.24160644273524,2.894130028132032,1.3495493599574542,1.129878262115466,0.7721752997252034,0.14085927521559521,15.161839463203785,0.19604908412200123,-78.88787325728708
3.416785203016635,10.562240393744911,0.9822002873306945,0.6389449739038032,0.7238277913270661,17.76350816202873,3.265375624510799,1.2807371267030914,1.2826860684556525,0.7526874203244447,0.1603681190717585,20.25211227492955,0.15488834038405622,-60.13019090376509
3.4146629184316257,10.43521747486988,0.6687114437253416,0.6331867034824513,0.7756084986996539,17.707074717229187,3.099334453481435,1.120364501638388,1.2329035333849567,0.704697378081162,0.26201060368357293,14.71113011897375,0.15992318262226135,-51.064338211389725
3.401493623316574,10.257927260658134,1.0029483968851598,0.6057749013697115,0.7121796557638429,25.303756502054085,2.8442918994531934,1.2757631188797198,1.3403259562965106,0.7601056913120836,0.2615781262800768,15.826541719984753,0.21459831868109558,-12.117843127708298
3.422659954246962,10.899107978398462,0.9161171717457963,0.651992804155672,0.770001505148199,26.429108356268955,2.688005637917861,1.369537269985892,1.1494459496410105,0.7175397312785937,0.036402553853690504,15.246545710124368,0.21137292781556966,-5.961742153688476
3.400230811643162,10.708392806444872,0.8790522546776254,0.5692533121725467,0.7724688946191888,16.075651955603423,3.2053766414707816,1.3526976986305217,1.2225359615627807,0.7484777567414932,0.4213980657656446,16.33851533694179,0.19035909356896363,-48.239422893077474
3.400756884255958,10.583329935461483,0.957950443404407,0.5836143806820209,0.7358966146608995,25.478264263880988,3.021349297952681,1.112238480298793,1.101550061810036,0.7649555273303572,0.02415660813054897,25.28637409255697,0.18253219908894663,-56.43353467644438
3.41617197628651,10.760026608462407,0.9467185875722683,0.6834601130930702,0.7016623586822982,24.302994775206123,3.2535207447544243,1.11608881113248,1.3042526601791016,0.7225998365660022,0.4447830819018015,24.52611916786423,0.1811064097248453,-20.44723434933458
3.4188849175352156,10.861415563698497,0.7599123937605022,0.6665235713689984,0.7050640844626184,19.253097080475587,2.7228676268541596,1.160103621504775,1.1271579821239806,0.7782482489644514,0.051465321453970064,18.286178286881693,0.20481796003254418,-11.393047441687784
3.4168373505586986,10.459914397832856,0.8546645224528746,0.6924234438628862,0.7784460925444203,15.756786176480126,2.808488930698491,1.1644108506898854,1.257582492297069,0.7916866316479259,0.4053078376516202,19.34469106624747,0.21349045859168303,-105.99699332550374
3.408915329099812,10.495085274819498,0.8770301717939122,0.6500064658391641,0.7238422306820129,17.81554372466165,3.271491555622844,1.1811859396776136,1.3915854474892855,0.7521502726992454,0.2590699851662282,15.876631235559401,0.1715560465712689,-26.08407951497307
3.428548564754907,10.09369844504957,0.7819268709714778,0.669393053349015,0.7385125363735974,18.19652685697698,3.2656970896372934,1.2446114236888586,1.2190573888618381,0.7485432844681893,0.020023026700066594,22.234260296197597,0.18621815759727703,-33.324212724286696
3.4296683224986797,10.307927109283177,0.6512399383233911,0.6677590017972381,0.7391511585534299,18.823547838984563,3.084877656266996,1.2320736513711723,1.1290186828878614,0.7177035845767896,0.22575118116415283,25.737808461471914,0.15046091043540868,-85.01413084889641
3.4006465728116337,10.070118430164746,0.7883428036329098,0.6540494397309901,0.7129068622426377,27.37939389397934,3.0136164898192326,1.345164119847245,1.125943846412204,0.7270776683604296,0.08567051532633482,15.791814999981465,0.2018994749514847,-122.12862132582143
3.4053312767540316,10.478148253703853,0.7471572589585402,0.5458381105617423,0.7037224191540123,19.581542037779542,2.9421493823639344,1.3281840433636503,1.358687566460168,0.7540090878228731,0.4001007594872215,16.81319462846988,0.19766562171900204,-52.46349083600373
3.4039853670459546,10.252108208609618,0.803039806358645,0.5607612947814938,0.7033120840882771,20.81234923759061,2.8615186943678808,1.1516455287841123,1.3355156734257434,0.789523277693543,0.389660634208188,20.484910477049397,0.1889315032693571,-72.78602814374685
3.428670889833627,10.099048789858974,0.7360172920517836,0.6603394029500489,0.7129693737558224,19.63607246331158,2.795813255755551,1.2637319754258203,1.354117065487352,0.7934872149292079,0.22713369169838027,25.003688135912213,0.16770773456988483,-105.96029071238588
3.4275697970185632,10.275991439912143,0.9302666249580187,0.6975146072859292,0.7651129864374654,26.522586048526122,3.0265180281324837,1.344542338623031,1.141512652496922,0.748184656967514,0.015387308025587803,21.474536628525783,0.20444453751716635,-44.58733584386415
3.4087627827512965,10.20418572381465,0.8638871194932871,0.6305011561606781,0.7344632949476003,24.373149927772445,2.963339419959298,1.1017989138414115,1.3794958701136584,0.7884441890418201,0.15651179088664152,23.567976917928142,0.2110320893386258,-63.10455051496298
3.4240673642898507,10.245778192764167,0.7347080582173381,0.548607003893332,0.7234910176366389,19.530318820186224,3.059669972789349,1.3905236578602436,1.130530057210376,0.7689913408169172,0.4449263615467538,14.390454285598961,0.16153677750736248,-72.04560149018502
3.439837473510283,10.387972482700151,0.9420500108136516,0.5821470279087309,0.754552340011561,15.96912220670159,3.2758006804398065,1.1796777154454106,1.248901987424944,0.7326415527592685,0.14442068722708426,20.181140700059782,0.15413017825705067,-76.63078068280586
3.4176028273729346,10.098305414069152,0.9437527427138803,0.6041831631034388,0.732822838668145,28.397850442454526,3.214654152573826,1.297764230251254,1.1907944784404931,0.7310391998793453,0.42583509946060527,19.63056752272776,0.1822756662683327,-30.404082834349452
3.4362690115018864,10.467178548268732,0.8799214109004447,0.6786471834035391,0.7713490806391106,18.663320678314665,3.115412343167026,1.3167803474901443,1.3886280783533298,0.7619510847242895,0.18558228669989682,25.913039985252773,0.1514073414496136,-102.83713130938713
3.4314935031360263,10.176008908220282,0.686675274814489,0.5831497969594982,0.7339392056457973,22.66177710928679,2.852779655971583,1.2288745998964827,1.1960368494996494,0.7102566979522993,0.4763231265904376,21.67059111627473,0.16557359769489946,-29.82494970584534
3.403045424032352,10.823902250519115,0.9238220941536772,0.6887262004576575,0.769055622622448,28.12559508089893,3.1615278454751414,1.201057826637186,1.1368947839362928,0.7055118567831555,0.28696708975427004,23.458609304995583,0.1707260730041869,-16.44965974417596
3.4010551552260453,10.537615991298471,0.7662477372701577,0.6460238913114797,0.7632057641868999,17.927529115431838,2.670901920949365,1.206653609356033,1.294940871231266,0.7496990663973374,0.19263873898974637,15.94827208210535,0.1975137358212697,-110.32014304332493
3.4398559623100837,10.725982967414211,0.8972627942557608,0.6858545354987484,0.7740986395985126,17.499278424305885,2.832191672083819,1.2972643585695964,1.1574896850753456,0.7527406076837679,0.19240812811699695,19.913425397308252,0.18996624838971368,-31.368470025603784
3.4347341169072605,10.250374897133275,1.0177025800011517,0.599675924508163,0.756380393786886,27.142595305293547,3.168040986505118,1.2222628662053765,1.2559186270031253,0.7235301159706,0.38378020058826845,21.692104839774927,0.17549976789929161,-43.667934256618324
3.4341601939016795,10.88670974384365,0.8781500675129941,0.5671115164638625,0.7478308616640401,23.647010878245528,2.9970657373100056,1.3544542849913386,1.3448154989970056,0.7732342103318202,0.4434753812610109,19.387217921795113,0.17750759918815967,-22.101467434081627
3.433505183740202,10.30891701950947,1.019384558407652,0.5598861161626104,0.7559366926704931,24.778242631006577,2.7219864767198256,1.3583245659653984,1.2894374204983836,0.7567461160266548,0.4185606489887493,16.468463827904912,0.1582329892345561,-37.32684932877727
3.4111334937097197,10.234874329119771,0.8591156479300004,0.6872635891709437,0.7716510373466493,16.63249884629247,2.7607966287364474,1.3862714270076562,1.1551221819155781,0.7021374002829894,0.13122443264455594,21.420039172608053,0.19276395425596687,-75.1013694630105
3.4250776272120222,10.605935433994565,1.0266534917424177,0.6267866753849588,0.7391560090109005,23.246840541919923,3.0387128252748727,1.232653168522389,1.1884114111179782,0.7956910979056304,0.014577497107669236,25.06524136977298,0.19971562412500382,-84.12074033347562
3.4306020750118056,10.190418200484055,0.8659831778446353,0.6888440410995229,0.7174150150618991,15.410564565945277,2.7807785626189245,1.3840198969563393,1.1136767965868237,0.796037548517834,0.07159704980112883,14.497941642776576,0.1993544613388896,-96.98634258736055
3.416649039785383,10.022018279381141,0.6836428344338583,0.6094500608159876,0.7171853701602089,23.489148113083854,2.923121924435513,1.2156331016749922,1.2361183151507589,0.7433756399718346,0.47557113058941647,25.98727171483692,0.2004393958689271,-0.42939953024321653
3.4156319707943936,10.801033009336713,1.0002094153123062,0.5647050927587407,0.7345817487425588,22.13263356905881,3.0851096457387746,1.2113689033719846,1.351192734799651,0.7250817041735695,0.1836606588335997,21.80566973065111,0.16164104284507153,-4.581413438024697
3.4399650129155073,10.17895239893835,1.0170001394498094,0.5471013675702868,0.7670778102059775,26.317075515006,2.9248654414108683,1.3128184011760642,1.1786782886995533,0.7036301481827102,0.3926950068008909,14.214572274812646,0.21080413589213967,-92.79712920330675
3.404239654868317,10.878318346013947,0.8921022600399778,0.5887269394783959,0.7623043494367524,15.750384388330012,3.239709054959879,1.117233250118881,1.2275864318450997,0.7571417655006419,0.42958906444999995,24.931293841642987,0.1900013110044679,-70.71298160540098
3.411465993949657,10.242741391681873,0.7797566860453045,0.5867794478750717,0.7005253091736777,16.014340472754423,2.8208492427949277,1.218832998727225,1.260347708277252,0.7064789395932944,0.07967529183191704,19.741368399040354,0.19755616496062092,-44.616431243133476
3.4132385247275163,10.502904735963284,0.9276647425764697,0.6381601925352055,0.7132345123220389,25.050958438916638,3.070469904169923,1.132923026560913,1.3786330125657078,0.7530869809697583,0.4425166349139722,23.737177101023303,0.18746969301305386,-102.5078272513806
3.4031419413028545,10.39633803131823,0.806443969021707,0.5988413414768612,0.7109597298016825,16.907908704873183,2.9454499873073,1.3212108323435412,1.3355643981236913,0.7273705213180798,0.313834720373666,24.76369579282303,0.21653055304171342,-8.575423318987646
3.4225904728014656,10.098444446507758,0.8379609585195729,0.6984365156897946,0.7574862411936932,27.3073919223283,2.7933312887653763,1.3348920475203028,1.3396230211884748,0.7551732782139761,0.045677635656459825,18.792049269416296,0.21097729753867112,-55.63027841399648
3.4067318209314723,10.074672029851305,0.7029278434080867,0.6115136355507667,0.7630725566430512,27.89764701514636,3.2373479036528927,1.3980358992386197,1.1202933035662284,0.7536652151834875,0.4548002827760499,17.161409953102382,0.1908321883751336,-2.16289407959934
3.400640432777659,10.608401640413959,0.9993578843521373,0.65055148837535,0.7515310014228639,26.313593232428946,2.814159296868457,1.1044939345294162,1.1728129435142018,0.7033808776639623,0.3017149899736033,25.958976773618794,0.18361829002121632,-2.356981014293922
3.432580762449944,10.093566659904097,0.8832352326298137,0.6585842649427305,0.7009298810705266,18.587082049554606,2.745852761987371,1.375876757138983,1.3459558081998546,0.7285707273555685,0.16700367368226696,16.89747108955767,0.16146751985500093,-18.38410724596463
3.4371956938983126,10.20438556294625,0.9952446024466282,0.6056252293406663,0.7325480559058586,23.62957112853108,2.7970244064298706,1.3935666217737521,1.272938114318588,0.7902027159027484,0.21448196971446135,18.822648408110016,0.1512778511300792,-20.425334937385486
3.434320521788968,10.50523068778316,0.92001346478053,0.6836087115462709,0.7039933812161361,23.680490053097504,2.7321234578464173,1.351964378613408,1.125690747533284,0.7029368702789291,0.4570862543432325,22.4640623045725,0.18203149481243663,-51.771034093765266
3.4110897707892973,10.163618462295565,0.9591840533732929,0.6350403451415211,0.7653133695685739,21.766051314904907,3.0744201941959615,1.1400523532058329,1.26885544523814,0.7187572636370619,0.4651749523153077,23.388192264233258,0.177024234311916,-46.84442508882523
3.4290238417403027,10.250286698751836,0.904118180622108,0.6550889846952369,0.7035563760854349,22.271514736602487,3.255952804031808,1.314472674356605,1.1687594185381394,0.7377352131141938,0.23163919088433543,24.00630969773458,0.16814601113580047,-62.133469527386765
3.4191591607271428,10.647948043822698,0.9688229093007161,0.5612225979410594,0.7608797996116601,18.24603613592094,3.1239793902506934,1.1367145644040044,1.332488216563102,0.7146785401541593,0.30500508336313026,25.60973216704689,0.17676554983967147,-71.63310169231349
3.400385408892629,10.382212247447125,0.7814146604268148,0.676612665445212,0.7475024796159236,24.542962765121295,3.0882585676835532,1.1579372164445856,1.3819299367119648,0.7983233482437568,0.03245853079309182,20.279432149148366,0.2111218836280599,-104.75768728644424
3.419796907653311,10.348579645963115,0.9887457897521204,0.6480220705174379,0.7390608051005957,16.637616702380836,3.070060409349013,1.2779945980103373,1.1137474827419964,0.7616184267438251,0.2329143196071335,24.67456467637249,0.17876212825724233,-83.35032681299454
3.4344064039074724,10.233265797854719,0.8601755903735548,0.6465647511337334,0.7551583216605697,23.319798759377306,2.6431031916902636,1.3402159543209562,1.3482723817284141,0.7627788091266888,0.41995163166053867,17.813921856593996,0.20804146747411517,-8.61234600626436
3.42284465025886,10.556235086950654,1.0039542633968241,0.5695981603836242,0.7300560383787364,18.554406918383457,2.654071501166309,1.1626793764739451,1.2334744246381948,0.7771216550714678,0.20846370916820772,21.713332492603378,0.1725783627358527,-70.30401806469317
3.4094293950639645,10.652453833097631,0.7370606625665713,0.6129246226611483,0.7007413189204791,26.344290117943714,3.0226594930487383,1.3155742232079577,1.2300813887405866,0.712069864908706,0.015652688381268015,18.645970646115295,0.1588761202965402,-35.3927177152367
3.4221328094714076,10.30055876659683,0.9088220054995109,0.6624418024362537,0.7694806597689954,17.14483701271033,3.1513202515373893,1.1357855738537146,1.1140137772281102,0.7041346106864574,0.2903271404123634,20.06511859511867,0.19225490729066835,-76.95804565358199
3.4103017724990385,10.026322374526439,0.7041871682546892,0.6958433631216128,0.723974540994737,28.034619525127894,3.2452461036540594,1.3121449491861228,1.3158262742333726,0.7203198391848653,0.35125672667399604,22.269133137139615,0.20372538943410756,-103.00032308840831
3.435582302653518,10.259518151592998,1.0247013323265453,0.5705813750319981,0.7291306258090037,20.08084116763426,2.8107347535677785,1.2487483532082322,1.3831598855124978,0.7484506947481756,0.17981902813059888,15.647888012288279,0.21162020366774245,-39.75715949250201
3.4245966516449453,10.288351097249441,1.0129714164196637,0.669208262072857,0.7024858079810561,15.786503589826305,3.132478741415026,1.1195377264432662,1.246694435437919,0.7802113894170957,0.40697944573148515,21.687712825869387,0.20299740796503035,-87.59958354028089
3.413620550098926,10.39782437283435,0.8309895961232777,0.6272301219650661,0.716764499883199,18.401286243720637,2.977426873377971,1.3910540680112822,1.1132900489527289,0.7401531691810912,0.11747540560170244,14.997087883089963,0.1509840423998558,-22.732084243229565
3.411492394122728,10.849800848661841,0.9817566550531958,0.5987506178705109,0.7100962869375521,16.53617216376816,3.1342445167407593,1.3174709605683905,1.1347225019768077,0.7707330645122235,0.06827862697521495,18.698970303035843,0.21043274066288087,-41.0733233687595
3.431518839860075,10.146417866408305,0.6557615062080305,0.5499153848790614,0.7595354078870437,28.078113652359455,3.232297754273582,1.2932402178401086,1.3818879568078173,0.7786325823030967,0.3737754154567372,16.49341239410295,0.17506631936800185,-85.07492195754142
3.4385517952735154,10.57078776101903,0.9833335289948634,0.6365247302803497,0.76503980193714,18.244974588901275,2.8238735593539857,1.3384781919876587,1.1997794060564577,0.7654021329255621,0.3561593232899395,18.470660700147874,0.1565907151542831,-117.88686353313535
3.4165600407510333,10.03927664235147,0.8535030302934371,0.6913952214482628,0.7259510974493142,18.293606429103242,3.0146580733819226,1.1732396393767344,1.2649145428432569,0.727194045520998,0.036341233210636904,24.610513454765886,0.20141396367213477,-44.66013696865623
3.4037641454593346,10.247045678606126,0.6618566509806026,0.5796567338622214,0.7782254929778306,15.435918343014611,2.9080085980753525,1.2721629359321505,1.3751435202275863,0.7439090100994319,0.3249076638776544,17.012847064999207,0.19890683997901606,-14.42607443202948
3.4161249948902515,10.10290356042414,0.9727565945517092,0.6021436117965098,0.7361134271766485,22.97182204388867,2.701038002263596,1.2781323046674027,1.2576964394015857,0.7585075682774151,0.2609720692345732,17.736029074803362,0.20071943786061522,-103.98172205685125
3.410931661561144,10.052943105252147,0.7017328457655534,0.6586139671605523,0.7689510919154314,28.20148257649945,2.9872342320386736,1.3871564935616982,1.1227172950844868,0.7563438562522447,0.048398063484861455,19.42333567458959,0.1612174916899252,-97.06177398122442
3.4311979787976243,10.765989728927325,1.0279147754604947,0.609287339668879,0.7312341464017748,16.680014714422228,2.78578734257168,1.1067224052631082,1.3767824366911112,0.7069567912849686,0.36378047787608814,14.626272710208312,0.18185175338513299,-117.67969637452507
3.4252346351643723,10.630323307296866,0.6816793865460228,0.5878036530259165,0.7642614218941326,26.23934875668401,2.929827920523518,1.3975750812672871,1.1554718829960238,0.7968210235488635,0.320543790153114,16.02852200268247,0.20915193687609313,-6.169251547795767
3.419669223057862,10.097499215463733,0.7271192215866967,0.6320824851491472,0.7245597547790305,24.82429581158681,3.1601329272837297,1.2960483584124467,1.1688486113616203,0.751898766082617,0.4471926554585247,14.752818867750436,0.16315283419410342,-65.11760021834232
3.4211460104588607,10.04666562496584,0.6640943579506593,0.5777834037349293,0.7521359921405251,26.717118400977036,2.9262163428000356,1.169183698458552,1.3103296647461677,0.7646633594715857,0.2832005014640962,23.21026543418481,0.18394652893072605,-77.32244035802968
3.433317229250998,10.46036678235448,0.6667797263603796,0.6617073685808033,0.7027232018004892,27.14179813326274,2.759796543004534,1.1767580438614313,1.3093652045487765,0.7421567580037458,0.006277970033543176,20.548219140524456,0.18289677164959708,-23.06370479668479
3.4045816772175272,10.519928338060396,0.80985843406708,0.6659316684225461,0.7644860806871533,16.175144261863935,2.7505151131976118,1.160226286216872,1.1815021471971356,0.7774797581596284,0.03770397357387591,24.86720509480883,0.16407021564482652,-102.85230258516417
3.4360345819374336,10.016001879989329,0.9702927069849036,0.696960582475104,0.7310658590473864,19.105800176561615,3.2758883565306274,1.3434016198062357,1.2617850802694617,0.7863921908183524,0.141694981287713,23.797093551778087,0.15473632032163379,-41.74386987009831
3.4296767081341866,10.46290139404274,0.7579001061051334,0.5853545759590163,0.7279372859671112,23.82103629268503,3.1073925747755253,1.1345065003869816,1.2237205197367151,0.7485136014838057,0.3025433323513609,18.527852248925598,0.16063900918527274,-10.750938737753089
3.4141595387032666,10.23636319793692,0.672090220148012,0.5506687519064031,0.7499835978136775,27.639303219272527,3.2393571748169667,1.294506681848341,1.340656058061352,0.7437643065519396,0.2026072533711365,21.148738170855417,0.21383321221246943,-23.303030776224944
3.43179106273201,10.305791640354167,0.7201601265556331,0.6768627752832969,0.7267885658041984,16.19967500978375,3.1037836869563744,1.1833113219858888,1.1019743165536775,0.732075934274727,0.15018897656710736,17.667686949050687,0.20828608800369972,-63.51194663352504
3.4211570555953137,10.287476364070523,0.6844130828209545,0.608265424472476,0.718831078375219,18.50214671110181,2.873915712474701,1.2026084454977448,1.1982371493546677,0.716065769183116,0.09870425894996106,23.463920992651975,0.20416422234219195,-2.1075543871270668
3.419647368676721,10.325918155477346,0.9491366890319963,0.6333467100848735,0.7341176942842863,16.74301592501827,3.177579338357186,1.2958282093318598,1.2400088450774742,0.7028392193446013,0.35203879943144334,19.410068043839452,0.19126539764295963,-71.55118084805886
3.439686184363833,10.498301200380668,0.9011720009531259,0.6202319831516011,0.7548854162403347,23.32522460252224,3.0695225608281085,1.3565087576249808,1.262794123123784,0.7900082878645254,0.4808833620437828,15.668240480553639,0.16620241495494098,-107.58182482019235
3.4292625167555775,10.531470176927336,0.7232446142573072,0.5435641109475556,0.7656936056213398,25.712444316052405,3.0674720184804745,1.2596173925442995,1.1537816588929402,0.7850345443304719,0.16826495808152273,25.919110243929698,0.17661391356553713,-103.44949460186125
3.420956982462635,10.343016028944588,0.7713760784690147,0.6110787472067039,0.7171400457214149,27.49781098439196,2.8501491287397087,1.214332602263991,1.3801084386195457,0.7439322048865152,0.11141100219771026,20.158507229435163,0.1735750867568783,-50.83335010863958
3.4062125732363118,10.639368652305281,1.0180366906548248,0.5672412676698775,0.7494214069506766,15.739499017964997,3.102357355357083,1.3698828183934098,1.1514754298219858,0.759677579903474,0.019552544326183183,20.39808620078082,0.15610234053975477,-110.76923477088732
3.402323416303861,10.167644983569513,1.0290021737309785,0.6797305817725673,0.7788999839874592,20.319964684264477,3.102813629354442,1.1179417573587516,1.3702774445425536,0.7460566483895336,0.300085625567085,20.331409135212642,0.16635544302679645,-53.04755418444819
3.415882400799694,10.365133449456293,0.7824537501173332,0.6593698880384788,0.7709555088195288,18.13398055008723,3.0320106200010315,1.107163457641956,1.259211532306862,0.7011458704035097,0.10682544518878165,22.889691041879864,0.15735007606261697,-16.55671052252164
3.4052945354117887,10.75061652136238,0.9470985001755567,0.6159238400930702,0.7234430955956918,18.71956157578551,2.9793909147657867,1.1973401748699795,1.304726849338627,0.7100579332403565,0.0861019331074339,14.79638023718334,0.15155958461596167,-40.28075117889814
3.436975686911508,10.538787196178925,0.6839989024034034,0.68739360621256,0.709652800150784,16.67924640051515,2.8879551285068428,1.280876003369342,1.2052287358521538,0.7546194877298886,0.2689026261653206,22.431789386537023,0.15527832725550308,-1.0282049298325973
3.439302829647462,10.159075203639249,0.7037335228652133,0.6257242160377843,0.7513970447186273,15.329647756370797,3.04759822565632,1.2436512794527896,1.2954910867459966,0.795524512817836,0.060379269113019045,25.810393925482984,0.15105324728647995,-48.04611470458177
3.412178851213168,10.027480791027047,0.8994553458064497,0.5834584637542618,0.7579416902055791,20.709681290585465,2.9797097529675893,1.3405793381360775,1.2178031895404462,0.7505378006898563,0.3332259637185535,20.660893352530405,0.21895384444394636,-103.06575932794824
3.4135974140046828,10.14980745519656,0.9774262491193935,0.5539828119711769,0.7421211028201646,15.599703756144141,2.6575988890538818,1.299993958055366,1.2660787403887537,0.7944031041585129,0.46561237797084015,17.88765749709422,0.1628631896048811,-11.350518560918957
3.4180887002915843,10.665429052984775,0.7200558490951413,0.6703318327289606,0.7228264930068624,18.780635476807475,3.1652194013814534,1.1267260126446796,1.3388644520024722,0.7721808243763014,0.21032381071793407,25.835911914899256,0.19655589740911333,-94.1201665170643
3.401721682059878,10.675440051903236,0.9762580681944351,0.5409866343618251,0.713262033428439,16.557991269189824,3.06201350244987,1.2485116723035163,1.1869756864494339,0.7703427545375908,0.15729913230864595,24.884689720149012,0.1657656253133671,-40.25813693415623
3.4399300462014786,10.500778403626022,1.0163282905314304,0.6891568375546145,0.7313092948928325,18.98298505408879,2.8780577716528604,1.3723771407794656,1.3449292524121887,0.7998522960186868,0.004140217809574542,16.65383163241576,0.16597922833373943,-69.88514140333135
3.4065252323213255,10.853862077931577,0.9694304896580843,0.5902435174094187,0.737925866482021,24.73261208099554,2.8907766447900074,1.329290237443721,1.276118779157273,0.7028821742106615,0.407336497792255,23.177809253612967,0.19117822024435543,-75.07783782144807
3.418459894764154,10.6470844737938,0.78082366669363,0.6132522797893961,0.7397505308567282,22.15810075352018,3.1426555827637968,1.3558244725087452,1.2360050168122736,0.7323795448114134,0.32847842197136345,21.242042794077044,0.18148565407481568,-10.838530365365898
3.410384501126656,10.128394050591703,0.8069276128453918,0.5510579142766688,0.7375260483096728,22.71062570768209,3.0460538198998277,1.3795629536966239,1.3752450410739654,0.7037469976711638,0.005413325265108788,18.19392783231899,0.1714192343825782,-69.6401972093677
3.4294939058719565,10.558252885821968,0.8767725025641867,0.6071892790589746,0.7329837692071555,24.664148776834907,2.85942140337437,1.1316337619184051,1.1283686287244699,0.7021805583888182,0.2880261044169671,19.7043891662637,0.1801389622122968,-85.64886579772948
3.4161472906931416,10.380560836764097,0.7289968848966205,0.6272744875748005,0.7527700219829389,24.253112089326915,2.871780528651154,1.1902770032056218,1.3210336170862242,0.7399761154148726,0.17680533226567813,17.985563654136282,0.18327424229550626,-54.26652951008691
3.4123206902029746,10.05928542426625,0.8826677260406848,0.6295988301097059,0.7426330357378828,17.117542680301362,2.903826810573522,1.2332237962753276,1.270602735655286,0.7531950899991529,0.41062999325379324,16.067018576016096,0.1809595602457755,-20.038109054038657
3.4085962238738907,10.104063192200943,0.7242032993148483,0.689238968356852,0.7728289548067342,25.715579099893127,3.08912375352047,1.1164940257252127,1.3295137592159896,0.7140122468503615,0.2719757626725233,21.79634740691627,0.21777471627137351,-92.48850891374795
3.420611834752753,10.318356545841931,0.7551961138257046,0.6472602670941746,0.761994388842675,25.262423303802358,2.9929692408726387,1.1753714020237447,1.1952193804769553,0.7351453574953506,0.25622905893417397,22.940211553629403,0.18333329146567545,-7.294361633153443
3.4092337373263653,10.232540185853816,0.72797269788087,0.6164825372745963,0.7051060996382201,17.77838089940332,2.8465671570711835,1.3101646664665134,1.1572137203597113,0.7243437871172116,0.494563125890983,17.629777096560574,0.18949891635453786,-78.49668117899225
3.400091674202505,10.752487518334412,0.7304391965642626,0.6005398746913385,0.7720569962947632,25.587091526237046,2.8135875896410227,1.16809453821436,1.2471809767766133,0.7801771183415436,0.4677800090846301,16.055086977352865,0.18947767081817585,-64.42818460729231
3.429036076575427,10.29882456977051,0.79555007660731,0.6225472776930995,0.7026041075864661,18.80326003378213,3.2638335383482358,1.2070512262516182,1.2633499006655367,0.7020108025393764,0.10649388270978831,15.602127714331269,0.20506647332608546,-77.0291331591873
3.410534340208736,10.844946723178992,0.7891973029265688,0.6803104480669234,0.7759440712844835,23.642934511299856,3.044703934462923,1.2586528941758648,1.2317905487696554,0.7996063351888743,0.3294371439068081,14.92504912460238,0.20331173944612357,-74.78451661514408
3.4180418858500095,10.722215533127953,1.0149471294488848,0.6206718299145504,0.7566038747986304,17.50940444947059,2.6924385797994623,1.1293220794260432,1.16941445754008,0.7076923533639392,0.2828010764735145,19.96917787173488,0.21105719945755616,-50.25351556969953
3.4052538623802016,10.477211857558336,0.7292521930491794,0.5710966910065409,0.7496647681945381,18.455684044445388,3.2290230343800204,1.3894639947864675,1.3059719319406418,0.7644002650646694,0.33592390145903644,16.142123999626055,0.20766765439890966,-54.24935802201834
3.4005772976982915,10.416645682430437,0.894845059924194,0.5403742104152125,0.7408377378799417,20.895849149330896,2.9291893028093985,1.1407099337840534,1.1321772508614971,0.7777074755196118,0.09844562238675729,23.79510472057752,0.21436361870331544,-93.10487359110078
3.427730465318421,10.774929008611007,1.008615754696689,0.5994889269985655,0.7319800869146551,24.847045341047057,2.8268411418974244,1.3163475905124267,1.188382433476482,0.7723017119316244,0.30020481062293947,22.67195882312406,0.18702407181671668,-90.75839694934851
3.408541492767973,10.856534061058227,0.9643293019855947,0.6920349586186927,0.710349924410835,20.648528223055077,3.012410617858338,1.223167897254312,1.1456598470712083,0.7548462342032175,0.2408477762619337,24.31726917044482,0.20844313871686498,-67.34808190950177
3.4241974445502272,10.676132379815924,0.7534088682120388,0.5972912351024866,0.7635963100618934,23.96990676415592,3.0876702891286993,1.2915811553383003,1.1867466077503575,0.7054350091953958,0.3066151277333703,23.705060757213793,0.18871101762654524,-76.53847964549298
3.409971294153234,10.822039345639594,0.8938739205510715,0.6915037787285918,0.7004997581335476,18.329732724006114,3.0873498295408663,1.3061904580001036,1.1074428109896612,0.7836941151068731,0.0002307120900656285,22.7678043483272,0.18293304629893295,-96.79916210865132
3.41756687865925,10.19020303637036,0.8870567046271076,0.6419104330608519,0.7700732169876531,19.440708889627317,2.725120339300782,1.2193079004892025,1.2899492026518433,0.7442151365760565,0.4368436538586699,21.64100786160306,0.15730946902588355,-107.34231920443699
3.4316276837910267,10.200363927774022,1.0065142341788549,0.6346779580408726,0.7628706212251314,26.0927353641311,3.2280765748694047,1.1607150778972608,1.1362404292818464,0.7795198171538518,0.2119680653932565,18.9776977658744,0.15669231025791042,-37.3124882914868
3.4067759755490306,10.251206003476709,0.8146476995362528,0.6552672977786165,0.7042524895932698,18.754937666147413,3.2241280276583395,1.2612898074889352,1.1907012112148139,0.7150689338886634,0.08379164446368839,24.746240812720508,0.1643728415520237,-31.831463274300063
3.438320139020036,10.515484043509144,0.7199445996218113,0.6764621669336476,0.7452101967884832,16.13127380654268,3.155646525049381,1.267946393174294,1.343803900954228,0.701154692208435,0.03301082190117766,24.407812082426908,0.21672718155132642,-13.32143985008895
3.409945577062984,10.152148231392035,0.7434666554014246,0.5782547953626171,0.776886419114393,21.942546059603476,3.08995381730478,1.192544922732007,1.1532578440542054,0.7165219355600424,0.36812661550996345,18.859113006905122,0.1807392259429899,-28.308409903222795
3.4101598279195326,10.664203895281124,0.7596034956346713,0.5916446991181038,0.7484458412286202,25.780409507890116,2.746500394848911,1.3203268576333298,1.1071607333221714,0.7780417134815153,0.08355636586540767,22.990294435336885,0.15203406584745763,-63.2223475030247
3.430610150075108,10.330401591729277,0.952397931356564,0.6438234007876078,0.7223030403490657,19.329010398230015,3.271471672036629,1.375138636355681,1.3584131971579803,0.7223838988930876,0.1268585665409162,23.09620541597267,0.19385820395361647,-99.1416043014828
3.4153893468200303,10.22397310223756,0.965044505372783,0.6876383807494395,0.7419995669774005,25.72243897414196,2.8127700750150257,1.2837893764683885,1.196575217752178,0.7118123527985908,0.41955342761025055,23.300048604974712,0.20214798031391618,-84.38983955628382
3.409154780732897,10.896614744820848,0.763922570019072,0.6026539674279404,0.7790340167953347,25.80741930289346,3.248360127335738,1.302001213364763,1.3086799277556564,0.7320493551980745,0.4650964243949005,16.267999075820555,0.2146840917992835,-106.86771924032053
3.4116868977773622,10.099738635571157,0.7379930220422954,0.6367064832996512,0.7521569145593436,20.81749895541931,3.004243602533581,1.1743683727367167,1.2034710734861938,0.7545311067767593,0.07527745402694454,16.107184848681758,0.210742331611806,-85.04618726832945
3.429370510015908,10.821703288932715,0.9424439762435898,0.6778831800793916,0.7091430338149153,28.032988730727315,2.896313180565636,1.1299231349334684,1.1826189877770037,0.7460238070280876,0.1450396210163895,18.914074699709186,0.15226389513670666,-3.1164288794932133
3.4367163405995274,10.345570474783251,0.8682570946261075,0.6841078624145639,0.7159656367922883,16.511638467965653,3.217356074093516,1.1013072655088636,1.2841601088929533,0.7945319230496756,0.37133222143471767,22.110062796730823,0.2017521517241095,-107.09842717629239
3.407906616000592,10.004102255812757,0.9459334059710234,0.5617060529365852,0.770948649763208,15.398903617720542,3.1903975462981333,1.1830322337533568,1.1959816819775502,0.7020222207168445,0.17355633314702243,17.62459446920144,0.17518403206951505,-22.852756057259143
3.4387925119967795,10.444687635267101,0.8693738128619761,0.6088896524010623,0.728261555789906,21.946137453128692,2.796715457147914,1.2594747244983446,1.1738806832787796,0.7646860069256669,0.4360181036723908,14.714555230397846,0.20962551253938522,-95.23849431079594
3.4131780774082765,10.076758176407182,0.7396757568998793,0.6038782892293135,0.751960949326023,24.835358426877868,3.0146495768229977,1.1638160196299951,1.240253020937672,0.7462531530249656,0.4982244829837674,17.030763154449048,0.16982669660405963,-89.40750095884502
3.427616401813367,10.826062398158221,0.9355730426669111,0.5495164491431479,0.7707062635692974,19.447732029032018,3.189445056193422,1.291426569891506,1.2082858287792215,0.7792771249155539,0.3213854801259652,23.637123448095295,0.20764333925735448,-53.4484576536634
3.4217361664746355,10.228436635119133,0.6826341315048259,0.6732998591148083,0.7457991600603207,24.62239717645138,2.7138710157561166,1.1092073270101743,1.1944835402286804,0.7442598932182934,0.2614596890550397,19.597157648414548,0.1908421243929269,-12.563772313900031
3.4190891101472305,10.548325595169105,0.9600324957483153,0.6244133757968869,0.7640061161557423,20.094159425714132,3.053249965235622,1.2352484583400583,1.3685612918322394,0.7291055290321111,0.26561610368224575,18.60552323331056,0.17546914917868517,-60.23275756010519
3.4165900997393304,10.894799288966881,0.8392212657678193,0.6177459285934902,0.7544173833839233,16.329661755184283,3.1637599314056235,1.138147893479109,1.1376778525816633,0.7567254900794762,0.16728034977712591,20.175591160399655,0.16886892332519332,-89.52974646148468
3.416641960913414,10.280473243006247,0.9675869520405305,0.6625599391630794,0.7464082919975761,28.17176543747521,3.1806238435528122,1.1359802263515255,1.2846238465707898,0.744063016427863,0.289480218887753,20.762370235814753,0.18881456518031658,-95.76066712587476
3.437730196411631,10.202276304498197,0.7085208743786047,0.6254462894878158,0.7563290374096451,25.44296262321719,3.096062050602096,1.3023045856729933,1.340239766415371,0.7765363468593228,0.4387826270364846,21.583709369086648,0.17317348887133782,-108.0258265352426
3.4295640001813728,10.85288158944547,0.9916957419990308,0.65762491915111,0.7071299146589352,26.1938265088204,3.269207339328353,1.1212305336948647,1.1754459927992729,0.7793312255439842,0.014708424896618638,17.152368629447565,0.2149431643871755,-5.427501308071143
3.4064521269492727,10.861238960667304,0.754454364569109,0.5485095405346334,0.71402863639157,21.541750433195375,2.752072139410057,1.1036097117308628,1.1238555765466132,0.76889538746593,0.43027705210842593,20.579959923178215,0.20316235260895033,-100.74449398419674
3.4328500713452295,10.643787065106356,0.7144926016736042,0.6604909540393467,0.7299205935052201,17.958384751925383,2.7595875865306625,1.2998707568769423,1.2057087727834137,0.7712640870709105,0.4237351731923843,18.108578140512837,0.21505409500112221,-9.122256017577968
3.4375767189860555,10.77662900412471,0.769448555667337,0.6064611633533957,0.7148864559963499,26.7981599713152,2.920235311382144,1.132507635976684,1.2909260708473405,0.7871199543800161,0.44025148937478403,25.21697579897688,0.208811028985649,-37.49389644247876
3.4223133737051157,10.089781115996193,0.7547521327974756,0.6811162827991614,0.7558686748434463,18.461678367041124,2.958401657631853,1.3332626905235556,1.2455306198625868,0.7691049248826239,0.4671163300087204,24.701635731454942,0.18016756611268497,-77.72003036819706
3.4381984440784836,10.870446507298995,0.8755904234084346,0.5650404840713784,0.7391939063952033,16.528372692756378,2.925216836569288,1.2714949230211139,1.3960999550034912,0.7930091370909073,0.45355133951502447,25.614291911876702,0.15481692949228462,-101.62894880196451
3.416611005161713,10.834815515411535,0.9698394714967054,0.6559887913395277,0.7618678693647084,15.498701692185602,2.717077215167331,1.3951617941382384,1.2095900039043581,0.7383311039798179,0.04689755444440059,24.30565879716282,0.190830258950003,-109.25800459695886
3.403358480064046,10.85373017040361,0.7743641439135454,0.5661940011702238,0.7306966675836376,24.231766020808593,2.876087928515912,1.1325537212344183,1.342444832061033,0.7348658005803645,0.054884609049419504,14.639243990824655,0.20737572798549728,-94.07260807253027
3.4317955726107265,10.89108683059196,0.6741563526835924,0.6439709299567443,0.7259403244480602,20.380520094042943,2.753955723321212,1.37742320845004,1.3988575106416263,0.760637599802731,0.070206695888493,22.635929062390936,0.15716522824580192,-73.80055209978657
3.419469273189197,10.781481621910075,0.8707742231263803,0.583541824615298,0.7340580031328185,17.325087435551826,3.2021399490397306,1.1135526019837665,1.2091615718967725,0.7273192952382328,0.381682158811743,21.121701718715656,0.20229824298534585,-47.85274921855715
3.423089426154394,10.87870494479896,0.7089633046797825,0.6224367522967835,0.7027940987696608,25.127503447248245,2.672763090762373,1.2858938551877648,1.1002549532964625,0.7696194277563705,0.4742507236168213,16.051176176449793,0.18116085866059747,-50.04863725455763
3.4357268087925164,10.255796050899066,1.0124583934124902,0.6020015409426074,0.7030216030806434,24.26257540886282,2.7656405539354627,1.167419573987612,1.3559718598219468,0.7608786990930402,0.28312950217809263,16.31806043919422,0.1658153150599872,-29.879046675263538
3.4293745282323633,10.749804894805415,0.8650839780465807,0.6892952713660846,0.7537936205637472,26.281140564522765,2.889139541457717,1.1484024988826365,1.1451217038062096,0.7602384935814654,0.2929543685354096,16.84520754476399,0.21838616180195192,-29.013659518128165
3.424328622586896,10.310227589667607,0.8986784196801155,0.5802032066739538,0.7731914565433561,25.323488125318953,3.0348429520102878,1.3742861914174265,1.2588374767104844,0.7293982733737194,0.4602053683199715,14.809855770484049,0.20965540972559452,-107.66174754461221
3.435840694421935,10.809312019368008,0.8225778399674458,0.6224903654459024,0.7774952265951879,19.846461007305106,3.192415306816889,1.3406858048699928,1.2248161287644765,0.7337769485592365,0.2912786739342618,20.77213679336521,0.15642050231258264,-112.56892464951548
3.4199396024072386,10.368857628198837,0.8014628941385393,0.6022556652285183,0.7775459687327683,19.39564370056922,2.6525528173766015,1.1551490004223943,1.3747987704020042,0.7285138273633427,0.1260963096295324,25.54804769466039,0.1740717274445293,-52.17788744699861
3.411533071562077,10.415681821859843,0.9497649744074068,0.6946348686332885,0.7661174176537833,25.11522806972367,2.9342791133563253,1.105682221157557,1.2626021335669333,0.7752258736327149,0.30216926275230066,14.92183693051638,0.19796700158397756,-109.87152409083565
3.40724147924626,10.426198431627384,0.6820235779342828,0.6677035077573711,0.7314091040558653,20.489511549030652,2.8219013383695737,1.2032464692654279,1.303008991560676,0.7407959352475348,0.1483584643963663,22.30863944745547,0.19267512858502317,-86.76720077018406
3.4235252864581684,10.311209322593584,1.0249980457875172,0.6576351391379595,0.7335781162267778,17.6242960561402,3.122814247950333,1.2694277649233028,1.157579082575422,0.7240978076391411,0.2505951267216989,18.635973787346387,0.19687334320583397,-104.24316725643891
3.4259304944686204,10.236167943060453,0.6926948825536777,0.551769039071453,0.7444248261247239,21.306179068104186,2.75962100054269,1.2594138953183285,1.2651800439150525,0.7201848131104297,0.3943903493264162,22.445227052192926,0.17982236982555402,-29.504932925147656
3.402441402369634,10.716968798231733,0.6524337770376075,0.6455852337546074,0.7767125753675056,22.478566788867226,3.0287354639277875,1.3111290059291116,1.1842205697323853,0.7607472849589793,0.3380949006972421,24.288329892727802,0.19380335061671566,-34.44028802170827
3.4215780199797443,10.619088173409658,0.7142167549029828,0.6496000121805714,0.765092570258645,22.440561183132655,2.775085438194031,1.277118383856039,1.2530633194309262,0.7599607380436377,0.0009507182080333653,18.878800974970318,0.1763711188395599,-80.28526753738745
3.4264211935853717,10.275357819292093,1.0129938151988236,0.5971273263167058,0.7224559466741252,16.84146308847906,3.177816444262377,1.3306485211810033,1.2255985309176483,0.7296731254410838,0.22166295987233378,20.786311505044658,0.1868433439877141,-47.2219145519516
3.400390726253093,10.141159685904466,1.0282351816006856,0.5784899783836105,0.7665371495616359,25.8130068334548,2.9418053674376696,1.2498661549936614,1.2957357725796015,0.7102316034290268,0.4152268303961965,23.0857279752972,0.16941158703675507,-101.20116209560507
3.416349550171503,10.721918845352722,0.7678008496903259,0.5556594092203392,0.7444918790934093,27.02760612304825,3.077535017059796,1.2966768773640887,1.2433785180348431,0.7482307155225487,0.17499206467908418,18.64419842944782,0.18306381356239032,-10.075094152617993
3.4147040064510756,10.659250963401458,0.9650926757685943,0.5698187071126909,0.7213828581853876,24.244159867177128,2.6499551025273527,1.289726199273769,1.1017519930960105,0.7095872484261647,0.40976001935330364,14.101120336082486,0.18789003137042506,-60.24395645573872
3.4101113397894847,10.223240792951156,0.8216538627128491,0.65401008293169,0.7271030156389889,24.394079860613548,2.842497334953333,1.1617358078374038,1.3211574179292773,0.7235667616880987,0.2758166893823446,24.72802851334074,0.18680161216884253,-27.62091573230117
3.4177714947022677,10.188184402429366,1.008363049251272,0.6062225178839816,0.7669721316398377,27.140402840956224,2.7749154624302106,1.188525667767337,1.1534203794224764,0.739276975779125,0.2741528645287408,25.252862736258994,0.16669776506591072,-18.022090169849292
3.407576123596123,10.67220558305548,0.860825118239419,0.5866979087578129,0.7738777432500308,20.184276055495555,2.8409442823179187,1.1286109627295255,1.1643224137588433,0.777850411795391,0.2700538066261526,19.358734190071964,0.1811723680245771,-54.10861865631837
3.4253311454688915,10.708481443676025,0.9231437748739935,0.5586765437368594,0.7413333677093324,25.18070822783105,3.1533164393352595,1.1533937329840487,1.1209890507965161,0.700246147440209,0.030378553245612134,20.22550946861662,0.15782536980842696,-109.77707659098984
3.403795748822972,10.169401991568584,0.9020836802465944,0.5673792294820462,0.758309272233355,23.502967066993598,2.8613042531437256,1.3916631795530376,1.2366575252685283,0.747254468645065,0.08557130962776091,18.114026745924,0.17811624859922454,-9.586137112896381
3.406673307849659,10.723358118378401,0.7326848160051055,0.6283998969796796,0.7559301149229565,22.547666774473456,2.7311215493125376,1.2197499254898165,1.332083301341144,0.7881630389870468,0.07943397489980973,24.98092009304672,0.18082782791874957,-96.57350771684592
3.4037606165467467,10.191579496973787,0.7755029596781768,0.6183257033722187,0.7222924225065963,19.486117895438113,3.251260011941754,1.3631673460672393,1.3919643301298743,0.7808345499718522,0.49917938332140815,16.225873907011763,0.19347397895592439,-95.42229009110807
3.4059660921983337,10.823642016951462,0.9296465694504511,0.6770746099714617,0.7538434282264532,27.774216415476396,2.8557746529324524,1.198798539341468,1.3415158409486956,0.7207331709854209,0.05582040580857452,24.64393819462085,0.20239013057738578,-85.56649845027741
3.4104453915210504,10.40126638971577,0.8458833795572152,0.5773778844866236,0.7704627622181988,26.6721526372889,3.207080981381676,1.1834855616495277,1.2028212430142726,0.7218786242342496,0.3277407101273841,19.414533229400455,0.15424838923179335,-56.37639459381852
3.423241170859045,10.785913613311884,0.6730276209189189,0.626987519201839,0.7269226720906702,18.870258162562322,3.153160243638667,1.1241779686644198,1.2628139488832584,0.7759418461953472,0.08630254801933988,20.477262990938584,0.17998784507669968,-59.03791919497847
3.4038993782188474,10.521488682618832,0.8321761451163739,0.6219521629958245,0.741269763593571,28.379825442967523,3.1335954530795282,1.3303736577556795,1.2462822320401712,0.7069627103548388,0.18844046844538104,20.64578409483819,0.15341361107682483,-28.647205826710973
3.408833621163304,10.662146524051298,0.6947987170089993,0.6588607758497006,0.7207879528633795,22.07648730607209,3.1392927228865397,1.2828380823522367,1.2668263196364518,0.7780839826887962,0.2517794568848226,25.598921471115062,0.17232349551666443,-49.56352485230616
3.4284695968998276,10.8386370214432,0.9670615047745441,0.6195340816371351,0.7467745464813709,27.66946626530573,2.881997996393939,1.1046893117296759,1.3066386919554533,0.7388044118457797,0.37626507601518444,14.18182038158268,0.20345346381274337,-120.19675724858426
3.4274834759421076,10.51159474547162,1.025113538351365,0.5506242155459015,0.7280563382991122,15.949755567374064,2.840516846361023,1.26584108877619,1.2291902998834068,0.7785513039552548,0.044975533724118985,23.10119281229544,0.18840286424939326,-6.331285143976416
3.416326850657024,10.445665109237275,0.7141291862992853,0.5408464887475557,0.7759706493817674,19.530176175925256,2.9428311056868504,1.1598800613873652,1.1036624224656042,0.7953856754779707,0.0265627990716457,19.462455815500938,0.20893852443240216,-27.554619707918903
3.4319623290678596,10.851001800317933,0.7900137027881897,0.6813261659237885,0.7593392685951548,19.10786217294982,3.0514996529761023,1.3474144321433543,1.1040809157731621,0.7391434706867321,0.36389898864044284,20.964448402232165,0.15745062022173312,-25.84661795604012
3.4104163891518264,10.100886519426004,0.6570142252009956,0.6968149088672612,0.7475989335861346,27.373039521783056,2.7521580820751788,1.204805062552962,1.178638570313248,0.7761361348800152,0.04188741912587599,14.45986308868619,0.17463840883868353,-16.928467397104455
3.4100051019935655,10.267330182259956,0.9980273916454001,0.688102587993888,0.7477326574454614,18.27787184239552,2.8816638173605464,1.1278237235158406,1.3506576712790619,0.7386410234244304,0.20076188017516314,18.8404859727598,0.15785136473969036,-46.020266256259845
3.4321724502400746,10.857149852836645,0.8742001341287877,0.640957500413829,0.7354531825573325,21.822963661104858,2.8794468361858834,1.3918044291217524,1.291316824790206,0.7396280646459016,0.31707124732940983,14.86388820443958,0.1647611877894304,-40.21767924248282
3.4363198777569606,10.231621633339264,0.7070511534783216,0.6272077266210877,0.7069893034067437,27.33249147685872,3.1019228838651127,1.3265156922265977,1.2843259330992147,0.7077484259943755,0.20707546553379363,24.87040138695579,0.18573116960936456,-4.006482646998322
3.4193308012606245,10.850575083372222,0.9215022701428496,0.6721186657564072,0.7301555167584957,27.080805062812185,2.767495149009636,1.1629995141245861,1.325324186852487,0.7841298596491174,0.055333798832058544,19.11903047750986,0.20591854824211767,-16.84541576236009
3.410484824882429,10.606549637883834,0.7606881457614467,0.5913776240518984,0.7242640387196354,22.562221679554813,3.068133271081431,1.2304198313747567,1.2556204674027345,0.7395476064572553,0.3698967899264408,14.312372617797308,0.2055931519614764,-108.66392160506732
3.4270943727172796,10.721509022286176,0.7767119748741292,0.5966958468608222,0.718352378365955,26.34729047470884,3.131538402125421,1.1927854332205565,1.2652503156514592,0.7737361244641989,0.1829477702107658,24.456038669685547,0.20454705285589633,-89.77354754658754
3.420530368615001,10.424411753754116,0.6960369368958665,0.6961597328103927,0.7340918578645501,21.99375563266028,3.1437852821380847,1.3456836643137986,1.2444341676945605,0.7241268165695895,0.4969827934511857,24.164085158604635,0.18456607937798353,-102.03766744754002
3.4364855153167913,10.775055541281333,0.8345255226884202,0.5739141334130932,0.7712357664529796,26.102487069954194,3.091050973068885,1.1262940036789681,1.2639358541429477,0.7886398647279866,0.3251055309230175,21.715902253294566,0.21651395423828032,-41.28721207942006
3.4147670542229176,10.412527384813412,0.6910212959820988,0.5519160002732775,0.752301681351629,15.871572667821262,3.1534605621169067,1.2064502833196067,1.3781099231683696,0.7726906285997154,0.2691550409658089,15.36557319658623,0.1951389804900096,-85.34994201516719
3.403291287486588,10.145484282139893,0.8096866551880851,0.5563918157651643,0.7323292501993232,27.868521373222336,2.805023699260161,1.1191491606065254,1.2524602518263441,0.716947239751342,0.1000451034844523,21.55433011032526,0.20636697032235926,-47.867027078854164
3.4185137006930724,10.747956735321592,0.7809651766368284,0.5866172661082161,0.749889285564033,28.35201098540091,2.8275966658667406,1.296121821079159,1.3120859973693755,0.7372389201817906,0.44863150878145175,20.4831349794326,0.15465256093938093,-29.961072307203608
3.4353582168600822,10.822602794553706,0.9847337421773859,0.6099167715730333,0.7119182280812542,26.890479267466812,2.7402614828147374,1.3755986569007628,1.3940148950441975,0.764369102406748,0.17271655693821916,22.404730869867677,0.16375922443797966,-28.093174146107373
3.4392500164230677,10.333084244585407,0.9707910525659951,0.6007525188926631,0.769738599011508,17.430871801128994,2.847233663497621,1.202542097090843,1.2884003486723001,0.7415754344576939,0.01818446207213493,21.07031037840652,0.1693635528948811,-41.851031486480636
3.4166867379326327,10.627125710593807,0.7519171402400266,0.6491289036604425,0.7078583177403989,18.53111512105668,3.116709650952101,1.2454962668794984,1.2476517951047412,0.793417027163081,0.32684049569842444,19.797448966182003,0.16347096921366172,-81.81303379597102
3.4014292398892314,10.707587006882921,0.9570049197661183,0.696392252817086,0.7218944446796933,27.87732689652001,2.7330247283867624,1.1086914552276055,1.2429401092251544,0.763499245775723,0.25477253540277833,25.168688463448667,0.19708267054685416,-26.39783667248564
3.400651955358016,10.116515705246517,1.0130881363341684,0.6383641686924577,0.7356388229416785,16.127815807821793,3.0153865071792976,1.2486290960065405,1.1980450531449207,0.7024369392943364,0.14080046286710907,22.92183164473591,0.20653334205942014,-39.254398014823565
3.4177344136020262,10.706560390541124,0.9626645737357388,0.5412384676413479,0.7516048288993695,28.125066131104536,2.8654243022411365,1.1014679118751152,1.3014337738064297,0.717974230366353,0.37099640737310136,14.488899933579763,0.16668582054586709,-25.216905352918786
3.403972167714942,10.588709057591473,0.7803387093330402,0.6703791818087829,0.7470866862282456,16.09923084532169,2.7703396972161856,1.2233861755574722,1.127817896202683,0.7389836863740497,0.3757631174763158,18.81284474177717,0.19793940018010373,-104.78248129092724
3.4133070516840793,10.065737178768561,0.9886881327564214,0.6807532934668663,0.7089103732926175,25.824385281856514,3.087155092614946,1.133976129606748,1.1708537257226899,0.713706798569186,0.3884584982185408,22.050361502801096,0.17068267217394628,-28.230963668400094
3.4112325272753954,10.865083640663958,0.7197601715294731,0.5596646794689611,0.714643532041076,24.77095739135789,2.662810742986711,1.3827716462257447,1.3225259887299083,0.7183304796886519,0.08055479362618011,24.597079012903123,0.16639729608605736,-49.98766044600585
3.436946689364331,10.109907510685776,0.766706450648839,0.6506593681883579,0.7682667549642743,15.41925824788876,2.993936296257216,1.2618816028620305,1.1188153856228746,0.7277191396464288,0.33337997995854474,22.111459666593156,0.186693074205467,-10.31295164589963
3.4321875916736153,10.559467882774358,0.9184084550342764,0.657218727893432,0.7281661870945533,22.358342720146815,2.680358619511753,1.2027607753905503,1.253752036451595,0.716871612334636,0.07062744060733883,22.690961167903353,0.21614226797555092,-123.87951565355776
3.410248408077971,10.702642696017268,0.9903334829754183,0.5923927370891064,0.739229771658086,21.868922591131472,2.7827564897779697,1.2897907137440767,1.145237590139372,0.7048966965794926,0.22249488986103563,24.80898056101327,0.15437477442434222,-27.282804207968482
3.4028319476776447,10.783482945132981,0.7798971085099788,0.551524630462057,0.7166123915617559,25.246950054675807,3.2117895719613445,1.3509695630429692,1.2749982092197292,0.7002129225119056,0.37114703609368077,25.06306062033,0.19028719682149692,-79.46261087790435
3.4096769808173093,10.259983680006199,0.7923829079012735,0.5737384458440948,0.7783568362101022,22.801187682749685,2.7039495932863256,1.185991658750816,1.1650893634495691,0.7952134160706279,0.4597488800863353,16.356869766628186,0.20806828044600828,-43.84016072311425
3.4009757456682506,10.84038261005352,1.0103396433124825,0.5827941114484307,0.7018643222354548,24.997452424352375,2.686730229678806,1.289284581453886,1.2875371319931248,0.7678335851186114,0.07699014416005616,25.36806795207254,0.1688435391179993,-32.23979289789831
3.426505366906199,10.797004431892272,0.7963168654398771,0.5823031140151782,0.7027676527201372,16.208790984784425,2.7975012596001423,1.230381623303702,1.188344526966352,0.765552714475782,0.14236495289164136,25.776566741840796,0.20343033485040918,-53.56107790175564
3.4153315556520867,10.829402222077242,0.6536113354490358,0.660778018344313,0.7316731573702886,19.588280147078358,3.2564556515997927,1.3175224604101234,1.2843068533608433,0.7284921423890114,0.26014093330445903,20.24828006256554,0.19854073116629606,-75.57410015064355
3.40098735672947,10.569497668180018,0.9773521738711966,0.5730256015953472,0.7611171357458331,17.88448931364096,3.190194483953342,1.1394005726015166,1.271660933946538,0.7706086515382822,0.19566591783206738,22.399609762581186,0.17528426969231214,-75.63736808563075
3.4379312715693944,10.660382154587587,0.7897618536524715,0.5952303679094131,0.7542658642828591,20.44662414940909,2.742160237218333,1.1842264221367056,1.172417346992841,0.7784198230444836,0.02953708084771489,19.771445530936454,0.1560046465244483,-20.573795649559244
3.4155750715438544,10.684160518449614,0.6815537529506132,0.5595333767443774,0.7492995855545014,19.740522855551664,2.887051140458069,1.1063817834910052,1.1118647175049212,0.7692856426046264,0.1599068980739685,17.968380898880667,0.1542529971265063,-71.36120821358256
3.4028723568843575,10.382476047944218,0.8869796951510549,0.5523750773786522,0.7058635384704287,19.324195571336624,2.646617182006241,1.2745813852905958,1.1160540906530625,0.797350291375019,0.12994852847765279,22.349224698592728,0.1804791580234576,-97.66918322934877
3.433024100888758,10.594317317264299,0.7996175826809108,0.5505506979276065,0.7596432478832075,19.79723307103569,3.026135348761147,1.1799051909519183,1.2183796150758361,0.7242085325598104,0.2781024156503893,17.04259138504148,0.171227992305816,-40.37718123928437
3.4028268835824913,10.67378174776067,0.8049663417667245,0.5825130555765274,0.7378316629686223,25.90518437791347,3.1592647647620566,1.2529285603315632,1.258425566352437,0.7845179753012782,0.34842636723548154,23.82946700268476,0.16501266147718802,-59.70841860878765
3.419772384205098,10.52474708435774,0.8280877756047123,0.683415695099253,0.7014157124788821,21.02287398676349,3.004695642867225,1.387359358757386,1.3984309863601025,0.7040683859638616,0.0527718042796783,20.50766827027298,0.1960309837893172,-14.986712350476608
3.414179695134812,10.55462078081782,0.6617088961125052,0.6380405048372195,0.7721729559576305,27.41287067265364,2.8691041706665916,1.1884517091417603,1.3672683481402885,0.7861960474664668,0.019967912098848448,25.205050082581266,0.19240922138374233,-52.531922520786935
3.4296391617275512,10.877553799831919,0.7781755111185387,0.5908477578694693,0.7221363215641403,18.779123956912088,2.93892668905794,1.3392629523766975,1.2494279452954309,0.7876687369406921,0.2972615117028658,24.764249715697694,0.1656451571898967,-77.21901682288822
3.4332072924034867,10.012910427379557,0.8906160922477443,0.6776571795564248,0.7774207079528775,24.526819213734207,3.2590650799385967,1.1411853578069873,1.3492207005856036,0.790594552861184,0.3155685728280987,22.15751602570911,0.21423429502787306,-87.20625648593744
3.411554490066748,10.454022994212863,0.6622734357107971,0.5882388711183392,0.7693724452491475,21.06130352736672,3.1056444307821653,1.189745701050866,1.2157440771653498,0.7139689748437218,0.2845729472239098,25.083270725906026,0.18101125755465403,-91.29140720440367
3.4071640386150257,10.45492246879265,0.9180848404165269,0.5763120130437761,0.773756835821278,20.849416143294697,2.9655545588867684,1.1663057231130751,1.3610419439683448,0.7711788683840909,0.34331046694630507,19.55811662454878,0.20894726076348316,-77.61295950667824
3.4177672955086527,10.807151778966386,0.7309872799743998,0.5852005056302093,0.7008606164540377,16.002643581603326,2.905554025474659,1.3643710778848037,1.2510966944768063,0.7206301406815907,0.2812846468844816,16.001817925588522,0.17171292423267032,-21.433167747421123
3.420710657946995,10.288089616611915,0.8790234140563192,0.6812259783485575,0.7266990754183076,20.901232471426873,2.7385595955928608,1.2507836578846745,1.3192960946648133,0.7557853513005045,0.17185526035504486,18.29607563196475,0.2121639522845513,-74.42357391102587
3.425133922249999,10.83310866801526,0.9955327818758625,0.670795115865681,0.7128915475225625,20.830396220533213,3.031010815322753,1.1861201983822578,1.14989223092346,0.7360291053120847,0.48090687780418595,21.048947844141203,0.1791328667710405,-80.88481145647842
3.429550421597527,10.030798939479286,0.7403059343398092,0.6725373478322827,0.7176855347803723,18.646789408665224,2.7576329477648605,1.2491395874573747,1.1706699506748544,0.7751692208761142,0.06125618918035483,25.44663857857384,0.20248547564542202,-25.839373918519527
3.4397755552171243,10.330684709597287,0.9930554393593359,0.6930344132521108,0.7799253385464564,21.506737888260712,3.1871614632316954,1.2714236696626615,1.219827683284888,0.7136518942803003,0.49285171420490104,14.786333278783115,0.2030073572481229,-81.10844989424103
3.4113419660418605,10.75688564877477,1.0050701323208677,0.6366130093636104,0.7602453971369116,26.171375640803603,2.9415731816614965,1.1477019288323056,1.292486329562375,0.7394270365540699,0.050695731086822855,22.537403115243002,0.19991367555571246,-89.50119768771884
3.4021089530539608,10.66665143715599,0.8197924642825347,0.6160959244650255,0.7792536247513104,25.622630490528444,3.009318520974378,1.1102178751887466,1.3829757737881643,0.778489670854295,0.248849638737113,22.336251722739256,0.18448847027826332,-90.00788755732212
3.4026572803571624,10.454629160792232,0.8184598283217037,0.5953119814260488,0.7157333412241261,21.52206471540253,3.1820013111330994,1.2758991207569652,1.220525802819852,0.7025678629961721,0.08516204051914043,16.991747071390943,0.19671761589137127,-55.93623189392535
3.4276969886133153,10.851926095725739,0.8920397968466586,0.6391420894532208,0.732711978901636,25.42293158591329,3.2565349292563903,1.2293478577677461,1.1202224585477005,0.7437723176854307,0.36102872004612246,15.550426699767026,0.17025989350266954,-65.18204832509008
3.4114328984634414,10.523408599338671,0.6827699021085993,0.5647633531425408,0.7398090827761029,18.25621028937185,3.0017889299556404,1.2011419330662036,1.3362333439066354,0.7467314585924191,0.4878216238886999,19.04515569368953,0.15450143282064716,-29.473967195045773
3.4038269792436333,10.502293759122525,1.0185789422855902,0.6588768185740953,0.7534517351865943,20.845197220133674,2.8488956806165544,1.2685266429169952,1.3067999470326197,0.7697815285960076,0.1896607926476597,17.97861025979313,0.19509096450168079,-45.08849945331363
3.4395106415446763,10.666820535037388,0.8461850261556021,0.5822547290111657,0.7680602000850375,23.918021064364964,2.930013943208747,1.2777259439200757,1.3087120669108094,0.7581204323738718,0.3974038471953281,14.165265058863252,0.18193296806690243,-123.2267708452256
3.4250001463908673,10.143532895078334,1.0201468821575976,0.5528884803281998,0.701443226062875,28.17046995114285,2.8561589668244376,1.328438866357381,1.3395246421790483,0.7299201941644945,0.27929199232671587,14.738267565363067,0.16050280563500033,-59.50115863275356
3.4171752185512343,10.124384779620586,0.9821629497337778,0.6450000862788063,0.7293079758675279,18.7949003395899,2.695648987413222,1.3296782289468987,1.125674403465733,0.7184869791049054,0.11000452022624166,18.05856882795441,0.19004227214605135,-114.63848160523386
3.4216259591716973,10.46151515159589,0.9691082045269144,0.6959493733514073,0.7375755155925225,28.064161583917777,2.6763389994349223,1.2156138533182106,1.165783117290761,0.7891151196234394,0.02434800257616602,24.71447216374292,0.18665385344311936,-81.87857300480681
3.4294401226822755,10.399356534822472,0.8827753234401892,0.6251049884917215,0.7106990117981362,22.0024911944984,2.994561000432,1.1280172593221878,1.1634111016681672,0.7739746172850326,0.31039648050707686,20.258516763924455,0.18300410387914137,-50.04295850172336
3.4152120855361723,10.010364115430672,0.8488609492936441,0.5542564543460357,0.7346176241914157,20.097878305915636,2.658590020890756,1.2407279256353871,1.32465573117776,0.7483566815173732,0.3203163394784593,23.62811597098632,0.19396002221359004,-88.30164515892415
3.431849595588836,10.324152881588223,0.6908352614276048,0.6053849832394016,0.7401184026752944,25.038246791983042,2.874704621277103,1.1971296317371278,1.179914253432074,0.7308743959124283,0.43450817481853843,15.068123977038736,0.19838521188183023,-42.52303704338958
3.413036329980536,10.433150050420426,0.9823285800312198,0.5435063583384108,0.708895510532802,25.98049128968639,3.1043159450231035,1.3983618159177873,1.1576668116629962,0.7861309543018753,0.06733054927741837,15.886684273628337,0.19710756222465034,-99.17891989910807
3.417197259884746,10.265669745169028,0.7672013941310102,0.6045831651449874,0.730855946715845,16.560318568788745,3.061457789323275,1.2321791669133366,1.2711554422883409,0.7572886985032625,0.440804737894934,16.652855492430525,0.16378814600037012,-25.00505985983429
3.434170288267937,10.027876350306858,0.8090875438769005,0.6520246996054382,0.7723251722537088,26.43947982368975,2.8783397882804147,1.2291928928604405,1.1474602252260249,0.7373946310259246,0.1637856473165201,22.244706833757007,0.17455638763022469,-8.216138360749937
3.411943356905345,10.897175616758787,0.7928396181945381,0.6273822838805547,0.7088970753608095,17.822298043317225,3.1241592533954474,1.162303994702835,1.1601133396217669,0.7979384225808579,0.07872488268112571,24.238192253164144,0.1971789126286222,-35.70820555416151
3.425432290562688,10.452521622134963,0.7621505561614306,0.6355783031872058,0.7323947795666698,18.992632574805867,2.699439735078902,1.263885199962494,1.231549377936553,0.7968588376950622,0.33442301622867293,19.97185301888641,0.15574072528365843,-61.70782728883927
3.4329681433649175,10.774854366761785,0.9805421885944487,0.5573135991501362,0.7711936282110745,19.498984152422366,2.8979413327275205,1.289469335433189,1.3532029224771724,0.7152999815164689,0.3250178159731751,20.900133859477187,0.1933184002981978,-70.67564871473851
3.4345648880958803,10.632936481475465,0.7287251328326074,0.6503365890731021,0.704178711740196,17.615244068534146,3.0746786126540187,1.3488877831827049,1.2918687515567795,0.7830642738736594,0.028821397023742444,20.04163549564717,0.16660919953742853,-46.55488917797719
3.4189759713148153,10.411043672413705,0.7384776860409891,0.6841884335677844,0.7716963542620773,18.271439606714956,3.0930425563057278,1.1991239307965078,1.1960704028186742,0.7575544351910833,0.2780278545282465,17.423684121982735,0.1611993808274307,-70.33466559023725
3.4287809966801857,10.613041772867044,0.9305823334963239,0.6917292634890517,0.7715734679692131,22.522426603066215,3.0292764694009193,1.1221608893249684,1.2193555709463721,0.71657036540276,0.2939715894168801,18.499438106495443,0.15647744286365686,-39.46816933233444
3.4022673338886302,10.305438929482166,0.9907788697081557,0.5484802083695739,0.7155089392031113,23.720245443641012,2.8758313601830756,1.3982588894242538,1.1042815881450052,0.7380378714165765,0.40626561507759035,16.125007354102774,0.18670863629847056,-24.789528232876563
3.425626954206761,10.357610349433738,0.8687077054427783,0.5780814479660507,0.7420162583872933,20.539157438494485,2.682993640033785,1.3275042660362282,1.1021423055439683,0.7430651087898347,0.1788789897489178,17.831605164017997,0.16260348599537502,-35.62720390509833
3.4355442254121007,10.153486255160635,0.7610968534558666,0.6472283979440149,0.7259545918635305,16.226211758647672,3.154564955021197,1.2078935822805306,1.3051237282064418,0.7115505913779917,0.4907719461481578,15.888979063996928,0.2042621882594925,-14.520518721988424
3.406266064711537,10.216033183629762,0.960345922510268,0.5839195811135681,0.7044699642916159,23.219534813318802,3.054050434902395,1.156458803552359,1.1044737250254202,0.7058344686703132,0.441635029259597,18.67873875642587,0.16643356159087913,-122.54056349898596
3.4164865836886205,10.430739321531206,0.8756929674457592,0.6855780233477644,0.7141896630781364,20.439700621880707,2.788936475021965,1.346724489046462,1.3926529633082605,0.7231399030165044,0.003650692265215772,22.93755059430204,0.17022334255233745,-4.1409524765306855
3.420071951183523,10.336322201724764,0.677418817341932,0.5765541036823008,0.7751244423625198,25.74048034666412,2.839106388452521,1.3945106877906137,1.2306542010160542,0.7042028938936205,0.2054832445372326,22.658533343079895,0.18560612798768364,-111.54590185560943
3.41938327688423,10.716609681959637,0.6692021073433543,0.6281334333702774,0.7446912298308767,20.047151957209604,3.0911660945093073,1.2425812486516092,1.2614798342177524,0.7578613673364064,0.28032596910764557,18.906929244672156,0.1593857728588161,-56.78438905645366
3.402898799278505,10.585365056644857,0.9198861017648935,0.6123718571065851,0.7729029826920705,24.511554989789516,2.8802080018173326,1.2500801044517666,1.3645576533137793,0.7050362338397387,0.31246217719992997,23.785656574150373,0.19733961052835194,-49.71978934983372
3.4192954646770803,10.692214828751943,0.9680442738462021,0.558322705865602,0.7576972850227297,21.7886621865946,2.848332635291127,1.3407589286664883,1.2669496627164833,0.7665015250594113,0.3015274407008885,25.7743075873556,0.15239045898439774,-75.8326016224475
3.4134427715704287,10.381289536605248,1.0018001588113123,0.5569341921308408,0.7216534777159727,19.45735393219485,3.148321148972032,1.2357204226210405,1.3846808088423954,0.7770470484584975,0.01839554868148547,23.85970925963484,0.17643347770236867,-81.59199971806248
3.439368208071625,10.273716928230682,0.8241792457067955,0.5943907444393339,0.7481836704445655,22.20651398488242,3.1847633886658215,1.236537844149274,1.1445687544030452,0.7379564134353557,0.01894677382956879,14.637015739021376,0.21325573677308318,-116.59008251632625
3.4138534415352724,10.323396978903366,0.8675483970669208,0.6146902457396093,0.7405794234506997,28.22879522767141,2.746198772821916,1.237044362758029,1.1727175647566994,0.7021424232991068,0.15838636872889864,20.447794369049156,0.2124559900442543,-25.329766854676336
3.4140850624081382,10.868158164288875,0.8748396464192578,0.6508847478662129,0.7259799176784697,20.237978355878823,3.1538013143142307,1.292276883296238,1.1963539517029587,0.7867289302765423,0.2600109870275039,18.416307933729183,0.15627998879517133,-121.11715289675072
3.4132660244191433,10.022076331192087,0.7882424648988476,0.6961675346894375,0.7513697207077765,17.52620644404794,3.1715655552796305,1.1430640342767298,1.2777357653027879,0.7735901435621452,0.20667901167166924,18.659513972535397,0.21385734243395405,-13.037801749397488
3.4033160782255254,10.162484306608027,0.8263006036585104,0.6219741744208663,0.7143793387946178,27.052498386353196,3.1169036587979204,1.1524068421068094,1.2127527782338199,0.74665887526977,0.4385173952501676,24.307924173217025,0.15058123022011255,-121.28561898635233
3.417784919332467,10.519711418772077,0.8922593368279395,0.6989308116933488,0.7643610715860222,21.656853581272088,2.921139339446298,1.2051961305762833,1.2693749071307874,0.7694386397460683,0.037311217558432364,21.90001970782279,0.2186032995025567,-12.025641128573014
3.4380326897652185,10.6563266281857,0.8875612204689283,0.5893517002705035,0.7772238013673749,28.1934298671843,2.8646990912095722,1.275050704399899,1.2470590446676424,0.7470293822491402,0.37268672975882183,21.560874847934038,0.15979225412261053,-19.05320222451111
3.4097880267542857,10.892894931160106,0.9769723997762234,0.5422482310869498,0.7085443640597853,21.041975513848122,2.9315979051909222,1.212014669858176,1.2372607850058208,0.7460724823923436,0.4629265165999067,16.035555394706,0.1780942849041729,-119.21413318638707
3.4204453672770385,10.036807903663245,0.9427880489046936,0.5679935212522049,0.7319958050006212,20.90010415011513,2.9094233705398014,1.1835827453853782,1.2682367302737152,0.7489391706742584,0.37902271502303453,24.20773336557155,0.16640883346736937,-70.91442578302355
3.42488768549982,10.684931128147483,0.8683858167497747,0.6441708292173494,0.7601065456199837,23.943686404865197,3.0845437549166355,1.385934916841053,1.3125290149951334,0.7242990246647154,0.21269794018291505,17.509003096124367,0.20040066491877095,-29.354896831516328
3.4008712651144033,10.033197580126277,0.9754205602600168,0.6081942765099532,0.7316396168695501,18.986873988467018,2.9687515534450193,1.1943243554367036,1.355309611898275,0.796873397473713,0.4323923749180536,14.067638744437264,0.17735483990207543,-112.58078145354241
3.416999267751862,10.053636396557467,0.9925145086926945,0.5471624053944798,0.7038086186252457,24.38488455776318,2.716900379771764,1.3696494385921039,1.2250443999583942,0.7641249324001895,0.45647666031021034,23.534139949716263,0.19341291622169407,-108.22894940555078
3.4310602930821,10.583077699000164,0.6875427761893281,0.6837280602525876,0.7705346552267882,17.73080337071935,2.9985252514103125,1.143276604388027,1.105249148944275,0.7390509295248167,0.2944575517011749,21.0939735453792,0.1936527511255074,-110.02893412742102
3.419662962359941,10.34456873408387,0.9307001424016804,0.6912432419702712,0.7191673395775162,18.30627151494197,3.2566259259394474,1.160186846337156,1.21140268101833,0.7870511169252186,0.3560352017509215,16.05019275513548,0.16762648379583972,-54.058596454293735
3.4242065435724123,10.321116514880174,1.0170460387228513,0.5656231125647686,0.776108880586671,25.574041269961484,2.9010406175600107,1.225783889487933,1.3763078726786238,0.7943921153898202,0.35403063717731303,20.170215296271138,0.2140293806143051,-92.86224394317026
3.4252564686036804,10.221799025826499,0.9314598321460221,0.6000518497089438,0.7148139388640236,26.17426022582417,2.841596018349885,1.2833634468222528,1.158028747446343,0.7162605137909838,0.2491001998529797,24.413886504637304,0.165432269804402,-93.91900242279718
3.413860282894217,10.898223658534507,0.9585986124518793,0.6628757880019567,0.7212072041898188,26.38371303977746,3.082599843578004,1.3521357851526912,1.383319698183442,0.7538870039074549,0.07674784963941148,19.45573849328741,0.157071154194312,-77.74535591763731
3.4278554012127582,10.634924611521956,0.7714507795876119,0.5806089194679009,0.7418098368357011,23.722276564762325,3.2478611323417983,1.139073763712715,1.1611198673773353,0.7990564025245896,0.011381267175894275,17.87463610551323,0.1758667789133187,-32.645208488126585
3.416575729532011,10.064689860731658,0.9745555199854377,0.6352734163947125,0.7681239545471119,26.763206158263728,3.17855161729904,1.201707657072618,1.2752585682831412,0.7765680606710783,0.33560442796834455,22.10022787471715,0.18051551802544175,-83.88757712310388
3.4311775100028585,10.789553036709124,0.9084645794566228,0.5876638365359662,0.7178114043169447,27.655402987996837,2.925984713503169,1.111483921089607,1.2170821031423045,0.778172413604802,0.405780700430142,25.431062288864208,0.16325737281675137,-105.33863279386762
3.408901444463388,10.3247111735582,0.8136353054583232,0.5597891123591264,0.7459797005041906,17.518935800632278,3.228386281349527,1.193004919123371,1.2401007225034353,0.717792807632069,0.3688832520484875,17.44168864232573,0.1970012795278801,-104.60693294048035
3.431458728354293,10.221494464603623,1.0110079584729197,0.6299446556247361,0.7019072686605062,21.54978751082537,3.091958104581299,1.2644641414642406,1.3016966747551115,0.7966281591796666,0.2999189616855626,18.203351919330775,0.18171957662918503,-120.48020555730673
3.4048868231306706,10.157094162185995,0.9034157039407393,0.5880418399840546,0.7015492519918614,23.44082493672769,3.2306695070650577,1.3578087978657667,1.3188043084934304,0.7742026732392443,0.1728587133929978,14.701916336596414,0.1612343064806125,-108.22473127600111
3.408648759016929,10.089132847930173,0.6944207864020621,0.6933864794492021,0.7144209546376669,27.75166081348109,2.7177448569788445,1.1361827831000433,1.2852553495090318,0.7515423466840666,0.25673588381740453,20.194353712953113,0.17479149332779315,-28.390695058277785
3.412069689268655,10.597615712190901,0.7769937205770643,0.5896927694051878,0.7107489204872119,23.881695691351897,3.143472206804553,1.1447787332788324,1.3994818309356094,0.719863161853767,0.1865786126429417,19.317441911048373,0.18302247284641282,-24.293625486006576
3.4243510271771727,10.571946162898342,0.9912560891279648,0.5863085402635706,0.7775390292420725,15.44557175863447,2.8766566709754295,1.1476224623061633,1.1255705604418187,0.7757272772856141,0.3730573099217054,15.894164077940292,0.15736351311860228,-116.07695550164898
3.433653251258421,10.554541696989332,0.8802645606216899,0.6796562407766874,0.7423542070918767,25.306272212280632,2.7665451352647907,1.1785845073185715,1.3930739184857683,0.7533453916076623,0.09443256071464508,14.649155834285555,0.18838314296637093,-26.18391803532242
3.4021495609420214,10.019838181830709,0.9563145701225404,0.638265519188862,0.7715168124815287,20.93246202931443,3.104161011917709,1.144999608989124,1.1634480969080796,0.756370440336344,0.0014669272516981747,14.065790339344483,0.20555416679833338,-4.07931542829165
3.4282649520038153,10.89811588688372,0.7140830672795065,0.557596507644935,0.7124022968839946,18.737781629846452,2.686920636056538,1.2153581204268393,1.3812290939892489,0.7361007942665663,0.38793156196410417,22.90410960550644,0.16608340497885996,-49.30084202331908
3.415653962663731,10.274321465258517,0.6911752910120437,0.6521651075246192,0.7491612632791216,17.297763043791996,2.757183991381203,1.3389757122706447,1.3600636053912252,0.7329820656133653,0.21557666103981982,25.310630890804237,0.15643541959233048,-87.40261611191434
3.4156695551178697,10.594609565370511,0.6752449539580384,0.5765942185873044,0.7091051744581136,27.586124023778655,3.2382487651317273,1.2022483231761452,1.2509481174776012,0.7365818118706278,0.48786864246835243,25.207478514232996,0.1749897780803588,-80.45721226069135
3.400587948666889,10.145291275862695,0.6957745147835933,0.652795020515026,0.7067243133101828,17.975877229969857,2.8058826465402182,1.3929276796553602,1.3490396191024807,0.7651415059363167,0.34921467997813205,18.77006124208257,0.19049699227632805,-12.94794007504143
3.4310749393788056,10.446641342360072,0.9242559701337998,0.663350617610658,0.7025815185107792,24.0884246827152,2.798882061015578,1.3758953030718217,1.3237759660247819,0.7379236531103529,0.3474887442488632,16.45032226847524,0.20054686647353387,-79.87672735676591
3.4238392737748655,10.666181004385104,0.8671842329918622,0.5425983807423678,0.7568275651592147,23.5464464129834,2.693248573233032,1.3647620061193004,1.1567209202537765,0.793227367602664,0.10340697905247498,17.20543801977816,0.18292416024608507,-1.17181192914029
3.415396679359747,10.250477519837734,0.753780640299173,0.5432902752528757,0.7585332884762096,19.331615899382633,3.1183595799694563,1.3646212552833275,1.106162282786278,0.7645434900829504,0.14350056137124104,22.487254162722927,0.1615648902970041,-61.16267127383006
3.4115889077174764,10.813489248078767,0.7578793706119663,0.622909651435189,0.7237019179392349,21.721637756595992,2.7466109922606625,1.1352556903925755,1.206314393906611,0.732436077724553,0.2083882759152803,17.561993766439013,0.17682706638176407,-73.8545489958417
3.4157278253647188,10.134772069827891,0.893151725586145,0.5731068495479416,0.7707250406304246,23.54426605056186,3.104889552735327,1.1854268417562688,1.2375631308172437,0.7539465955366526,0.4520837653693,25.102433041833145,0.1812728702175572,-30.313842820077994
3.4009611524096726,10.830502972390537,1.0133584068157462,0.5537033436843046,0.7224175753303902,18.544502939005465,2.676016778445064,1.2300423063308752,1.181091675118862,0.7601760263913399,0.2892905128826704,24.191481149211942,0.1889094125103164,-109.73040383450002
3.4163662517063362,10.278642307207347,0.8387652642151386,0.5488818186665022,0.7421297099643829,18.743034285691415,2.9938390984739596,1.3662258579959397,1.1282430816008828,0.7247300473491335,0.3471881817300486,22.722800219025633,0.19748184653623008,-43.47969910627823
3.4100479181275642,10.165805615276938,0.7373124023733595,0.6689189183003903,0.7284062874581863,20.356780791563054,2.7012036711019065,1.1471597590469083,1.2643741619479199,0.7153934973311297,0.17367773231852598,21.385675478302044,0.18917886397070058,-110.69336456279702
3.4264459320330984,10.147769821224532,0.8495713538900485,0.6760502522922515,0.7791941165005226,23.689178014050245,3.2694210686745446,1.165012139570719,1.228367906662648,0.7079813659916778,0.15246417490562444,17.995829203278383,0.20179125034001857,-74.23252320815621
3.436243762786298,10.71490380589691,0.7961267785838984,0.6957854520305334,0.7414833466617828,21.173228838810253,3.2293543955401782,1.1474322244403201,1.3590739663743,0.7468718745863652,0.3500042686533782,15.920776524203486,0.21622149330528595,-84.76674277735731
3.413343413502881,10.774578557804395,0.8030030864246829,0.6038359618697258,0.7560387750974386,20.33938576049064,2.6531470136518633,1.21760929765521,1.3626202311975644,0.7975823019982367,0.002229026428564842,18.8368041883427,0.21503721552563015,-93.96024531071706
3.4353763752473125,10.5194901064846,0.6930761764300701,0.6304003231139776,0.7030796641612234,23.99637997964083,3.219469233390252,1.1029628689844166,1.1631087467208296,0.7921089577801693,0.45397942324938534,25.586738671816434,0.18296625160914365,-107.82132168049449
3.412744453386626,10.589683937089173,0.9274457512720164,0.5903714058867491,0.7564120879543325,17.31316534690856,3.0699929009211644,1.3186932115549248,1.2507091783195974,0.7354314073645295,0.1732978435393458,21.80923383794085,0.15775168511284957,-122.42452434520358
3.4356224766227794,10.155986964844772,0.8636992262507759,0.5403516064591595,0.7165456100387346,18.575763807401994,2.7206032792177837,1.3715879201266439,1.2577632403507772,0.7763033398085399,0.4534601123277872,15.32322571040965,0.2044166953879269,-12.501078608971724
3.4104998015090873,10.443959124838768,0.961456975978705,0.6864674450788817,0.7489530644791735,22.587948809199002,3.1127961447143764,1.2558485151251015,1.1268180749613572,0.7280956330831525,0.09356890943628182,23.915943979214163,0.15238284833902846,-111.50225434882437
3.425713044568505,10.503179088725735,1.018095009549557,0.5733914220245162,0.7239653312457535,17.986205262659166,3.1294567393585906,1.3023621373260685,1.1545173776252162,0.7562451057033572,0.44131869823155095,21.231740422427826,0.20433503885730497,-113.78216395425562
3.412053758617238,10.192682214156298,1.0114497242437535,0.6299594924337645,0.7598064819017691,19.86413627813034,2.8597689352676765,1.2870225287700259,1.141314327527901,0.7560438917045175,0.2108514286280618,21.455597922392062,0.17544679049684772,-21.874203105242827
3.4119287857199176,10.194633136571044,1.0085795320598694,0.5762420337811343,0.7056715449686151,24.345643482902894,2.9958102117640553,1.3516122443787038,1.1900579512637122,0.7804808606967504,0.20518576895899646,17.708070581153265,0.1577640845098732,-82.73278357033693
3.4389852722595142,10.230386290952627,0.7214582915057506,0.5830321498570075,0.7387473086811801,17.605348591631575,3.20062232466005,1.2877020818984513,1.1653512741266325,0.7506535848188941,0.08196899180304901,22.636562365230837,0.21391388714678053,-27.86495751980287
3.427791312740361,10.41543887423571,0.8004828626117636,0.6782767202192486,0.74455861735702,18.11607120191555,2.878211856877661,1.2951909011361327,1.1289668555285521,0.7020610382480001,0.11649972700073505,23.456575489871554,0.1835304873660955,-5.119576289243724
3.4226978377082076,10.601476689024025,0.9512201895653192,0.644649023552596,0.7531826597768079,24.08515364188821,3.0532000994101036,1.395444538783881,1.250167494478224,0.7545288806722258,0.3911634813238264,17.973273318249568,0.19662092556487176,-41.91325927434602
3.41099458136514,10.847554185907144,0.9738104976267566,0.55405400744404,0.7310235532283091,16.64975233960032,2.7846940214170957,1.3169976839153863,1.169236043602124,0.7053449143617747,0.047822099879393884,22.29176986423907,0.15806273661667097,-13.184311420980066
3.431652798110428,10.338236570606966,0.6521130191943981,0.6208809868795151,0.7794860700842307,21.06901711587749,3.1934251832648615,1.2688169847672606,1.1511371631099363,0.7594485050150893,0.19720636042696374,19.887837864287846,0.16911699274170083,-55.36244402316552
3.422020770970587,10.732095696606688,0.654399038849743,0.5637865977618695,0.7036089602511253,22.02935129423243,3.1902366248042613,1.304089774882141,1.374765482020347,0.7090057454918814,0.4690499078597395,20.929490212021218,0.1777629004356261,-68.14397732422512
3.407806351695401,10.491907611353577,0.93922957971038,0.5534070149236175,0.7769097741716129,18.832473011616916,3.1116502362451,1.189224255125044,1.187600767883985,0.7169249011716736,0.2360664449625918,25.147725169327106,0.18329727101180987,-118.41695088833293
3.4167622902909396,10.759546468023311,0.8727578978018831,0.6475092571630876,0.7686184144070655,17.953941620237053,2.6585013964732243,1.3739316864945423,1.1496336342000262,0.7912601312316351,0.4102846487436265,23.108712080044253,0.21476383284718248,-27.022541166111708
3.41956847006061,10.439498581021667,0.7583240692571421,0.5568555178446698,0.7447491361986875,17.530889931880846,2.8047040468747326,1.3878217264139785,1.11044989249812,0.724707326054648,0.1725823786201531,17.644305603771983,0.16882092462606588,-114.8829615191789
3.4209658780144414,10.096124059283492,0.6715399598376803,0.5574835729729704,0.7095334726391208,16.279587471427806,2.6458652222728882,1.1522725231552455,1.3172893532412644,0.7603443702247648,0.36189868884070037,15.942519044221978,0.1702172657052591,-76.56714383107058
3.4347593972393162,10.899300021431083,0.8599479854541976,0.6127346897906656,0.7000775345344015,22.296436603414204,3.2722714232730534,1.1178187811419125,1.101141858123874,0.7880456449078947,0.48598462013382737,25.219498315458708,0.17928820341189888,-26.400706212991878
3.4129122510287186,10.836265704026214,0.9726807692855226,0.6655043837919501,0.7785293923737819,24.149418066536924,2.9650890093482705,1.3331661632597298,1.1261750180488561,0.7795043027196632,0.012859108707056872,19.049711684762904,0.17562424757940978,-32.089813428642586
3.4039150456381595,10.43935484601401,0.7729414432692142,0.5891673670571597,0.7043265962533561,18.956699379720884,2.642757683083298,1.3595247713573846,1.2986672895232696,0.7279584878152836,0.38079829525698455,18.76431311056261,0.19906702690672404,-106.2478822224906
3.4202639889055,10.847713610643785,1.0063302254820048,0.645430802761946,0.7742883187606538,19.088442410010924,3.1111768883827398,1.2399393668711396,1.383403153468934,0.7257572931630207,0.07055140107056895,17.200648996130166,0.1780386272021255,-115.25685161026125
3.4035508726867643,10.150296430730334,0.8952392070104636,0.6378868265244868,0.7161719680834634,19.41581958784046,2.932429826464676,1.350143265603315,1.306865833178534,0.7232444289123199,0.3264831830952923,22.98915868694756,0.19911701652486757,-46.69059986431098
3.4095298854648184,10.678191562863645,0.8401557682291473,0.6621422032263985,0.7754144543926514,22.94246628474256,3.1159611746941853,1.3075556224067988,1.3400675516154084,0.7007022522850632,0.2437587909923577,25.24875708452331,0.21982387641734819,-103.07200997231499
3.4349674563212536,10.798066491522599,0.7193723957419049,0.6799403161838417,0.7186801755749589,19.38812060616645,3.0935119256135977,1.2096702059115674,1.2066362762864467,0.7132391151869791,0.45735319534100566,25.011491378747124,0.2053719186686659,-116.28634699433782
3.4256220465408416,10.097221424625067,0.7509375166716806,0.6429336220769828,0.7145356603573804,22.5001422380076,3.1063485321138002,1.2087759276837962,1.321228052415591,0.7168550131560495,0.28215881399239107,24.887723143574092,0.17704190267924408,-32.84945338083567
3.4209957329739398,10.382977415635326,0.819087696155102,0.661692108554035,0.7318555806084881,17.502824524887053,3.0052429395271556,1.2303417208772953,1.3769145211327032,0.7869561428564191,0.12368478148553481,19.580623785659306,0.15911802296667388,-47.424216377473954
3.4344507290038533,10.529529682227775,0.6567356526924992,0.6928498100589133,0.7635055313636119,25.985028063859872,3.2605031578178973,1.1883259326888345,1.2165420509102138,0.734779627003004,0.45138293345411273,19.484017514248052,0.20425471849872384,-81.74837200935019
3.4260056172328857,10.887377967735043,0.8523327541937561,0.6340551483934473,0.704509207159499,23.64619247830528,2.8726663434738784,1.395067628584143,1.1037905362337659,0.7669337521939262,0.1325335466770123,22.46554469955328,0.2037803331114156,-22.08119884233855
3.400553436956757,10.817535817183705,0.69565415267238,0.5886866933041349,0.7243776263055967,25.33428112066344,2.7155744403296374,1.2794742986136376,1.1807295494961552,0.7554983338853934,0.4798007218904884,17.965159224741186,0.18189171410339383,-1.9619070101764464
3.415898849086117,10.82717477283566,0.6847065801747124,0.5822290137971196,0.7748441980573244,20.861849291283974,3.1725251659277216,1.2829610969910894,1.1130281341500439,0.7556055413598689,0.20183758150684816,23.57239835946445,0.15275004105054923,-71.40630220737424
3.4229056680011283,10.282032363941886,0.9885447208328155,0.6450575904997435,0.7006528808636067,15.44418384784982,2.6906730800032306,1.2118365340187303,1.201658919520124,0.7842555539078151,0.024491553347695354,20.049836670819168,0.1552154207833056,-49.34781148974156
3.412090888321107,10.69314772933142,0.7907144749983931,0.6278273163615956,0.7780486917308997,17.65096473738066,3.052200898933607,1.2867999365555425,1.3608108114567137,0.7461190076076598,0.40477980865185736,22.605737813142106,0.21292954658163094,-45.38194496952205
3.434016778832227,10.435019904951659,0.8847062924861384,0.6511747003892061,0.705945120568237,21.446013305313222,3.121974099618244,1.1520372455958707,1.341034023845501,0.7914407826563884,0.24985204562513372,15.37318248599636,0.18266821488619495,-79.52611980232095
3.4126684471113995,10.037933219824728,0.6615458137084382,0.5642380056592817,0.7158508043038608,17.022339712717788,2.8263191805018715,1.1542766653183876,1.228719317498316,0.7008081468012017,0.47163432193859617,25.626990591593028,0.15134871967428018,-65.29954862141551
3.414874158906816,10.85278702639201,1.0277871288314533,0.5917051952565417,0.770062680731306,26.711027335841912,3.146193237794929,1.146959316629275,1.1310094209400823,0.7350597393564582,0.14558270084387034,25.244938586060165,0.16804164613245146,-76.79759496588076
3.418618965254966,10.762467019357905,0.8371658835539821,0.5975357250253448,0.7766431321300069,20.04349499189099,2.8247477481574568,1.3976254467480833,1.3757686668977416,0.7123795114927419,0.34494161589028005,16.890732544420047,0.15994795529803343,-18.0056313414061
3.4044347393652745,10.157868835037487,0.6939345019746476,0.6798249755714868,0.7697757114390394,24.462942455470024,3.020370613237201,1.3147688483415363,1.2747736217316339,0.70383322652545,0.0640526992802839,21.907245807792822,0.21266629714148413,-104.16609378592453
3.4239218189301974,10.351197622995667,0.8007225599198432,0.6039575899736168,0.7775012532046623,22.103014348187592,2.6528872760610107,1.1280210321482604,1.2676452726490843,0.7224427656028187,0.47053346480406527,19.143679666261963,0.1831993669735616,-123.40094635412775
3.4208722835406773,10.643274448730278,1.0027475769697332,0.6715653434946105,0.7362140291120625,21.298778201523337,2.7821503254010422,1.3226215414381357,1.1375515557734113,0.7237789405868905,0.2826948241976154,23.058981982539983,0.1755070940564155,-96.51111755119658
3.4174311382992966,10.341331882753046,0.7279065562864283,0.5733422176519968,0.7246518627961386,17.90279083938925,2.8559755389903096,1.2096042576551662,1.2806534595925008,0.7982141504024087,0.4607172636406713,15.086941678490506,0.15390595149002248,-89.13922499763358
3.4259099590953173,10.375011153599528,0.8446907385054868,0.568134222907848,0.7442789747486159,25.158115038207846,2.650381140642678,1.1739547854791579,1.2240802839522402,0.7232994022514396,0.3569284299675169,19.996587271997804,0.20159582734879342,-49.016363182733656
3.4158240660988475,10.679533950588931,0.6666388212056505,0.5504112537251502,0.7791651527252423,26.615435733216266,2.9846467290921903,1.2102543470683949,1.3751740188522543,0.7512501621999543,0.39157490735567957,15.841989915757951,0.15483062735711553,-97.32551555400693
3.4249345138892484,10.071248601314052,1.0242956209696248,0.697560416239079,0.7197531662760909,15.736307412679585,2.671393497388021,1.2241276356648052,1.2936435093323395,0.7785982463415851,0.44327929426891166,17.32247051940012,0.16117837775134158,-10.034828325048494
3.406850054365381,10.19853338717271,0.9264913760976761,0.6910049283244549,0.7041014255839831,21.76353879824351,3.037400135532627,1.3838989484630533,1.2116198446870998,0.7456980389190737,0.37518030840749933,22.50563486196694,0.18369941580736365,-105.12386879429718
3.4020434016104564,10.136055731113403,0.8350646438019732,0.6948672029882053,0.7511513176868584,23.3939975566596,3.0725957304306033,1.293141482956968,1.2251637661341674,0.7210975147442059,0.07182259018569113,20.28442426656426,0.20677703450803617,-28.756622794141606
3.4246283873519077,10.697976645904564,1.017663864652164,0.6270865486533272,0.7138136724082247,23.082455017966176,2.93850098837149,1.2844191010856845,1.114456967416759,0.7007790663877096,0.2574523140672157,16.145749325381885,0.16682161519835004,-105.29251897097842
3.432868089926165,10.297722885999555,0.8057685601875818,0.6425832583115243,0.7205768670528441,23.81104341211568,2.7404808985721383,1.1392666050581657,1.2099120272338035,0.7322412479214729,0.14479882269385866,22.557038500410226,0.1736949266251127,-52.056508859012894
3.419705103363751,10.30900051511511,0.8478024248324286,0.6882067123945035,0.7549595705493014,24.500154767823553,2.9626757203744765,1.369209787055866,1.2165905934503494,0.7292588595124191,0.2689989365709826,20.65182973665096,0.16144946354472697,-38.98503152689223
3.43671072147486,10.328650983510762,0.6987799546379266,0.5455364758214366,0.7139677828239763,21.93134399182717,2.786971749633249,1.322880194249813,1.1864989004520592,0.7477938036522048,0.39966129381972937,23.85911960555142,0.18651610514644212,-115.73737925451177
3.405779889561706,10.799538467512848,0.8264081755600099,0.5512421705360439,0.7295430382788768,22.35702883009027,3.0116409416066015,1.1379999272871233,1.3580503640448098,0.7711642471669655,0.28637427875317917,24.04724618472777,0.17065973919130822,-95.43143712628554
3.4133741656272223,10.22648462922767,0.6623532406118228,0.6440936162185696,0.7143941314885642,27.416761160174175,2.655814022091667,1.1282966544147874,1.1591703536019253,0.7505619484205315,0.28001149718681806,24.453466687138235,0.1758108574149569,-36.78913367900748
3.4302017858616147,10.133675938461238,1.0205378260959643,0.5541570618370494,0.708594865528833,25.627348456981686,3.093338458290778,1.1988443852927761,1.2803816475172618,0.7161989138138019,0.05477824387389128,18.362995874629263,0.17346278918447822,-110.94129767499888
3.4170741280902552,10.65705730466573,0.7646582597421419,0.6898834619684954,0.7728085029125578,20.107532156271482,2.8188048113288424,1.1441170164405912,1.1261110500786355,0.7233168834554531,0.23150633752080754,23.15841440821382,0.18537073967532214,-29.84827426419818
3.4045873128018087,10.246068326980982,1.005524907318077,0.5519303842419495,0.7752929963802268,23.790987574845676,2.91998975678856,1.3392025071817624,1.263459076785119,0.7315451946649549,0.4709973977361068,19.99582610495122,0.20024718559820429,-75.7425762753041
3.4085258201695576,10.883605234354883,0.8413649835079353,0.5801039106962106,0.7219628031457773,25.74398720642251,2.9113868172066084,1.2656821005338732,1.1954719508746314,0.7186298367818038,0.3722546380793547,17.584837836750786,0.21478735838170113,-10.603023426248356
3.411551265103457,10.679957570405533,0.9679558430609505,0.5444067448479538,0.7599346532536674,16.12108383324922,2.9082453623578743,1.1915133636205,1.1338264304216987,0.7717998208226239,0.2434694753453202,23.252458347399397,0.15177399343759151,-97.90830939842854
3.425291568228629,10.50986005601355,0.6611029295984139,0.5872139927625843,0.7261642513086463,19.07661560789443,2.897376178990962,1.261789455702065,1.1768615771622926,0.7814201363262201,0.0962213570789694,15.695989285055198,0.16864733118771877,-95.85669214001211
3.431825065400463,10.172834096689066,0.9341465252358794,0.6485748673675229,0.7279073789024996,20.534742427206726,3.137106368157135,1.3879791197659295,1.3823055321936453,0.7661325630853035,0.23084129690808305,18.731379523023488,0.17096920457584608,-95.07335862949913
3.406980150079511,10.020693755063752,0.7288847027803695,0.6577251237129071,0.7276899431771464,28.40345022357809,3.146712329189029,1.2486768983221288,1.1755895528497,0.7203366473120306,0.46880312161321974,14.609903923147742,0.19114742320403377,-91.90320593106422
3.416240868160537,10.845665994498228,0.7620579743733862,0.644717321618544,0.7107666968097367,24.16177130935882,3.1886054745562467,1.12234242769562,1.3881404041534282,0.7272269792962307,0.38489836748821016,25.056014435728496,0.18886507177582218,-53.07299768703885
3.4157134162301253,10.898392804134094,0.6745991421567784,0.6068599602531777,0.7790416309376335,19.516652888619298,3.041665837888108,1.1100731234450467,1.2061875013608798,0.7807132986152252,0.30984131936386045,14.38911689052477,0.1716443081119092,-81.0633437146425
3.4108420378697017,10.674267577459362,0.7530562553391889,0.6254122817105988,0.7306618374578542,18.437258611170325,3.109234870791169,1.1431371121956666,1.1013451191402508,0.7962450612839675,0.4283851958519758,20.687425870615037,0.21935870606161278,-28.28776586084915
3.4234725043108156,10.874941667982952,0.8461082516371616,0.5430279029150458,0.7357989790604118,16.826333258622153,2.7050744902982977,1.1584999461361587,1.3393209303336784,0.7237416380848201,0.07416736912610973,19.070725959804264,0.17384921254705518,-90.08038397978875
3.400772607226316,10.864690604647173,0.8508135996222685,0.6761898810993027,0.7433295881786075,18.55019591392868,2.788180447962984,1.106891497660676,1.3391444115897895,0.7498372040006356,0.028326876258199025,20.990791081095843,0.155510050249801,-88.21299679457624
3.4291816613192005,10.339068695162537,0.6893102623464553,0.6384281536364489,0.7784517060914895,19.347205344363886,3.1642709151577506,1.3377615373437772,1.348222188415766,0.739578824442752,0.2703278762002717,15.736029498852602,0.16480275712903444,-93.2136537795524
3.4114259594195113,10.495437730062497,0.8704839928767679,0.5484183515027233,0.7349076420672961,23.41951474641725,2.7586398845185527,1.3042613188368561,1.3349343196575365,0.7671981671740111,0.24646385662490672,16.561832582134134,0.20804551179131614,-34.54742680006805
3.4235391847776344,10.12333632312824,0.7940342633313665,0.560516920375196,0.7419293723404208,18.000688255828557,2.871927440398761,1.311416465470535,1.1470166519247722,0.7645110206902108,0.17220888085829159,19.227611141653792,0.15253586416783313,-12.734374116500916
3.4156792578613513,10.770416467000626,0.8311618955029328,0.5814342734490304,0.7342568233587088,18.891218472310626,2.865879226104686,1.163351867972533,1.2170313351711441,0.7118070121447054,0.15858023045175262,17.7220024095554,0.16259495216599504,-29.479007270252552
3.434833154565797,10.849544343618405,0.8650493830255538,0.673358032824819,0.7358099552910846,26.72305977553531,3.2638956311434955,1.3141972745261061,1.2556891129185468,0.7543997244325564,0.4684710763953023,23.9005068689558,0.15444298790904473,-73.17779655499473
3.4126005382070814,10.68326215875693,0.7422157964579469,0.5723149211568686,0.7226268279322672,18.25084751739946,3.1131830218707734,1.2532102911075942,1.1938172507961566,0.7451483679348208,0.24438649154062284,16.74468152872469,0.1765713370905466,-7.44001267941708
3.4033476726130116,10.40697055941313,0.7614503865835474,0.5502296387256478,0.7500161470463879,19.354996769090363,2.643184116956915,1.3520547693715759,1.3579219964009352,0.7331357890207398,0.14035160329828766,22.88400297391012,0.17397088805868227,-26.84362615901719
3.4392720305673032,10.370091454130446,0.9775864344533391,0.6894849620279591,0.7568329253364179,22.779731948580714,2.6475219619511057,1.361271107376594,1.1640705194523464,0.7514886204934467,0.32017175247019714,21.552481449241405,0.2026748479885711,-89.76120209750502
3.4046267890687787,10.03210101559815,0.9904180566729643,0.6527092561298105,0.7230300701037281,19.05599521963412,3.218466859630344,1.2721185750331387,1.1499358256008096,0.7937904444922539,0.34343125736992974,21.27904968640667,0.21700984222072411,-105.81170930040975
3.419431482512158,10.606444010840166,0.735091271934887,0.6406612596186875,0.7785606162238672,18.22928419005311,2.739912795964396,1.1483876450629995,1.3732739062176516,0.7668652586502734,0.4722674971584261,16.65127468171295,0.1662878701738237,-69.30197520263295
3.417675924135546,10.858724057227327,0.7665035860248869,0.6762387712919846,0.7768887199801832,20.176780446856288,2.834401863733403,1.2881121943776228,1.2878364248335918,0.7431035100559327,0.18192699765484882,17.19463232576726,0.17907026930790798,-44.191898052092824
3.4002880755219835,10.283655244635433,0.8206303322898674,0.6539820906365607,0.7325184970574143,24.080927708275887,2.880385535781188,1.3651783608095907,1.3755334340337284,0.7354891928238674,0.346963320873046,24.344815214823907,0.21690680735189127,-41.9371362731908
3.4006321094549645,10.291044844286757,0.794228363253023,0.6917262186260309,0.729122821122238,18.412531359823934,2.8235431980311536,1.2465873503001783,1.1727375205854669,0.791973749331909,0.36540808376949746,23.254028632677855,0.1710895667916928,-9.059120483786117
3.4222963881099773,10.462524179695372,0.8133390607410582,0.5653660788065368,0.7597504872235774,27.441380001015997,2.8621377881320305,1.265035733998719,1.3924262846577389,0.7082228430842605,0.12128403429545216,15.046612176471264,0.2129870966118612,-103.16381216892623
3.4202357528225553,10.821371563228729,0.9367581838401366,0.586393562111253,0.7334052812958191,27.095999398416062,2.7417667021832894,1.1572328465993311,1.2820688313724184,0.7054257310452141,0.26677469229591466,21.91691234897703,0.21232389647942979,-18.82803560999338
3.428647121255605,10.366473369909132,0.9334924328414197,0.6981008350633988,0.7460174055680487,24.871606735628312,2.6981085607601654,1.202365059659686,1.290838045129065,0.7307562811343825,0.041521855909816836,24.983360463523688,0.18460590541850508,-3.615174459717352
3.435003552086099,10.484520448950496,0.8196919693312273,0.5923784156022933,0.7260157587156378,19.118231239028198,3.0519661418899013,1.1201594794848366,1.3620680411914194,0.7785283105115329,0.2243732529362857,21.89503556984316,0.17964897508577818,-56.92955028325508
3.4001124358811583,10.87644391809398,0.8153295287607827,0.5637565012550282,0.7631576647647194,17.336096683605085,2.8710626697731834,1.2697093006266593,1.2312808974942677,0.7361311724020442,0.20650537271221123,23.667182011688187,0.18559877419766335,-30.437803902602724
3.4059820404562413,10.739729045540196,0.8006003823914692,0.582566949817016,0.7679692827993064,25.329000682067452,3.270608682223301,1.111722072938732,1.3382350630370294,0.7377102604510182,0.4286783155555907,23.597688294716015,0.211064888024956,-13.028669714285115
3.4097179532077724,10.184289316685936,0.6736534069269449,0.5437816533072297,0.7146640505547734,21.3774391389516,2.980941629907288,1.2295083246925245,1.323897462335543,0.7510936887341789,0.4926018554596968,22.84706946564679,0.18511591406102917,-19.023538754182383
3.4000663225851113,10.627329527792002,0.8705147405987076,0.6338708315900746,0.7267175623170202,17.87840110349177,3.1258471272179116,1.1570804314854808,1.3356247815989064,0.7678954584884354,0.41967901053455636,17.232800057209808,0.20698342681132706,-108.58419861304475
3.4008852823850018,10.057148634462575,1.0059430787843064,0.6427617444953442,0.7540580105882644,21.517916485049017,2.836302506045947,1.294760264992938,1.390174044457737,0.7387204172562175,0.3081399529700659,19.827315999168697,0.21610589849358303,-80.83152553175528
3.414996812207266,10.44138604214885,0.9884349190952546,0.580167516261955,0.7592006486575684,25.578957299769954,3.2639594951840656,1.2001905177291319,1.3033079808592651,0.7425515782873914,0.10591273409636555,20.27513122881037,0.16991552427061482,-29.027548285829027
3.4314322193259055,10.703329702106974,0.9040660707408854,0.6905695118193956,0.7701674393198263,27.457947474536844,3.105791662607668,1.3789809303613938,1.1045451556235897,0.7034610433992367,0.4581777910911751,15.005060750885606,0.16609900654749857,-8.623578479713132
3.439200520128326,10.219167460069745,0.9839061934244893,0.5626283292711178,0.7009874469378907,26.668166382190616,2.9178735444046473,1.1977662053468665,1.3756266814395302,0.7166231434013762,0.054826613129987836,16.795059627665733,0.18213437155522222,-87.90889988693209
3.420725413505091,10.794691173507973,0.7722465490431916,0.6424083532306608,0.7422775633255648,23.45636168865873,2.7502172517539605,1.3270278775964024,1.1902280595164632,0.7415573931100296,0.459566424677694,25.023929088374697,0.18935009652800647,-105.33552861177765
3.420986662471314,10.2341895389616,0.8423797547207302,0.5452902746545184,0.7689720627921903,17.99707079132206,3.0051703067172686,1.2607072342765524,1.3149628957435529,0.7328196269763673,0.3882249483334387,15.658639127720178,0.15883505567842837,-84.4196845450053
3.408942823680639,10.77279138329299,0.6787600077554514,0.6593793892386552,0.7462174696163528,25.112487262142583,3.2549203900713852,1.168929232946485,1.1250491385024077,0.7929918930734343,0.13132332981341469,19.23530938351799,0.18328129056763756,-38.477707172161075
3.4354764083835163,10.782805859642206,0.9432967461315751,0.6404505694177572,0.7352588907811931,16.561845805402804,3.219625636089521,1.3271237495628105,1.281390866411877,0.7266234173713468,0.22303457340666516,23.041369220503718,0.15305000339094194,-8.254277976499424
3.4072680688855717,10.443091018064182,0.7188711419888195,0.6378708232060377,0.7722701119972851,19.35775988113826,3.034687382089858,1.3894131520131527,1.2684653331504367,0.7073667363632116,0.236536645591246,24.556165218520185,0.17912104872998053,-111.49290663076236
3.424759448225645,10.228660141865895,0.8142022845514614,0.5667203298502603,0.7394082764172153,19.912936210719934,3.035539449242942,1.341226894295664,1.3658105167635481,0.7787345748893415,0.272857948125906,22.026610332371618,0.18583802414454353,-122.37765733567358
3.4212064610587185,10.64301913072936,0.9211289995727538,0.6337072370612394,0.7526908381760725,21.852064451520977,3.2209906660305623,1.391706300803757,1.1454092178840374,0.727904884057578,0.18732465052813688,18.02319303667197,0.16757023104412486,-57.280375724261646
3.4065945450620814,10.721192276612756,0.790995069822125,0.6177669323732774,0.7529816719447407,20.169994576910838,3.1929805772533237,1.107947677439432,1.3483545109324155,0.7054709589978208,0.024861454314101854,17.578787065549697,0.1663164738981851,-92.12010482739927
3.436605479002765,10.343441766143467,1.011894103983134,0.5945141756891513,0.772139059584283,27.487964251940042,2.872632142444041,1.3556355147985175,1.2830249510071294,0.7781008026969208,0.40319826679685294,23.55841286328795,0.17999737386531392,-26.577987443290482
3.4237357795404058,10.111401933281545,0.8602377607873749,0.637767186746061,0.7514981360852601,26.478154070907955,3.1818998157383827,1.3747036673457664,1.260689613859886,0.7533753158959973,0.46016751286555896,22.517177347756274,0.1601978406510762,-96.1905211023485
3.414939784039909,10.825939138477786,0.8604591790919165,0.5612468474622395,0.766255875091651,27.34043706941859,2.668418301688285,1.2423014675279873,1.393198633401305,0.7585161250221758,0.3249982664912365,20.60702767589644,0.15898626556254067,-94.94922546434896
3.41574173225771,10.83631773980391,0.7787997036505978,0.6965715147053549,0.7178897984697323,19.371522581275965,3.2392479321206964,1.2218461331878694,1.39774536878791,0.7694139011231426,0.31430004387985255,22.689234264757523,0.2004624545541372,-52.47102927493552
3.427331864736115,10.164912379056778,0.7872140052591003,0.6196556763728229,0.7496356801790935,25.414231741931587,3.1937512034525315,1.1578043211243916,1.3124076391081148,0.7409279531925321,0.28252005295133775,17.925361123571676,0.19677787150770906,-46.870512957505724
3.4124193121785087,10.207133069949155,0.8334714086922743,0.5659545662859841,0.762173874046621,16.911770290628027,2.946343461006364,1.3116920048546585,1.2240154250231943,0.7554062639912792,0.006589632271213909,18.99249430005831,0.19849612794318794,-66.69145621546303
3.4327759587893487,10.431458684695114,0.6682907684114046,0.6974226900539744,0.7221561857389183,23.571822817676015,2.8623734593710015,1.2915769645240431,1.2144896280408126,0.7918975110111393,0.3566424673383593,15.923217953549244,0.1582167892209391,-67.83592437554557
3.426317424416532,10.760464119359144,0.9568004404974674,0.6049506465634249,0.7394671055129737,24.60673766468918,2.7261856767876744,1.370225782102993,1.1967268267633733,0.7789967684877701,0.060215524773021216,16.612104679795067,0.2122662738733806,-12.298287639222877
3.4144617982061294,10.82876300454623,0.8291448295442262,0.5960746475015544,0.7375355507530627,15.853111389905004,2.73765653577562,1.2182274719264286,1.1991741939312648,0.7126826168609204,0.2455382789627145,21.500618115534404,0.16911760471788673,-6.397562277515362
3.42253849977775,10.254355567156043,0.7423328988446204,0.6641662328645039,0.7710630112168968,22.514405340141163,2.789047009588299,1.301216546206283,1.3312448866252644,0.7803073441814155,0.036913147277855114,23.815063614696516,0.15986456521941253,-51.90764299462096
3.429585109677522,10.430481612101051,0.9146835639166782,0.6428701210024717,0.700467077822767,20.620984136228625,2.9781566732556466,1.286119620124911,1.3921726551952802,0.7133362350064022,0.13168341194128072,16.571984685395623,0.17497367621425794,-62.731293721139046
3.411137192877826,10.889619865565448,0.8855561012801352,0.6624315313141879,0.7592546420102192,25.14036346988601,3.01743099186359,1.3535305425349355,1.3144847347760569,0.762164223169166,0.23025524806499587,24.77477675536264,0.15192452161511183,-71.63515468441909
3.4176072195926173,10.142494638495327,0.7560264629267515,0.5934168989043513,0.7724796978416004,23.709046674448295,2.758210371067086,1.114947256722923,1.3733614242511942,0.7648283291943666,0.39142028476021934,18.519726439893056,0.2104746292574508,-10.336087485475119
3.4200327232758965,10.721727168732613,0.9216491333382218,0.5900112997372247,0.7285788675445761,17.668750533537423,3.200659573113266,1.3613567615636044,1.1877836176843073,0.7900551646627016,0.4419863616065309,25.758976176813494,0.21462950888320229,-93.47411920620061
3.4203477149602897,10.594465063591242,0.8433593898275464,0.663085700385891,0.7533484608968174,16.89688228741518,3.220756446777168,1.178900854811794,1.1294163685542453,0.7909433772663749,0.4653792059200658,15.081274840594368,0.20184982245679622,-1.9140152236726635
3.4342595880679236,10.357079008123337,0.6774826572912803,0.625818814040077,0.7135656287692871,19.940489984092007,3.22542967207624,1.2788327857345265,1.223498807797772,0.7607027264431359,0.19110612744345729,24.82207578557073,0.19337167709170378,-106.22026516370263
3.4304458416919146,10.854952529827433,0.8302871813218484,0.5975053540403401,0.7208326322535414,20.95875405332697,2.9654757104308205,1.3526051807943398,1.1093823735363242,0.7793639724067971,0.4706710592127074,14.994360167091827,0.1882544625783205,-72.32891656609081
3.4151313217229933,10.562922787204862,0.7382425037000995,0.5756587021291122,0.7528794399071006,24.991762531745746,2.7638183316177862,1.2337399618095832,1.1322840817094018,0.7996495104130881,0.12178312557413339,25.70086490959107,0.20165028610629648,-87.26819590995167
3.4367979039691505,10.064137302472453,0.7552469366522904,0.5471065873192009,0.7101405156565896,27.77287431509572,3.15139816454714,1.1028052794888727,1.2345651499006671,0.767188524434494,0.11105832656042051,25.020418224852445,0.1896782739487178,-72.09641913440338
3.4390265537462072,10.345432551450834,0.7213152543376304,0.6465844235131607,0.7266905344233212,19.508237509521976,3.1824189099381193,1.1534999418739822,1.212130959755984,0.7593439927569814,0.4555683549875974,21.21831125315694,0.194229264741255,-47.152303924862764
3.4132161525567613,10.205715927692783,0.9942526896932964,0.6495385811625802,0.7379364743298755,26.505561691003003,2.8807924057409853,1.30761081941741,1.2256581083894844,0.7344312182118891,0.25161627664002784,18.613797979941925,0.208567542670274,-79.00817949292411
3.4021067357303183,10.882557033341913,0.7874390411051402,0.6954880319534059,0.7187874086122379,24.109325880922846,3.106828668254613,1.2712409540582825,1.3343747003489654,0.75679742327561,0.4478298378155227,15.985850615110138,0.21263152688766854,-61.93737922459886
3.4096686890008203,10.266936018011181,0.7020150861526129,0.5429405069238388,0.7546391207296808,24.688690500319986,3.19551743707167,1.2143938641001286,1.3724289239453988,0.7408130114770309,0.20000541038955078,25.90734568053308,0.17676060973148633,-21.299914849151065
3.4113473382558244,10.227737542379469,0.9849355130725442,0.6116917436734384,0.7216920079359755,21.988592670930895,2.8721427328914912,1.3277650834266885,1.2525089270493253,0.7504274754268178,0.13723010198145438,23.15023090060308,0.21290556660136623,-123.59004723350218
3.424919425038101,10.827989048745893,0.8215618080999574,0.6674487550941687,0.7279733841981506,26.66900573778171,2.801719503314547,1.138995208763087,1.3668677129175761,0.7722916926508352,0.0522783856406626,14.16714382647275,0.1735793814837649,-120.46510708355709
3.406185264255498,10.132754073036304,0.94809296275995,0.592125161794878,0.7536521134515958,20.51774083210386,3.127394358494485,1.3933774306278943,1.361944177474209,0.7051782813402392,0.47890549141612093,18.896192008650313,0.2197943692080075,-109.65454380037245
3.426805630508107,10.212666196133972,0.8552585877078814,0.5672163860404167,0.7490924951716534,16.487818759508478,2.7627383932119347,1.2182598255230208,1.1085765376075503,0.7174082514710635,0.18690959151543868,14.58704323867547,0.1809419840848818,-37.26844777586619
3.4192575324809726,10.244711552553483,0.6986984016000228,0.6469060975404874,0.7082671562427846,21.59322461272369,2.6847362750099193,1.161857647018221,1.3736883017795685,0.7719851680680757,0.31907932337983996,14.650395201440848,0.16634640752848373,-108.16790416747949
3.4012524332431378,10.589089565480101,1.0298469803292125,0.6878202212345472,0.7576465920054859,17.94697039774453,2.8079722365474744,1.2576949175196215,1.1876764494617007,0.750290221945723,0.2618497780515843,21.6946752877352,0.18570441047334257,-87.78827403143055
3.418528534649275,10.115302668217542,0.8084987319129491,0.6545959816493939,0.7615961072112352,17.343527689590054,3.081037429335316,1.3797545340733395,1.2724373538344302,0.7833853560994959,0.07773921139251849,16.32898664128987,0.21414497903840524,-82.28113736051526
3.4080937998209992,10.373148248641424,0.6799872863956463,0.6621701898735974,0.7398781332466492,15.773426406095684,2.828970775395485,1.2741468969695877,1.3954795081369282,0.7088989380211586,0.4518692355019426,16.246131077473414,0.16815101589023795,-58.59280224947861
3.405004829293364,10.610212871923475,0.7846163117293053,0.5948069143537453,0.7084573636443562,28.122998694584524,2.7979983387506513,1.17319578083289,1.36989719969945,0.7993867285679096,0.3983688693709332,19.836450248695762,0.15102066014186744,-0.6954366345520526
3.423504319599889,10.745955094231729,1.0127964409720707,0.5741313213665546,0.751171455740458,26.064720111811464,2.6938621896610893,1.3966843852049895,1.286743204573986,0.7975060698768808,0.11284834509806978,20.35345039370195,0.17051533154646728,-15.277607010474526
3.434073924842042,10.219848839260237,0.8904035483501225,0.6454529505087564,0.7427334216663553,16.81507692536628,2.837079739144465,1.2160746999404166,1.1585677698706078,0.7385815627000797,0.0028335917187104973,24.539512254383443,0.1542083381175384,-3.7795224526928735
3.400943929684354,10.598578888157943,0.9794415755143582,0.5827695032506243,0.7243993101201344,26.8649496916561,2.9548044964476485,1.1555602061220196,1.2659742639154328,0.7974726885484713,0.20482358198160366,21.374385074395533,0.19863601467601363,-18.58587680821418
3.407546496493988,10.852717832938351,0.9825047582589224,0.6989707952341477,0.7032613000246583,24.400637678583657,3.0928514084332517,1.1128269922662513,1.3953207318632372,0.7640825542971965,0.24666249410327878,21.643672148736407,0.19222541055465361,-35.006057464212105
3.4165082858667932,10.019474522830672,0.7634313880120979,0.5502675409845548,0.757713140849613,20.884083530086023,3.2646642195517566,1.1012274597423868,1.2706253505868155,0.7278604732763805,0.058654250871024584,23.27930242519615,0.1818288567448498,-94.36374540302351
3.4396404405882484,10.256122163316464,0.82476245362249,0.5707097133744972,0.7613869262120191,21.335582003638343,3.040123146496572,1.366134472459451,1.3125882312787738,0.7726110956116412,0.14714803507372046,21.214747455616745,0.16700877017954766,-95.84269027490268
3.4078282671203004,10.815796089308211,0.8334058269829705,0.6396949335040438,0.7701834650460889,16.00688924585234,2.78986311680338,1.3866857081983273,1.2392479966864358,0.7339448932229666,0.2853545882479142,20.324614111121804,0.21357764095268114,-66.41124061125007
3.4040951622946225,10.049284343167233,0.8428071785860465,0.68284061899597,0.7464504666771022,27.695039167977917,3.122346017806963,1.3504296811742953,1.1016111486491427,0.7623095132932146,0.24095538691169247,22.87278887030656,0.1523047350463756,-63.17878833346664
3.4286670927723812,10.360740943790569,0.731565038894856,0.6831636842872677,0.7189915958148272,24.342083116501286,2.9272738067272717,1.201316830497526,1.2349399354256072,0.7854254721423685,0.43618265646615834,22.54601974496485,0.19022424828348494,-61.7823445014999
3.4031540763305803,10.759099603638614,0.9442816550494049,0.597233140731023,0.7442012675422632,26.717962658601813,2.7150129878688927,1.3120053405525003,1.257437328479562,0.7256093181003767,0.16834282373656986,24.11934088288223,0.15803644751322,-85.66516870068361
3.4292075196310767,10.898561586052239,0.9086262975184141,0.686694406007558,0.7159358364917311,21.270619616863833,3.01604802846563,1.3053989830601704,1.346250827676672,0.7881968054993316,0.0588214635623586,23.19735881819488,0.19098085213157465,-61.29141486012546
3.428189264416725,10.231840932629904,0.9194640372744336,0.5684968908900314,0.7488357720335685,16.06207771016887,3.0951942568641506,1.3017961385102512,1.182979193345363,0.7214960442119671,0.23430605113134043,14.688909711370908,0.21386649783362227,-118.02958659844775
3.427984312318343,10.273192724847226,0.7204649934506975,0.6781974392265404,0.7763932117198411,15.661988621040974,2.896741737272299,1.3265826629502682,1.2432959094718647,0.7905469454546009,0.3237721604884739,16.515089385945643,0.20345115941895808,-41.23838089695755
3.4078376737396554,10.694037989885953,0.8511543824780261,0.6149794174525238,0.7639099213933073,21.509056880456633,3.1193997274132763,1.1127320309995354,1.2265349599558202,0.7299723804455673,0.08426620510477908,23.845331476837465,0.19390723615994093,-76.49204773056215
3.4213615472511463,10.231029759290317,0.848962434453646,0.6879825900632728,0.7689342320220474,20.3880551445168,2.8622282880811305,1.372945257790917,1.3609661792823498,0.796533489796779,0.16145816048526548,16.70994431389779,0.212802483586928,-37.504020016554065
3.432737767098303,10.850177042214346,0.7249665207551821,0.5775970098873497,0.7362166224526582,20.632126690840998,2.692623019582306,1.2664371149264146,1.399730325080925,0.7261178839977491,0.15450008011717822,20.62814784950846,0.17731995920499427,-78.68721901305463
3.4016695245775526,10.86367777387314,0.947458374918472,0.6967194465403723,0.7147110130181882,21.865358322163548,3.050281856674192,1.3531873573528874,1.1369405409953959,0.7219757934500675,0.16108924945472233,17.605597021604733,0.15719223265247295,-64.32174945189306
3.4162786244667007,10.455692005841788,0.8406229547125914,0.5982079980703003,0.7313417439508626,19.104279746982474,2.9807050547033747,1.381105117873023,1.3869959177169469,0.7040280016173837,0.34173174522494665,19.99895943524818,0.1687477686150124,-43.248107003737786
3.4000865957930615,10.031322893346017,1.0027042873151346,0.5778282427960204,0.7142769848485432,16.030873056890485,2.821886207682079,1.2437022138985956,1.2907621873421196,0.7688484842328407,0.255511831828722,15.09219210474582,0.18623628562976494,-51.9829047680508
3.419083773499881,10.424487106699674,0.9644420237411352,0.5846690247772351,0.741739600833287,21.05030015977028,3.1366889577137935,1.1560413610899836,1.3375588571615324,0.7114129260502614,0.3964089240832211,17.719761800363205,0.2121807144418921,-21.46152520840546
3.4388826276246656,10.895451803004168,0.9947196620335073,0.5928012455316476,0.7086723028705304,15.309888132752748,2.950644303760644,1.2203118954227823,1.328567248422068,0.783530596451961,0.35741592808632244,18.769952171249997,0.19881578869925473,-24.159751021522965
3.436847234365861,10.035808499579822,0.9314927499868846,0.5792516896254915,0.7712573742757544,27.931129298002638,3.0778059648213922,1.1959497617142698,1.349195301926993,0.7871770011179329,0.3810140735864143,18.742805606693455,0.19400669916110777,-37.42127757418744
3.435790685799654,10.618227762939327,0.9855474161136937,0.5893217767391904,0.739740404464858,18.120359213826102,2.6675981233202704,1.1140113900827857,1.2414379328785776,0.7771383998536061,0.04338412016181715,22.33382628891632,0.19962307098182286,-109.83899241739215
3.4244645122629405,10.546834340501215,0.742009242093525,0.5637433251045476,0.7077784640171629,26.312649564310192,2.691293147925824,1.1405518159699142,1.2989852175342655,0.739211355473767,0.07293297552601377,18.60427008671328,0.18611591252559367,-94.0639674993489
3.404109140988415,10.12240555530775,0.9175475450213096,0.6989125241567898,0.7659522663702889,21.07282536059075,2.856904201692784,1.135479903020366,1.2718889054179097,0.7502125602371387,0.07565038461154266,14.532207374517732,0.20905315734474597,-84.70140936415862
3.437876005362188,10.302311717973602,0.9692671663710191,0.5507493478879406,0.7706208979157797,20.682925270816774,2.8841604278046744,1.2387289334332825,1.2011347069679024,0.7910064369789813,0.45488320665717935,16.647034422306426,0.1985752774682821,-73.58740151284387
3.437015838308372,10.003362787590682,0.9758045247961857,0.6395703832404164,0.7676624083112189,27.952955811587557,3.264854236252783,1.3107935754812963,1.2725479308279652,0.7671493395654034,0.11399560229876028,16.52764496331894,0.19439969476130417,-26.292946796937755
3.4350881690479103,10.81262652037874,0.9992614166274534,0.6927582331626203,0.7094735960328008,19.295645180065986,3.2787444928865406,1.1556068671977766,1.350561475457149,0.7438035898140699,0.23902778778197856,21.046229721650548,0.2068954326697009,-112.6682972027763
3.432579342367971,10.166090846455555,0.7302197714289497,0.5616202271990596,0.7152034371768177,19.691067802001932,2.7230953113372225,1.3549691817876124,1.2130313048895824,0.7239503438393883,0.15540860887525024,19.39503204880801,0.20017262763253002,-49.49468342359525
3.4084621281265135,10.591500472286802,0.9352034985046587,0.6793132217681519,0.7743301841811724,23.107744139177807,2.823806368968164,1.2424694794257833,1.270308629988838,0.7349841335639011,0.28140472106748193,19.816276864164678,0.1953554455656636,-109.60774569808416
3.419137948215893,10.621966368556423,0.7168209704408417,0.566991161871978,0.7653028116186561,19.166399972166126,3.019815026042669,1.3717142939843208,1.1007137408636072,0.787917624804067,0.491412578323745,15.870854093731818,0.21881545849156386,-123.13125691648834
3.4001464159041417,10.397434038875678,0.677713730920151,0.6873013230576446,0.7391149375020799,15.83537528730894,3.1286128372750017,1.3636207011641477,1.3684958080131386,0.7816740731110037,0.36122009985896364,18.147700502767613,0.15359925686380632,-69.15345503645267
3.425938640872451,10.88281456085724,0.7294299119906876,0.6800979383616093,0.7648369900695412,17.66576988648377,2.998257417874644,1.1300304556901308,1.3865283411058802,0.7912226751473221,0.15172900490649005,15.109229046074475,0.1710280498966814,-83.4322743720852
3.439792546629953,10.245443750107103,0.9190649444981002,0.6766948862711393,0.7579571864160649,27.654459946013326,3.1741995589072394,1.211288095428856,1.2601074096851606,0.7576558569641282,0.0035456781492840357,15.491851856625768,0.1823257620511945,-13.081737273525292
3.4361300686983793,10.325804499843949,0.9046068114841386,0.6181326601025119,0.7332964996779586,18.940990763358403,2.777761735080648,1.3793225938422438,1.3630517816886376,0.7715993488651627,0.26274823835527844,14.788062845983768,0.16230023765939303,-9.12658153520023
3.426159581213782,10.214977428226778,0.7457177018825869,0.6106251795503341,0.7233325578322668,19.738560412057993,2.8096973294663568,1.3663315931877726,1.3573334294505492,0.7943290805503044,0.41067471836722536,22.352771316679487,0.18632834516568883,-60.25360378310795
3.4171839033227176,10.61309736055392,0.8578570126532398,0.5402734648695784,0.7047250643436934,24.877477686206845,3.1938708085548155,1.3036013496281855,1.1015670725888957,0.7645694006280472,0.018146509915719714,23.683880483774914,0.19898613594010642,-110.21830967003729
3.4323500885681355,10.482620766857314,1.017619708105158,0.677830763823505,0.7679814540682413,21.67674730115565,2.7156112487350796,1.1703028803693631,1.2919289793584543,0.7862457892258097,0.17010699844386432,24.713315373036135,0.17227872107823772,-81.97774032100776
3.4261132533618697,10.78312332273569,0.6888065110314232,0.5708789228475096,0.7398991081703339,22.91217111836129,3.016150081045253,1.2492363386751215,1.115322197552156,0.7618304901076473,0.3856773564474223,18.620811511940744,0.17825065077770672,-47.253081986157156
3.424964446562535,10.895608457286642,0.9226707529676684,0.5842813235633133,0.7404491508642699,23.699990899646984,2.870631722359384,1.2171271151335776,1.2246049252160867,0.7610177538742284,0.23849047596695533,18.330237784042975,0.20854258782042623,-105.83927259718632
3.421495975117016,10.863824039150119,0.8621764311442153,0.6282845912775115,0.7145953774280366,22.90521485211132,2.800064374355438,1.1505427557037484,1.2568664890161545,0.7766474563646711,0.45866079559336764,22.368190801880353,0.1831133181931154,-72.63958744323924
3.4308549116511635,10.017736594586669,0.9590976825493356,0.6475916797164161,0.7125875519867974,15.447603323290025,3.224324697378136,1.1557705700388554,1.3371266475078918,0.7476336447256984,0.4104321105041488,24.65303695606083,0.18141061296666636,-43.25871959434974
3.408666864554921,10.497302057548962,0.9881196625882422,0.6700829725546024,0.709208095315824,25.53510102006532,3.1687123007686044,1.3846833425107181,1.226457180038121,0.735594794303646,0.45792792218686384,22.378644934417885,0.15232631799751878,-120.51839713785769
3.4036965706754287,10.664328684696025,0.995415126153176,0.6966592587060273,0.7317064531946068,28.354017113419594,2.9671109801144975,1.2129184094480907,1.337830193854981,0.72962999128538,0.09080771705861972,22.613486043199998,0.15675189395083058,-64.67792501209513
3.432532042500973,10.427348862235888,0.7526757290723108,0.6338145870987776,0.7253621000380891,20.887167205923948,3.1569712447619476,1.392588697382858,1.1671975702315442,0.7078683324180178,0.4427979022154486,19.87058509150811,0.21974995249076112,-26.13075112554283
3.4072485140452997,10.05146178484907,0.8513646210406032,0.5472723815034236,0.7097678119907509,25.11881688308941,2.69916402884271,1.2939916481733402,1.118551998588319,0.7281519427158075,0.06849992706296525,23.097492353118984,0.20367375126995949,-74.63304978467701
3.4319892478436604,10.272104607510324,0.8996958498318164,0.6554718614594728,0.7252451206748287,19.38479778578941,3.079438005252374,1.2836153667814731,1.268801433693437,0.7138368114579837,0.30749632597416665,18.977351104930396,0.20753305155007443,-33.24635824801989
3.4138503475675606,10.046209413724055,0.7011854157147257,0.5547147658220575,0.7034710316188527,20.402778127955354,2.95773534270677,1.3052342243080233,1.219579766862073,0.7840871297205809,0.06470223344241498,15.16127695809892,0.16026995882512327,-88.62251994993103
3.420834441741291,10.53705104347809,0.7909032039735541,0.603126094868437,0.7117961714584182,19.984245656968817,2.7652376109434305,1.2477022246641265,1.2501238150718457,0.7123462866869537,0.02806615427301687,24.028945288975976,0.15189646292088996,-42.83308217226556
3.4183498890344395,10.245618307365596,0.9666361335389724,0.6137260027571093,0.7139251923420921,26.9988729870092,2.8200025927859063,1.1105336237653773,1.366411310538999,0.7128146271709623,0.3242749557177914,17.05132962604916,0.21203743004019093,-88.71008157400654
3.4350283954955247,10.339552770824174,1.021128139874513,0.626470040084407,0.7561172172599648,20.090454943495946,2.787772205562832,1.3416347389218322,1.3793471619100457,0.7843660296631355,0.049213120529643085,19.729037095290707,0.17742430357016087,-75.52097201680743
3.4131857628096007,10.172015079456141,0.8408630456087467,0.5471734709886472,0.711508708414889,17.754633811379257,3.012343404141683,1.2194072086072167,1.2436447300214737,0.7149407161830175,0.47706868299352406,18.248728771614573,0.1750147407424412,-3.4123854766546344
3.42902864084819,10.083655675242635,0.8700046201082936,0.6172550007242915,0.7673889129501127,20.85334109384257,3.2659697591321386,1.1693793241331023,1.2746351280001909,0.7481770910290095,0.23822206361791465,23.952785339935787,0.19854605132788766,-62.694641454534874
3.4367001285799064,10.663047935118561,0.6821388478740041,0.5695524186707404,0.7593666478377852,25.59689204338227,2.9259314742109384,1.212542467039238,1.2856787938924243,0.729751668272324,0.411430124363208,16.61307209942277,0.21225198710930468,-11.768854583295692
3.436109139272499,10.885169341066657,0.8963944632042677,0.6031468820720676,0.7070898911413275,21.20794601978442,2.6951557023654096,1.1321667675231604,1.2229431492866456,0.7061668597185985,0.3602503535131417,25.041790886496223,0.16281574736241317,-21.20907427132383
3.4304094552291957,10.429119016315115,0.9697907978009638,0.5940744825408383,0.7757335033378729,18.46451498729476,2.948443973800115,1.178601094382169,1.3832371183034362,0.7074518803951424,0.08238715173548423,21.48848080675336,0.1995788266529471,-46.533882167553315
3.4267301460525683,10.405630933360394,0.6694428827241983,0.6868270662992797,0.7183042588581029,26.923245770437408,2.8743664882597773,1.1882550581315856,1.3228806180895394,0.7831509467744097,0.4936431979582407,15.830958924057352,0.15197525872680634,-32.981061302734744
3.4067222198775564,10.21527336787202,0.938849170696946,0.6594436552200262,0.730332600265047,28.02943855272202,3.2487793848643434,1.2284495228250858,1.3328064206255277,0.7229699270893406,0.39600726211946785,16.370711267481095,0.1524687730666391,-71.8056595322291
3.439914896069067,10.755620885499445,0.8515813925024349,0.5549778380054846,0.7089510208522701,21.16507588131328,2.7425728338921402,1.1206934396303243,1.2091344910348425,0.7756960074244849,0.4546769947258785,16.46389193956119,0.17338960893596853,-50.90312804946832
3.423118061437309,10.075243483706698,0.6883360523574577,0.6572585554324527,0.7694903992397119,19.973168969433537,2.74507176875244,1.2068552316159207,1.2601198973134076,0.7006097003756474,0.1611533294202701,17.3757726367772,0.18139760957066986,-7.491240050219147
3.417546512697684,10.403934272944067,0.8900454672110596,0.6196273065390481,0.7713629737880336,15.643469505179567,2.9660153018112685,1.3958887503125472,1.1669060709216503,0.7876262912491826,0.3506277061247468,16.112007090005434,0.1782330657993987,-6.534031025135263
3.404084314809163,10.528164260007268,0.6714725206658725,0.6148921172491918,0.7638731490856158,20.770040870249645,3.1659358090278884,1.3702989137820185,1.3540998292947424,0.7942922351228308,0.14092975372251407,23.664132334948086,0.2137327034195209,-38.76734906237904
3.4217063042414186,10.370626475363059,0.7167708446405447,0.6574490868866378,0.7610461249099135,21.212632462609612,2.9377559346478095,1.3345604836759524,1.161953638951975,0.7118453988218951,0.06025016353950889,25.23321568271405,0.17664408366071108,-78.25644969714799
3.430654897440858,10.321217606633628,0.8702795698381602,0.5511974216701501,0.7668383499385744,17.9063633109359,3.2351085519409297,1.379974399798758,1.2293932534702086,0.71593199322992,0.08530392647627791,15.32037182994263,0.17406006209128996,-12.8114117770252
3.4311874725904,10.175909788522985,0.8678457603522697,0.5668547560000408,0.7507759334844359,23.2433867574575,2.6875595554496883,1.1647063946592942,1.2024379617907415,0.7182128289867039,0.3403186691671144,21.219319661296243,0.20991728561205428,-29.401435497317266
3.4127430367852463,10.662459109189612,1.0244387305985252,0.5637700181173023,0.7789061852472978,22.34007481610694,2.994870796034666,1.2344711971713174,1.1273031728068987,0.7599161725286129,0.05551698028292252,21.9252746990267,0.16574544407446884,-51.46158398730255
3.433148206728395,10.455519680183313,0.9008357271375675,0.6259404592244228,0.757606735997887,20.49667950311375,2.9621851962775216,1.2914969570433297,1.283328862691123,0.761794588860883,0.07262063215568879,21.78781716995627,0.19846959724732305,-69.12964441441903
3.4332817400051154,10.314193472667332,0.666454978347528,0.5427707872311711,0.7586740899683744,19.450211456961764,2.7699206408524875,1.1367321176480383,1.226338897024311,0.7388805678104836,0.08811082137884219,15.42624962075895,0.21871978610082937,-118.22005113940773
3.429859696289386,10.465797654324009,0.8893076658656771,0.6409408275696511,0.7471482599917234,16.628015471018745,3.036145858272761,1.1532279231102158,1.1418173196165382,0.7856356856269884,0.4847111011293476,16.162897283715793,0.20201991266866748,-123.14097545358621
3.4341419474454637,10.547982447304326,0.6755352673867207,0.6594799867696757,0.7476023901357495,22.107402992574865,2.7719359467989513,1.2383915632707656,1.1295841138776794,0.7582634546290312,0.12416248442630173,23.556623865041338,0.16283493582809808,-20.267694286530045
3.4183476751811512,10.670705750335253,0.7659485494708009,0.6885466563015206,0.7553075181372837,27.904280249359736,2.808715745513137,1.3542185566560647,1.1542708683552438,0.7997964366844226,0.2421770788745636,15.292329644085228,0.16582997876906128,-33.54168103945459
3.4199898633115167,10.499412386371667,0.8878762509604972,0.6248829675552429,0.7081586166925151,27.486483735083368,3.008952500135008,1.150245726950509,1.386308917108431,0.7203587175565469,0.27483772031114007,20.561690530354273,0.19054940139909762,-94.02678610956747
3.413171762170776,10.521607321874578,0.8515447969234634,0.6478409685141902,0.7767674939224787,19.877480905727857,2.8449347771802684,1.374392071737575,1.3920476769855603,0.772361829807376,0.1287729174372815,18.01825494648329,0.199852202730462,-82.81112586824888
3.4076883044627286,10.724848587769134,0.7083910938713953,0.69560631662644,0.7655981928814354,20.44213028461947,3.160337040760231,1.3409109449633907,1.2036895653069548,0.7129211442479175,0.01316565202131361,21.36342794528754,0.21015016368296485,-92.49660586096425
3.4135183155172495,10.15168224449283,0.8634659553227002,0.6020600130842554,0.7405262544630073,15.892295944179958,2.7701876910687,1.1407801097165262,1.2420633455273031,0.7983842273142986,0.022780367943255234,14.260801867786714,0.1855873148382565,-72.92839578629422
3.4332576953357705,10.558620800345345,1.028662082000279,0.6661078571498396,0.7347810994886047,19.8160379704448,3.1639400784339156,1.3171750636065864,1.3550204153039327,0.7818385564757899,0.07257216150010287,18.735199374584862,0.15346247624743967,-93.98157122801538
3.414985579321556,10.115810666329304,0.882437244960405,0.5695787161213655,0.7095097191440934,19.37600397210003,3.000444348995444,1.2969734789073015,1.1304621549635603,0.798969704364082,0.3782533845346902,14.39378955642696,0.21031850633322247,-38.21100263277117
3.424962682852234,10.479735589928342,0.8019557301229493,0.5992330088412404,0.7131037576023892,19.646646118471562,2.9081006300222225,1.2288414884163132,1.3819754276032428,0.7873368031356743,0.2640365007453072,25.553137891137233,0.1539106058134502,-23.516747953709682
3.425298644513817,10.540165310669304,0.974085534999416,0.5423124892144268,0.7788806261022841,27.52676179912592,2.9164309577631053,1.393904902589373,1.1549997796745124,0.7266691756376867,0.21151849030457925,19.627359097054203,0.20542834563313345,-114.59924772154992
3.4269798290866724,10.840276049411136,0.6823052592542419,0.6661787192550588,0.7127971251936863,20.53406837505965,3.1236427321709264,1.380047102897866,1.36862733327283,0.7389597046999664,0.3124155434409729,19.28372386285275,0.18338227864705597,-17.021245765514863
3.438534315653902,10.678041664783017,0.8598794274273639,0.6303260090635044,0.7093056256142295,20.954827308447953,2.83958048213149,1.3652146825618823,1.2854791513536603,0.7968488940477336,0.10520777585731679,25.209097973965505,0.217890751922387,-42.861361521944815
3.4056110012857834,10.292401304865349,0.7647963285594138,0.6111899340982672,0.7734770037901022,20.249648292166533,3.093229388200186,1.371187110175717,1.3928483248396037,0.7872125435574726,0.03277045699838021,14.013764552213509,0.16624391697324353,-22.746373261380256
3.417186251567656,10.572628294204458,0.9489277164351777,0.5898054020221597,0.7656543578154206,28.127599136991293,2.911929512260635,1.2106059990367142,1.1052127290404765,0.7223602707782961,0.1472402715372999,25.651490972338614,0.16998731772443426,-113.21154823370784
3.4083398499456363,10.704832940551404,0.8163471862930509,0.5708556666198309,0.7029218401428644,24.533776075762226,2.734855641312834,1.1173440260997396,1.3388445697963745,0.7703217338334184,0.4152830104278807,19.04852418376229,0.15837370848651905,-22.627780351342267
3.430944507469534,10.479216126424317,0.7535945674551161,0.6651736077719786,0.7044851651840778,26.892674221257973,2.8290209985713877,1.1297758388527608,1.3754574508909965,0.7703624946081755,0.29802186817938753,25.782570569438345,0.16227142997751276,-77.70473008718128
3.4321690451824782,10.199556423061308,0.658762754494373,0.6098167054269859,0.7581388058369548,20.74114537445353,2.7943395040692023,1.3918931540754906,1.2286652174265964,0.7657648283921121,0.31070730491133164,21.221132377497625,0.1669559999343935,-41.81273568660822
3.4354986120828643,10.616651860186966,1.0199691450706216,0.6066913946512958,0.7117407797744549,21.1747456315849,3.216690308497323,1.1771712082314052,1.327825901345149,0.7858518534498211,0.4918320434969961,17.160358691883943,0.17163622838047338,-113.3600660589003
3.4072979924985973,10.841452284557656,0.8279812099576126,0.6015753734318438,0.7711004643396737,21.54362919245977,2.8390363272920327,1.190516174275799,1.1330117389822405,0.7660710442903299,0.4134309063352806,18.815629896709346,0.15884769339274232,-97.21509627848893
3.402309122783565,10.189322423220215,0.7094047624061266,0.6858858655525711,0.7528037197997199,24.38966409031631,2.7363466478257474,1.2560915561367887,1.3695633215886,0.7638237778745867,0.20893760539606568,18.58615055410995,0.18926240631563776,-28.881231675770522
3.4304684024260186,10.823561233016934,0.7270092875416854,0.6188250455367922,0.7644923997063872,20.940829151488344,2.812504684998468,1.348760623242084,1.2449664882639921,0.7503742791653403,0.013493306818846295,15.617557595324078,0.1562660769395387,-49.909528408244384
3.4043342154042295,10.511487384129959,1.0000421295144228,0.6733183748483471,0.7615524131815445,27.592777626569063,3.2730460573956712,1.1835138884427905,1.2456948262162382,0.7810122422163168,0.05931772923559966,14.190071880787286,0.156826343280201,-52.61844736970865
3.407288638120976,10.440250088590295,0.7085844340144997,0.5896667547258206,0.7746527716067256,18.029730173071407,2.9544125206500564,1.2307572509266316,1.3957309172901213,0.7617048554257317,0.41370628687276706,25.372121502487474,0.1869584490234133,-15.271933498364689
3.4067456186137974,10.767075846437672,0.8205756008201412,0.5457656456870075,0.7795898855081387,15.353151734951407,2.683416380690881,1.15934359844391,1.3108107714546773,0.7101159025322528,0.49054297619270654,17.989702592456652,0.20016394764461082,-20.456388579166813
3.4144327593554427,10.324747763629789,0.655343248080762,0.6747358494992048,0.737338724118233,22.006609264896966,2.70066619576681,1.2042019134362343,1.2850839269343726,0.773713149734671,0.34760009043886636,19.303007170109876,0.19217473343415073,-114.32572606322299
3.435132399356047,10.43630308529265,0.9679908003193501,0.6717692054573672,0.7153379460759673,17.451927425223985,3.0799398392758777,1.2146013634445547,1.3265767767254708,0.7538520242639781,0.418743471232129,18.69957541911608,0.17318163208622755,-69.13853424186325
3.419618947019865,10.1343798227547,0.9491326313901323,0.677206012237564,0.7448020558968375,18.954896209805135,3.0239837891973225,1.1552538944066235,1.2628827024205391,0.7281941774464867,0.46619131063600583,24.692831047265486,0.2124129880174348,-36.27982286794392
3.4303836985230673,10.490356876949864,0.8141096946036641,0.6727877282026482,0.719816411121304,27.77741323267344,2.9879612345750717,1.1080492996202314,1.271831562685367,0.7053287751544273,0.4440331580148713,20.495901245120542,0.16224521333386877,-29.772879643825704
3.4232183315728006,10.044270933194525,0.6686502117309953,0.6346965117928023,0.734972355713371,16.569608986215652,2.962855527200868,1.237292810657862,1.362814464624252,0.7888524721726808,0.16655793753961978,15.21647102239255,0.16055397333291474,-22.833382104337133
3.4192307027352236,10.846192549098852,0.6915308950256208,0.6434582329946963,0.7120472962616358,16.22656609135151,2.658868238882792,1.1026256732325628,1.1230223522378686,0.725655278870859,0.1427610265972695,24.371635403797615,0.2032741499492093,-115.7450176764946
3.4028561704039384,10.286600684653633,0.9173856531440135,0.6159462951827942,0.7686699587810205,25.284621967290374,2.9905914717598643,1.359356417970727,1.3031578652960427,0.7453493715349258,0.19666362566541565,15.862576906074008,0.16940612298438554,-105.22262241128684
3.4039072172767626,10.47674725118839,0.7036395891303573,0.5426480979606135,0.7017835064622544,21.690732952196782,2.8134415658208476,1.2195210536269914,1.3266860129976707,0.7610787990460038,0.15508876352114742,19.192368738161548,0.1957438712403385,-73.32995866102506
3.418142820345016,10.54362722370078,0.9876492151230278,0.5484499331698255,0.7056507171390297,26.243532836275925,2.930088040514547,1.3318565687533754,1.2959922319021162,0.7378088577839647,0.35365989597685976,23.38034354130823,0.17183646300453953,-91.96839170679087
3.417285004311194,10.249256269938984,0.7486069981640171,0.6808619621033669,0.7552540983990699,27.225047483334656,3.075783006122225,1.362376512569278,1.2828810001237996,0.7877828382272077,0.29572256488001175,22.76248959322528,0.1818316682492648,-23.956301776217956
3.4381391946079662,10.231294413041445,0.8114288813110321,0.6641034759880005,0.7530169582305279,15.958957998130451,3.133682990875879,1.3948470037418912,1.3282389957146916,0.7508750939419498,0.08226924608334552,18.113433243349306,0.1738697616442067,-78.73537510816288
3.4350265839938383,10.645298658207338,0.8226019749920183,0.5977840478671465,0.7151273686224496,15.396064261621932,3.182106904329819,1.3997804973466783,1.2576794291522841,0.7450484833508129,0.31566802089443685,24.26786239910485,0.17904484182026947,-84.659877029029
3.407952647763986,10.809112343719027,0.6978339561149643,0.6592263913616165,0.7707526942256477,18.35665589376172,2.731058942219475,1.1329593826183404,1.1605878482804752,0.7519700287548541,0.062165812295736776,16.86642424433822,0.2134085690053809,-44.82712457978542
3.4038853793164363,10.534562209675197,0.7494713920767806,0.6520409935473918,0.7620059020235112,25.570447194410875,2.8661521913770827,1.1283242958306055,1.2132928437726256,0.7256205004566638,0.35447089489413897,16.230270218630405,0.16179787301898382,-94.56456472491433
3.4173158692052437,10.538024387439664,0.7361430119957275,0.6510910511653792,0.7601889804430394,27.34173785541132,2.9892735515362685,1.3233025157863727,1.362285535555524,0.7527066796215349,0.4506272817329046,21.337954860412538,0.1872420125492319,-21.0966684211392
3.422749226067752,10.62602601913291,0.7558820939055652,0.6279823010601107,0.7519507850950752,27.759357578474322,3.088360058362315,1.140645913125513,1.3804597771353135,0.7460090252267974,0.4071335311252642,17.300567336450534,0.1587943219604233,-16.096334572057586
3.4233387519897516,10.02657168342235,0.7854260476673467,0.5986642899114322,0.7235755833306378,24.731130728933543,3.008285862252687,1.2533720004980777,1.224125704384254,0.7984336649396508,0.20606011060827623,19.973972082859213,0.19156400196210882,-37.713007175231255
3.4188161618366895,10.4616343177825,1.019439286673117,0.5536758753638488,0.7071494956396573,21.43039375972176,3.1965129120427553,1.2875820820700452,1.3044329022601115,0.7309667105564412,0.32819813489244953,20.930387475278124,0.16506268274747224,-111.64185226533776
3.4076309186686458,10.763244671816043,0.9761507080717421,0.6170441645054918,0.7542162877243969,22.756138319359767,3.2194000073592717,1.2226216141094686,1.1645468074465097,0.7403172072063281,0.46202783975127787,14.98704978602879,0.1678292572950402,-7.645061298984828
3.4368232325887504,10.287039055739244,1.023027956134548,0.5498867790466304,0.7200832032689436,21.955545982133778,3.2303113806751993,1.2274815856677899,1.1183132406651053,0.7098213188395682,0.060972365675520813,17.341300229695335,0.18814185812598344,-10.504182859033278
3.411123042745485,10.45759006375937,0.7607394534346524,0.6052015239816163,0.7608532607156077,23.748196722513963,2.877916032068416,1.1889076392419435,1.2882986058200776,0.7405701634993753,0.0911568724242739,23.844011402786066,0.17177783565288837,-21.86369045264523
3.427334026044869,10.354930195413639,0.9082442326133565,0.6860355358273736,0.7229422793176591,20.06724827621174,2.7806397260479585,1.103555960376363,1.181213549877129,0.7237693415252177,0.48736083801971947,20.057776711401264,0.2011036384467487,-35.79308466385285
3.423231014862574,10.073269009930803,1.026745207170623,0.6817326415309717,0.7135985447512034,16.616237274850498,3.0257629805584414,1.2519714963933952,1.3442857356997273,0.7023011992709876,0.05001752206228849,20.72337204206837,0.18194346336804268,-37.156263581680335
3.4137989069382715,10.806785908210784,0.913335488203922,0.6994313858323022,0.7261193895797106,19.193602598885697,3.151612161858653,1.166722339708817,1.1415363260045683,0.7247702513916688,0.3024133074326107,25.341787085841247,0.20605172600937977,-7.717020113617139
3.402085549090398,10.09076695603951,0.9070990694435771,0.6890655830272547,0.7300374720877404,19.607302383085578,2.6535490081493625,1.2213549126788596,1.2189014148762756,0.7725733774471804,0.4799552661120916,23.753238597405584,0.19489685686529065,-105.79658241528801
3.413991683227751,10.444766896154853,0.6730535276685236,0.6740938961405563,0.744994932482407,18.761509403087583,2.7697847521298162,1.2525577072024698,1.351642541233118,0.7721239440298772,0.2550473098704363,17.777911972995707,0.15876599855991286,-68.50662331238463
3.4332381755280945,10.546584165391392,0.7937801875147418,0.6863235878148216,0.7718698858930814,19.40608665851125,3.1920646569739755,1.2100769822120212,1.382890807675401,0.7850587656200382,0.36506707077942707,17.25885092154093,0.16791524449304757,-59.68724361816224
3.436272407616255,10.89761278146197,0.7541915900076575,0.6022814903125254,0.7176484167223035,24.202882051347338,3.0843614175810186,1.1985794940304877,1.2814369659631542,0.7934968364213838,0.16938909457010393,21.153530722520905,0.20309452953195278,-84.74660797219674
3.4309413464639005,10.006363744965189,0.654684246483029,0.5998488570215997,0.7020283534632548,27.445097965794247,2.96994717160749,1.3190463215300599,1.3126891312596582,0.7509894253661922,0.28710961669818597,19.279234261346563,0.1706328369860423,-93.46833729281593
3.429850519562806,10.313106641018635,0.7252764898815032,0.59230009605347,0.7293370144420043,18.12442725941715,3.0340817038788845,1.15575555259932,1.1423013560845838,0.7029744281887463,0.16953002803511075,18.02360512706634,0.1552917138400791,-27.583376660555544
3.4134629172945585,10.091516467583215,0.8600741681182531,0.6327670536522492,0.714538855111453,27.68300178526995,3.065483218701221,1.1329867182526352,1.3884230197857148,0.7146532806616709,0.20324526672471493,25.233111466477496,0.15705622808627853,-100.52280927176047
3.425506172669814,10.35979377552228,0.9573525032201626,0.6060862947079082,0.7312426988609757,25.986053291379662,3.191635047533327,1.3896250724417696,1.3011263832031814,0.7395956604403967,0.22361451470316304,16.01397757395336,0.15205757632252345,-25.078086376115806
3.4213698145126825,10.447413969041481,0.9372369963486745,0.6634642444211913,0.7089569718981624,27.648668728217388,3.064206346551907,1.1957049462651725,1.258877158920549,0.7907260590427018,0.13831694743311745,14.148004816995766,0.21178909411308364,-109.11662876744137
3.4366101123708024,10.50446193281833,0.6513524307620338,0.5542870999522836,0.7457175930976004,25.09296548117274,2.9273749338017536,1.2356892578312515,1.165215271100747,0.788899891659255,0.11683090064493591,18.51438345643836,0.1808471543404676,-51.48059555357183
3.4065679430567637,10.074863395897287,0.8220018980466923,0.6431591667737164,0.7472390080884502,26.995804951561638,3.2693742251243094,1.2039325464480422,1.3849676325689781,0.7236802728357693,0.4010099160782066,20.739527107812464,0.21515328137614054,-47.786043633839355
3.4352959182837055,10.350169101792206,0.7420894090431136,0.6332441071295846,0.7617490463372517,23.50857655997968,2.854731484322682,1.1360761404691746,1.1688971512793251,0.7516181270464805,0.3498384972271961,22.507306174424585,0.20337779958448088,-110.50984044040003
3.4038036379829943,10.140133773513835,0.8139164535129841,0.5419468418966408,0.740128548795099,25.50413586157469,3.075529042990662,1.2118453592758556,1.2735926732742482,0.7197842301427342,0.13454914056105227,16.804895125893726,0.17911372265006786,-17.84674578167396
3.400857453541417,10.89288021806794,0.7117652305620659,0.6722629761675244,0.717492252067908,21.834710413862872,3.0217126650922417,1.241036316597133,1.2156063858609985,0.7735079584193315,0.4219068692094324,22.48119033068082,0.1922376880886107,-88.58376578280851
3.4369554339740187,10.44819983601417,0.8105500568766137,0.690990682112122,0.7695797929254823,24.790860431470755,3.27193569493265,1.1003191240511436,1.2933637498235377,0.7500370651015026,0.2223951299579273,22.955122292851314,0.20004607286087892,-16.631320982126894
3.4229866428415,10.67837223345546,0.7140443431866198,0.6057129389904178,0.7606327353798524,27.524099566189385,3.192791393197531,1.3514981741643786,1.233580353989881,0.7695045719270062,0.3022023508711855,17.396001682019858,0.19801132648099107,-76.92903424062118
3.439112087110835,10.00492542921604,1.0283856266050366,0.5628979390172272,0.7729558863956073,24.50361612906374,3.184988892336123,1.1349385863648378,1.1710234295472455,0.7745142401547938,0.05496475849372445,15.358551907173792,0.15942617816938687,-101.94303539235612
3.433308211627247,10.584202520784777,1.005694303563394,0.6260942166123253,0.7576890211980849,27.04618048900103,3.1961064837623576,1.188563022031181,1.1344354687530753,0.721920271682624,0.12029745349004556,20.035607048816875,0.15836706913449622,-80.69682652364037
3.416678786910297,10.511206860447908,0.6837906590724374,0.661488786794559,0.7220070284544049,20.18920695484632,3.229440531690726,1.3034244163721378,1.2691855977649245,0.7994401474093279,0.06439170408802809,22.04816666255101,0.20845151458320932,-100.59922044505694
3.4141702725521164,10.45632977667592,0.8416118483534267,0.6346174518924197,0.7169701189440393,26.181040938935375,3.244136656908468,1.3117369054868315,1.152646920830183,0.737593641287984,0.39418940510049855,15.971567793096444,0.2042949946385612,-98.89723499142514
3.409933439091287,10.031504272925547,0.9824652687305461,0.6283232181372754,0.7107870963901034,25.35876050338867,3.203722502878742,1.283945463007395,1.3521443493990473,0.7919120263316897,0.10886877618616703,23.222269753520376,0.17558708346744145,-89.05276028304439
3.4080875203077414,10.243949012557167,0.7012698801552454,0.5726271827901674,0.7493725821047851,17.772762448972784,2.8188403207113626,1.2768021012374724,1.1290445315096453,0.7533693624767833,0.39790755069828376,24.33534747773531,0.19033778027339232,-8.533406802211303
3.4243146426635644,10.320215820535124,0.8673806138858339,0.6724502986666198,0.759322686896881,24.702040716080568,2.9394524931479595,1.3110335691621897,1.2538071668651019,0.7118680255737437,0.15362243682208804,17.072549768996844,0.1532520886971828,-86.3358250039395
3.4127115626426896,10.81658446317017,0.8615894954766417,0.6475469441542812,0.7207245849957871,20.091510314392032,3.2201326225947318,1.2540322026345905,1.3979077121348564,0.7594276364110589,0.39039081224275884,17.007618828170706,0.20471248812003215,-103.77543993467246
3.402120961449189,10.7158773311073,0.6534592326414842,0.6006740917459549,0.7015147290491299,24.387084255826984,3.20872591451411,1.1589466140561746,1.2355092087113615,0.7911196594434816,0.19737881903157242,20.027363969561417,0.1610687169570395,-1.3538947044684022
3.4086028790043543,10.193661792664686,0.8228247001714544,0.6907208692022785,0.725343568588795,24.223363721653193,2.8089430481436093,1.1362235757745645,1.2983823255908988,0.7496094380428936,0.4983747226714548,25.287425455809107,0.19631732208675215,-31.565222846537267
3.402534542415652,10.157728180485192,0.7835408033051372,0.6492131899737967,0.7019231549747499,25.907172074258426,2.9198173466548445,1.1616221336690882,1.1114388462357696,0.7175664857312718,0.16291285597685998,16.681373501957783,0.16761399608069524,-63.62432484573277
3.428632769614353,10.000993197871034,0.8164477792789315,0.6519356117004578,0.7147534649098326,25.74653064982293,3.1730549274585043,1.1082447769286605,1.2221279312702746,0.701192481029524,0.36466656494212735,22.47467707896324,0.20204768004717918,-57.5491310162637
3.4228606100043595,10.369559916349733,0.6836814929015215,0.5925204612257814,0.7156218254647114,17.488517926921354,3.0680916817164436,1.2465653026310455,1.3032368395802998,0.7203660875543573,0.46001182208444924,19.555717967801954,0.20115833660298718,-1.3039361660173796
3.4257643674524956,10.40238262090298,0.9326050083219933,0.6084033639538913,0.7344780674492446,17.012683984859205,3.14731743401808,1.3731505065314789,1.3699570305903181,0.716748424681547,0.12556987022357072,16.203908078905137,0.19260888553277267,-50.76963851107169
3.41519168572941,10.149883270096712,0.8034730458028421,0.5838406580922334,0.7355774539443938,20.66555889771017,2.859223982797304,1.2081978245765383,1.144663892876728,0.7453269084550935,0.299603034088267,19.030996751858183,0.21580402101257318,-18.942810370157247
3.4324075798528293,10.054049930054175,0.8910475891112501,0.6167702402107017,0.7774541455230477,23.462732569904095,3.167234684873246,1.384724050055429,1.1878166318053118,0.7665142398138727,0.2546868402240228,20.386709484482918,0.1752682462863923,-74.88760215593514
3.429439276041571,10.198111832484646,0.7505206066996573,0.6142762084839399,0.719650538155718,27.116349298351096,3.055263482205707,1.3019882872703263,1.2274413369796096,0.7058214009310458,0.0830354634479423,19.31036838422337,0.1626431999679641,-70.21753430314014
3.4197039325341723,10.327117628900641,0.840930214950791,0.6258901155291421,0.754900596480392,19.629739654408688,3.1289423942468417,1.3111688291084402,1.3250019109249263,0.7603241355660756,0.04665380847117231,22.08977530230186,0.15908050861071407,-16.78757951325423
3.4325907372121756,10.77531142802443,0.7362383961544826,0.5978189548343994,0.7516468520247968,27.909942428204502,3.2040786488423554,1.3559479418893587,1.2172771325384253,0.7121693454004765,0.2151079154567916,25.31255685044205,0.210456700957759,-57.888611461739046
3.4168293287016445,10.10073983900139,0.6843773190152092,0.5990047554034578,0.7042016784719772,26.339144199220538,2.859841633684433,1.1727378644371627,1.3556296964626742,0.7274038582413936,0.3592244949076599,24.07904430939723,0.21169339319923122,-2.9352131672878414
3.435588720228417,10.638673173902276,0.6734745854111512,0.6530320598440211,0.7242598689760151,18.140461592909602,3.1866418662640874,1.3179172865053732,1.3665611136844467,0.7016754573679654,0.14976242486851013,21.365025328683153,0.1745828305766331,-10.150301913645222
3.4282213547114875,10.418695275829021,0.6976205363646572,0.6054127053278784,0.7254059361569101,23.074866193311564,2.7645654846616434,1.362973232123517,1.3321147899191352,0.7128733638135349,0.32012523344157257,15.093944235822295,0.21815060188241275,-84.41288224832401
3.424760705139049,10.53047357222851,0.6560786257128859,0.5641423268629577,0.71780651484857,20.31782854651803,2.9972507141733757,1.300221431983555,1.3060412130512478,0.7520351745469894,0.29831395956711243,22.93921227957327,0.1596289317401381,-97.75117230823324
3.431242138470226,10.581826690764736,0.7469016368930597,0.5969610351889696,0.7305981390233628,19.567488919060228,3.0510764399358625,1.3411591018899174,1.1808008232879816,0.7366000194534985,0.1579310776619632,14.34527439179389,0.21514267913951524,-24.42272089878587
3.4015923572025617,10.582130222421968,0.7833088134332734,0.5942396494049716,0.7481866760727713,23.56109545907406,3.0484713688706533,1.1664893178887628,1.2851480924774967,0.7693085387616678,0.02141243158285428,19.111920404464648,0.21293889889223888,-40.6504348499664
3.4296516215004598,10.375893789313277,0.7690589326929811,0.5898955049547815,0.770565303331175,22.65656044804621,3.2129320254115674,1.3964573403580303,1.247957415846902,0.763156867024771,0.027334951146452294,15.343406429494514,0.19388251609672322,-88.79137278289255
3.430840484671731,10.439209689936618,0.7391395910204615,0.6192853338708457,0.7262206036483071,25.367230416482215,3.096869569855353,1.1896822670071416,1.372248080746002,0.7090216629906839,0.4326515447566047,15.228614284349884,0.21121030273345306,-16.4164086765618
3.4146773203958873,10.875372170688381,0.7038800448492438,0.6434375695240236,0.7065290662813094,21.621502430532697,2.6570403386338675,1.1399689050969468,1.2457259594055101,0.7101838879335031,0.07310234529889027,14.650823826608853,0.16142122880417642,-24.383981219378413
3.4134345643025386,10.290207453735785,0.9213458140166132,0.604295265713021,0.7359280960143364,27.227028882715278,2.814993026004433,1.3958975794400073,1.3538012507499464,0.7300948365616476,0.1539707669725392,23.325770720175257,0.2029395811741164,-60.4437146392757
3.422188058623339,10.615347626026919,0.9752853725667208,0.6751472670394507,0.7557069077957715,22.15061975173971,2.661581328751295,1.3168135729152248,1.3028813195467583,0.731382329107808,0.11997767875625873,20.072704692386388,0.19522791229334274,-48.64046580588595
3.4264766255103702,10.475220235623254,0.8143441640180205,0.573316285601253,0.7172436461990439,16.852500729364095,2.999477776561569,1.354347892065415,1.2902314909084902,0.7629664208772442,0.3170211820183226,24.48547407388402,0.21454047510197782,-65.38792121784392
3.406690419740699,10.551588225214296,0.8492737809195217,0.6016665818354905,0.7657990710562569,17.13728353543097,2.8051683954196682,1.1833613569553447,1.366168550110781,0.7937574149798877,0.462089296614615,21.394257274023815,0.16527004984905339,-10.908898970068194
3.4281461046245436,10.064565505507472,0.9373563867532635,0.6465558729845265,0.7791359003894653,17.153853130088272,2.8891582961595614,1.2166478090125037,1.2914122836102708,0.7563628459954456,0.06957866969307244,22.319364681047098,0.17867969445877227,-35.28882397263102
3.438674116617353,10.281269321416753,0.746250758707145,0.6464485734710362,0.7752961602362591,21.5000835162369,2.858952193700012,1.2271836880783216,1.1352757620181826,0.7725104548407414,0.21928586558275218,25.914277207342764,0.15575434159240553,-32.882561135376136
3.410281722487333,10.4094849019424,0.9889150934980757,0.5709793550726388,0.7363687114616904,21.303157940127274,2.656243340782594,1.1444102324468235,1.3449728851970895,0.7317082692275209,0.30750333127428353,22.347022638090717,0.1900327788781598,-23.92072852949127
3.4208192928974017,10.318064499464178,0.7192541157708685,0.6950681652146509,0.711281219445165,20.65947495276965,3.144969330376795,1.3302596729127172,1.3926851558140965,0.7315289027040551,0.11952947775895757,21.147695226884046,0.15594609107979251,-76.29095584189989
3.408030663281561,10.766116777582116,0.9114327333857732,0.6877868599488502,0.7736790015972044,18.711076572691262,3.2561000907620548,1.1385155384048395,1.1824662341453687,0.7047892055833035,0.012697913249981077,24.963179948512952,0.15423214870281293,-85.44547917432641
3.427280168439824,10.644851739178229,0.8432197848866207,0.5966259282366991,0.7495908557668264,16.02850542479436,2.691992069304127,1.1136829124287753,1.2853391512595014,0.7443226408730745,0.40509370856508503,15.733930901629277,0.19902309395900375,-50.01699140757887
3.4217247525711363,10.682726852558464,0.9188607110711873,0.6196718861400693,0.7437253605169096,23.406233740957653,2.851940807062609,1.399014825687382,1.1905431996897664,0.7135147295464236,0.24968685968715887,19.319147022197583,0.15588750753226663,-38.37704768278887
3.4138982936661595,10.120664137271485,0.7408009846604069,0.6620677219689816,0.7050496610487119,18.238022490540992,2.9963147856742927,1.2854763876162159,1.3423108276575693,0.7038221426375222,0.4279849987444618,14.597103929185337,0.1990466828358746,-30.673155043485806
3.4149889002568052,10.824306490479914,1.0157993035029718,0.6548130924438099,0.7057474337058762,16.3994469963573,3.048203856674903,1.25177726651238,1.3084291210973051,0.7544724255969085,0.13370482858672791,15.386767634703759,0.18501529421592808,-6.5365825551268415
3.4349257036907983,10.480789211935221,0.9453816355736433,0.580245426135191,0.7318576363743765,20.67621154302184,2.810313234553159,1.2008520669141471,1.3471569480017702,0.7345741115573466,0.06811383654040752,15.379478872993134,0.1708508346477522,-101.39028460736945
3.415011771940725,10.550994362659438,0.895830613306579,0.5654396865994405,0.703326787978515,21.337689572363555,2.6533658331564065,1.3826144944152712,1.3210032813242931,0.7263972403175513,0.14963185413371005,17.046444057464413,0.1530384091928003,-77.9928373458936
3.4169811070650256,10.344198548058761,0.9708896984548778,0.6912093761155655,0.7445517395440489,22.750840898275307,3.0223941193415347,1.2077956461179453,1.3390279811640344,0.7975272497843937,0.2117846478827346,14.36340044015923,0.20224722920666344,-3.4870839788257655
3.434707118701603,10.286016567787208,0.9267455641959395,0.5664626188194171,0.7049612488579197,17.51110277810344,2.688933261957082,1.129113498368298,1.1331378166900206,0.7917922188139195,0.2081063836533439,16.438418887835645,0.1685268929589109,-35.501431894738985
3.4223625582448594,10.299773150792987,0.9842115285518741,0.5567344184403955,0.7007332373559714,23.5406588554924,3.093820157435715,1.2331399265241865,1.293465700501498,0.7356071514112478,0.3120711548456467,17.305320449503494,0.1743537512352881,-123.81530468117082
3.437074951951686,10.816524163325433,0.7064253399842297,0.5787439601953974,0.7130417378017735,18.058297891335798,2.856472494836995,1.1239929139839913,1.3800046460501671,0.7882050451606841,0.33544328874211843,22.852995100699317,0.1948815338978759,-82.69884508836947
3.434850282508876,10.005866183788491,0.8174874863230763,0.6211553660439817,0.7408583624291315,23.417357519811212,3.005024251447104,1.3462531079271867,1.2226034503822887,0.7551134477962675,0.273300805996137,18.55316228348226,0.17636180599061835,-75.28450934854331
3.41995466657378,10.008910546951046,0.6793462673661351,0.555970873801604,0.7152513627413128,25.31869907153517,3.2045020819039163,1.1678967251787393,1.3851452516578142,0.7388915214905967,0.4916184441901704,20.16728006757994,0.18984485738734413,-23.397371407327654
3.418464967313576,10.793314274336357,0.7604337135329082,0.673981875273507,0.7319228217169012,15.818077144372316,2.6445775415845474,1.170151021969021,1.2025646198994853,0.7587929898895275,0.39077555889322396,15.134514689388457,0.15035984291149232,-4.205353595862974
3.4300746756586626,10.207075063968178,0.9779616820353532,0.6948106077487618,0.7540478255543701,25.91536986688147,2.818718522177632,1.3305804376405268,1.3465075142160554,0.7482772987393608,0.1087339669089984,23.321162625547547,0.15539018024668289,-102.77880991185742
3.4242095491641407,10.194308068220725,0.7473606485353756,0.618112380570087,0.7312051615629258,17.798706690117243,2.754371646484773,1.196895841025411,1.1085941688914736,0.7797194514811858,0.0945044165586591,15.722020872998348,0.19931596188434275,-30.00173642516745
3.4062846084141007,10.037316323449083,0.8510040970807763,0.6551698125638274,0.7349004217053494,22.4735789253728,3.0069052945535746,1.2662422696048128,1.2608283240473104,0.7282147287564436,0.10567124750065497,17.029221179194185,0.17221474151080512,-73.8393208413996
3.4225858150302386,10.051118875871238,0.9790178494240407,0.6069346142958867,0.7707641849015944,23.10336251222617,3.0828895572853074,1.2590913914211055,1.188035020328322,0.7180884358653261,0.1326868893646457,25.63905929145439,0.16507402372483512,-115.30674802310048
3.4299565673723316,10.309527233547131,0.9241867258478751,0.6128880761315116,0.7637305689373904,15.833404726516726,2.8862180892721843,1.182920040021883,1.1891869348032926,0.7874239115677034,0.4391651404146207,19.940823733669045,0.18635501358692613,-39.366544021326874
3.4307403641287504,10.114863852040452,0.7328163569234692,0.686301966915178,0.7614549210580199,25.444015965347955,2.810859568305356,1.1322401267076214,1.3615632130666402,0.7894785719516643,0.1286154214144993,15.461291818468,0.19685836552734104,-8.39905642954929
3.4240024509456894,10.858212491074333,0.8252560723587679,0.5536863022701249,0.7780939059473894,26.702842172807014,2.798057204329763,1.1168761390187618,1.316061827426909,0.7077778368456102,0.4860727673630744,14.770010154718646,0.18760343639066013,-5.736435593204007
3.425790369067292,10.290285579883056,1.0131901382863477,0.6133950704479277,0.7582482898953118,27.200960819989895,3.046546213972225,1.3624355946756421,1.186925029323068,0.7749955733024467,0.3788559203792245,14.496186466644275,0.17321577658573223,-116.1496279785809
3.4048571320949885,10.430560589223221,0.6742470340526491,0.5685859230403947,0.7070357717828726,22.53414507365951,2.790942642982433,1.256438899378065,1.387498822370908,0.7490755461502746,0.3378412462562714,14.11439444065148,0.21287890542313015,-102.39845366226567
3.432257694723156,10.549252356018577,0.8730510534421119,0.6449736329279272,0.7114287553934852,25.150791776368493,3.0190789830103717,1.1989855482286365,1.1470873778115565,0.712673343333155,0.27934217410764794,16.935787599980713,0.21009677875156202,-92.17149730163709
3.4125091551897224,10.868075573265402,0.758529535679986,0.5962648070832304,0.7205233219903046,27.556247858820903,2.826742709013842,1.1222420216247782,1.1409406761100456,0.7791052361686785,0.05728409103107349,19.794173552670042,0.18762320970975835,-44.14705189299963
3.420187447678792,10.431182135276732,0.9078342442413871,0.5782862833325793,0.7072182035031338,19.394644664189425,3.034707031871289,1.1906768475599279,1.2999498191190213,0.7198742698955198,0.2593781729023145,17.8109356414343,0.18372608445851468,-105.90934542436516
3.405726930035452,10.100030677028162,0.9254342729709004,0.5474739172376126,0.7169610855577937,19.767829580804793,2.958822005526421,1.34570260715412,1.1729544585804446,0.729426568276743,0.25507295678415076,20.21315282668445,0.1693261420687752,-68.24070516477553
3.4203236176262153,10.122095858405286,0.6829584154160251,0.5451983325392459,0.7367521975084096,27.114043663898137,3.1486922842445186,1.1225458940320323,1.1427317762529912,0.7332414593536565,0.3535040658141606,22.960899486979482,0.15616308842946938,-104.94526739771239
3.4303711385877,10.529592618894826,0.9150270220355433,0.5436124449826853,0.7035140940550897,24.97976969010312,2.7510568514558598,1.319251827624619,1.2855626059982876,0.779004960721223,0.2721426450318507,25.13757348038551,0.1811354819931232,-87.18000807005706
3.430288568722243,10.525871915995939,0.9479150550145767,0.6296840225808533,0.7725968118985936,16.343824890278626,2.899400888341277,1.2997019220775579,1.310855073638281,0.749395846816543,0.07625318345028688,15.376095526108978,0.2040252959807472,-118.38040481175696
3.4238691387160967,10.692016618191069,0.8835427529369875,0.6357996850502678,0.7436685141142534,18.46928963328776,2.7491403909762817,1.3536276964932594,1.1528862237564077,0.7334185297909019,0.3849647164717255,25.01271806790594,0.203190808170637,-14.961602850631778
3.412572878110097,10.734489292869524,0.6862236896473621,0.6369988541275302,0.7462249720639296,23.705984915270143,2.7023198208878347,1.1761749156472001,1.2504683619188386,0.7379823516284376,0.12631239568963443,25.79564906145128,0.20281995173227915,-46.05428511199648
3.4210164667580045,10.159593640457253,0.7756705620670381,0.6643569316963467,0.7530416586506434,18.409652381510337,3.0367244777949587,1.2677033947568117,1.3635468856902233,0.7195860298175993,0.1776914155252029,25.443788343064895,0.15022131600242597,-69.87044745913838
3.412541398751897,10.728034604384383,0.7622410601125886,0.6262085648220818,0.7761842034547575,27.684951962237708,2.839787997905983,1.257783483495357,1.3642303165346397,0.7376868985637638,0.12660018408820534,22.980766675716968,0.17950259660706408,-16.108743249549846
3.4329639790816806,10.683319010452525,0.7431033497996371,0.6309168163354104,0.757009175847473,26.38818968168327,2.7224119494433285,1.2393589662024733,1.2578140869202046,0.7974208003879667,0.04366963729208141,18.790716937800696,0.21692407735625224,-1.5380696135919578
3.40348936453722,10.58878019668174,0.8653922310192512,0.6255624762758559,0.7436536704779689,24.94677164974772,2.8697756049263687,1.1620558845290128,1.348460705143015,0.7663163353394787,0.00041388144793904664,15.464755702335935,0.1998552776907991,-35.19639777333553
3.429861675490785,10.376476392920583,0.8763169597958744,0.6447217537228455,0.7502176684905555,23.110144422938273,2.708521933455706,1.149493103450984,1.2609615452355722,0.773046139018309,0.42078150848841156,16.11422208417361,0.2064383750685072,-81.37726162545545
3.401928121319749,10.879351598946545,0.9496712079153,0.6870257016300907,0.7171939799190085,19.782355699983007,3.198964184805718,1.3860435677428455,1.2415666926950009,0.7112771965952701,0.3580401795072768,22.03422810209242,0.1882911685154376,-12.387097584546709
3.427826918735058,10.51567657283987,0.735242879133434,0.579611868334289,0.7556429403714916,16.753513168049686,2.8328152416196453,1.1115840979530591,1.1647905602037973,0.7260905555446947,0.1844211200405259,23.82074127512272,0.1866210406238272,-89.25689212083876
3.4323659605507495,10.53633746784085,0.7950667248260161,0.6562695284758769,0.762079808215714,27.85603537007578,3.1711484787690334,1.2956086217251779,1.145971879489067,0.7071625983505136,0.1619758570090024,14.743225996900605,0.2128851774457991,-70.38317885422546
3.428001945889441,10.219366733717047,0.7711353513790868,0.6838234534357353,0.7412600916342874,22.321419094819838,2.6759605314146353,1.2134183742826743,1.2355279265635177,0.7374146202875769,0.30410288825874204,18.632484977806612,0.16135012223304043,-19.87292215847087
3.4268235773587974,10.76248548034094,0.9915832188885993,0.6175714228257834,0.773566303375019,17.256091138188577,2.6582003888824475,1.176998617326616,1.1562272288775086,0.7642310061851706,0.04551390450175303,22.210945051243296,0.15054748040657423,-121.15897927878905
3.415675953970069,10.142607594779207,0.93442876795431,0.6988972711255976,0.7649728879198465,21.423798885630436,2.647281385761668,1.2581164073328206,1.3942204397659033,0.7168131780381234,0.3038932485402048,20.430042317631738,0.20039308663408317,-28.42454591451505
3.435205157273701,10.504124492809751,0.9872969809851573,0.6312980347393965,0.7592246422349702,18.516397789053634,2.8238240785562407,1.3266274019991586,1.2578669125684974,0.7343447628895217,0.11938558176942976,22.964104307030237,0.19763533833027566,-2.5463235905304202
3.4236331317748183,10.276104092148282,0.7045339106828234,0.6347504920728338,0.7364132454020407,25.137577790946082,3.030790505618116,1.1199669519430664,1.2645946944609934,0.7750565400731345,0.370124367590269,25.209273645923737,0.15981570421056346,-5.328299025787857
3.420198904606096,10.561074287166761,0.8419988885749823,0.5576445675168579,0.7432454053796567,16.978378773657287,3.2450879409186233,1.1715684054519282,1.3088789953112652,0.7924612208930153,0.49774975557329976,18.43824458947622,0.21966923228675234,-80.20114016957284
3.430132715103277,10.720739012911913,0.7966527032773044,0.583694681096825,0.779965057590214,15.549748743501054,2.742236553307684,1.170535111286921,1.2068566188010614,0.7274524176912893,0.321336527762637,22.807842996102313,0.202826045753674,-78.24942937642909
3.4331377633863207,10.195832933533863,0.7640042201588321,0.5834408386627233,0.7506510062603948,23.510752891160344,2.9433810231312427,1.1152183276699563,1.3154419343419643,0.7365041665149619,0.053544237113827955,15.296889971970204,0.20552720532870483,-85.33185158985579
3.4386598753578985,10.66293226198127,0.8170670582208885,0.6780363334764277,0.7486530523626509,17.683999256121634,3.060665327456416,1.1232733834389308,1.2461569432068906,0.7093849084619369,0.1475184523796608,21.333245910941223,0.21745511607735163,-14.439841207955254
3.43192153894641,10.19652528121658,1.0233909509415562,0.6853088552761454,0.7735911087998661,26.297718136484825,2.866801883441704,1.3216974728650759,1.3755966136458193,0.7531757599454484,0.47938049724350407,25.742963345631395,0.19312805136758346,-12.229906454461585
3.4186856124560245,10.696630723292028,0.9402493242880744,0.5935497709984727,0.7739500126547821,16.710555429526906,2.9952332376498196,1.3156024616117092,1.2458773386354691,0.7998932553393119,0.47527508465916823,14.501354919090211,0.15956803386636764,-29.955870160001027
3.409634558782921,10.501437185370882,0.7087464280048581,0.5904978130154939,0.738081984784256,25.62407668271821,3.1939953068210345,1.3441492886748734,1.34163412712158,0.7815150529620647,0.35154601353726794,18.73880726215837,0.20038856909411978,-5.546487479280671
3.413642982126357,10.2885790408255,0.6804113781377821,0.5689471627673798,0.716795465744728,19.856567427654184,2.9195266671030455,1.3101909430412413,1.29479714887051,0.7470416044924565,0.25425679195764156,19.476851826121422,0.18411002324404022,-117.67555771970417
3.4153059185036567,10.718869037837518,0.994489721269157,0.6279386441780025,0.7363614011975913,25.801785525621277,2.8249277458244646,1.1242433584651919,1.2035636643448238,0.7447437385845374,0.3240865312879106,25.770886274819567,0.16655658045546817,-60.39543051334245
3.4199283840529233,10.265771369835994,0.6909207283373948,0.6083791895803518,0.763974921170584,18.181965087594904,3.1328958448491853,1.3649829770510342,1.3530008172866899,0.7204075311562217,0.21017971501837682,19.01983892305805,0.17594830087272065,-31.11128230426067
3.4292433934603572,10.386780800429586,0.7146393209342384,0.6614575158251256,0.7239480623689297,21.1200428898584,3.0051138608938537,1.101548406926869,1.297517991378303,0.7173690609403134,0.4977853649168093,24.500464574757608,0.21985161658006966,-37.21151166964924
3.425354480421849,10.108998623155333,0.6626291030086453,0.5800874329380609,0.7343872249840673,18.615976389201656,2.94353509149774,1.2736812513234215,1.188643854349088,0.7103921170028353,0.26803543379139055,25.0247414878319,0.21211565541609637,-90.50184007584255
3.4217509690995005,10.043514933545717,0.816256778390155,0.5525198945274263,0.7324062528081221,27.38996345244917,2.7069673138076586,1.2328564450037158,1.1080534824318091,0.7104510991155569,0.46373935085311324,14.55515043732007,0.1507366989460534,-82.95509428014732
3.4361945616967597,10.79272065118933,0.7457539583512486,0.5461629723367651,0.7025410994467933,15.608112438330322,2.8703048270658034,1.1957946568654023,1.267962950208287,0.7137127169384412,0.4929090092328813,18.321997505628687,0.19017730271158728,-106.2742982505494
3.400201483621801,10.727277034443862,0.679528316797191,0.6650774172568661,0.7359401505561178,26.056027177085106,2.871104279377906,1.286611274404897,1.1093365535151822,0.7683873139536904,0.13704316702530167,22.36138091680226,0.1891471901081091,-24.396303822534307
3.428183249722839,10.00254677614913,1.0036501529384467,0.5475799201047695,0.7568599890905641,15.338935613217647,2.9652148011550743,1.133490322283976,1.3198970421179275,0.7824044575735196,0.11205928274584971,19.781292672674937,0.16842626481002648,-101.03978757149878
3.410139161061401,10.61512959090329,0.852758446164292,0.6455459837087458,0.7717342342832638,21.559139082233898,3.2141759542918544,1.1212830396978657,1.1487920597077779,0.7011156037029739,0.07410435086810371,19.276421256340427,0.2164788262727398,-22.70206274362998
3.4396458358749937,10.877113293963152,1.0082100177366633,0.622667990572324,0.7509446020541395,16.210647888602832,3.078168191521052,1.1952412367318916,1.3444671541740234,0.7480266345683879,0.11244903862076407,20.561257465044857,0.19614085212473817,-63.534657801972564
3.425268068533199,10.09759613626806,0.7815689360599721,0.632115228222483,0.7644352847438349,23.954886461552938,3.0686146460799337,1.327408300197601,1.2250282006970488,0.7744170509276127,0.3533779782075412,16.66873149415498,0.1764902664231897,-3.725743289811305
3.4355987588060963,10.717559371107146,0.8795828725289474,0.6620187796099896,0.7215225840148098,25.023598131024443,2.909168584750639,1.2372546314625423,1.3943122167082662,0.7527543344607472,0.24839762393071138,19.495239099099187,0.1854072341847306,-123.60845014171603
3.4348017152048183,10.434374094215018,0.7157162341743657,0.6311830268583414,0.7250071764910737,24.193800086990862,2.9662339331293186,1.3356666481696478,1.1672971528301845,0.7868122224365425,0.19884086523103725,15.686715366690779,0.189366437324545,-111.23531909238926
3.406874664788306,10.470418435088787,0.7586632168551306,0.6152145061271694,0.7045513567597584,21.339208242425318,3.0488436254613043,1.3952449571247802,1.234981091556494,0.7738744684523202,0.3147473686238772,19.386649551726737,0.15609427049035565,-84.76118119273755
3.411697401735329,10.693029190519159,0.7097869557831245,0.592036232300477,0.7585895003396266,25.182862603819505,2.6519140785331183,1.200980493617416,1.1260640371388555,0.7957751358146653,0.360313323276536,24.93419589761306,0.16924869311980315,-113.905403351832
3.4098427493948757,10.860321168981008,0.6772930063504543,0.6351567913683006,0.7222302812016789,22.339502810944598,2.9363100203630363,1.1534697880180826,1.162506029642796,0.7161162567926141,0.0710810377205113,14.67226575532019,0.16826522996825027,-92.63536502167004
3.422274566073061,10.21042813347604,0.6973674908856601,0.5931269511875829,0.7067623852536764,21.872569801825314,2.7344766543363126,1.3391459494541276,1.2882574894093297,0.7293711261323443,0.40754159013147623,20.411707695028674,0.17208044742057454,-99.22023733775907
3.419173036970075,10.210792225267607,0.7137732329092203,0.555696744833568,0.7257013048849194,19.39339192804252,2.8800224362056857,1.3648202947703671,1.3031865522474464,0.7708586592337038,0.39288401302052056,25.367182472910233,0.15172780780012132,-78.83224966350028
3.402176276205862,10.7631795065501,0.9686554679238059,0.6773582126111332,0.7655777366486731,22.3494918035758,3.231815335058763,1.2544262840414735,1.1439105869178743,0.7971265493042154,0.49464879507873016,19.398727340016038,0.19295820060465588,-110.53857592444098
3.4078996466379166,10.39325419262392,0.9671776447612184,0.6336861511099964,0.7684277824745501,28.17957591523915,3.071965695565136,1.283700932328258,1.3432114664334844,0.7500295590883055,0.14401456189117862,17.81687539198993,0.16024263388871418,-90.416096517467
3.4335115270981476,10.540347557789033,0.9204003515420073,0.5630530249404124,0.7426212449194188,21.514991971962257,2.9705100624061647,1.3358613144167173,1.233963457893115,0.7823298836648913,0.2910276585753531,14.630215702008147,0.16516863600817885,-78.03135439947056
3.414910484627335,10.689133006214586,0.9666763435247536,0.5581155154317082,0.730454583062871,18.509282079473778,2.844286917466365,1.3870232994103762,1.3730015545108023,0.7838643523891278,0.16074132844520195,19.09554811403197,0.15630205608256667,-70.85624127173807
3.4208363869302327,10.586166251126086,1.002892852955624,0.5471434352966441,0.7295681316819278,17.168250761144204,3.066086082454099,1.1505004571375133,1.381272619307953,0.7174299293971782,0.47532235375893167,21.874646722359252,0.17193972802717977,-36.31216569265065
3.4352812882877792,10.649033997021498,0.745894594042824,0.5885910280157481,0.7749606392383148,17.199339523418555,3.2433546137048754,1.1032291099774567,1.3708632174786695,0.7662051259886339,0.40571544599304127,21.323989706034183,0.17237903461010462,-17.320491118915754
3.4020282608425343,10.25808344038431,0.9140311101924621,0.543693006391579,0.7586631058309307,25.141827622846392,2.6543188696548095,1.1867012129373065,1.1451919719758454,0.7461681915798041,0.19815461497748438,25.016977004567394,0.20708834269623994,-31.481620298818257
3.414424275329585,10.375156618051284,0.7517665007763363,0.6466562224339114,0.7182857074144923,22.344001784541607,2.99637748169106,1.1702138287975161,1.3162820811604667,0.739328881406883,0.28186528715467996,21.57601966202282,0.18097404540350795,-53.63454455895625
3.4278421413551405,10.811953330179483,0.9859491078580174,0.6624635662158586,0.7436035357919296,18.266959558552315,2.689399750774939,1.3720522138821236,1.1215088281335301,0.725207294482683,0.3444829108920951,20.184592353595765,0.1611388678901341,-22.288783860906335
3.4276265674231134,10.081089069312377,0.9125913347632151,0.6950932670874977,0.7179102481570035,18.924750535424245,3.09797740804116,1.1984722395440275,1.1689136449971418,0.7029499944532647,0.4560385314655044,22.251126398226212,0.1731496543221595,-78.77120587539395
3.4297463313074537,10.496163328517019,0.9301291744108893,0.6302402276247825,0.7166052179234095,19.44564549894376,2.9080948260776265,1.2464016242791118,1.3056369711807418,0.7762685872557916,0.15907714657759509,22.476803875767683,0.20226634079079064,-16.247913247259888
3.401608771148069,10.573828984976581,0.6779448974715755,0.6984111518360263,0.7735748786711056,18.303988462168345,2.683525593913492,1.2094818199120156,1.3670766858136836,0.7359688327557463,0.4299493550165749,14.29034030676775,0.1949117781138866,-71.25293688172701
3.4030576923092286,10.446718034531498,0.7483054584198616,0.6236977892862814,0.7246752911292484,26.6313941486343,3.059823758028372,1.2423322052095505,1.2724866460993052,0.7354004132841361,0.3916195595860032,17.594609651029238,0.17340899089448034,-75.47460089838683
3.436352617743289,10.057228615204858,0.6834032297740198,0.553918057237928,0.7783662799300253,20.189917667184048,3.1142074405039364,1.2428151593314825,1.3239943490650101,0.7929112181511447,0.06892677083575591,22.769765777519773,0.1572727743401015,-37.846838146394944
3.4192109839722704,10.201521283732783,0.7699413632883083,0.5758093410984838,0.7269073993837609,21.60599095667923,2.680505859306279,1.2170389003586022,1.2852162906992608,0.7316936425991011,0.36968008476460823,16.907490661816347,0.19467335154534648,-1.3405480880394265
3.4032391030105007,10.147267841385746,0.6729346130814076,0.5835725508632568,0.7609677035141351,21.345033164325056,3.1223808534058377,1.3788957997896656,1.2408701942238758,0.7899110048169087,0.10676700618425719,18.964523965618994,0.19935922675727058,-110.70792954931949
3.4243879108024875,10.300192984899557,0.6855061993666056,0.5570145847650745,0.7610827540966282,21.4266149201122,2.904910007196754,1.3886621604260725,1.2389671870607764,0.788011899358432,0.10413309418876154,23.123637153286065,0.16308453137304788,-109.78911553489598
3.4274645856587806,10.813921831638158,0.8885770842975692,0.676495657976508,0.7424063514544683,26.37275277882023,3.012745685973578,1.1051116672801398,1.179662258810373,0.7713489115787193,0.49580317752983627,25.45713391003924,0.21685305655817452,-53.722348612181094
3.42944464020875,10.35208602510047,0.6691384370283002,0.6188094360806271,0.7081091117855493,27.16533273575108,3.0444005587630594,1.2826641268333654,1.1062564036690405,0.7685566294452209,0.09879274089323237,22.746445770419935,0.18684941368632363,-114.3731306167823
3.406460508328268,10.783682779488224,1.02977530888221,0.6890536771592289,0.7794315672595319,18.36845011519818,3.117453537297377,1.252247611956436,1.2935882181291987,0.7356300268356755,0.17090459958182777,23.203962626644007,0.16369716791923217,-122.52502549337447
3.4378620987467263,10.770542198070503,0.8924504393654298,0.677647673032687,0.7324275829988753,20.855778339864283,3.025554130820598,1.208635128786714,1.275124186914235,0.7261618019021342,0.12698060571301076,21.83082534091115,0.18616141766455216,-113.76389552197989
3.41827710876844,10.63193027073976,0.8404862808774187,0.6741112058146116,0.7335942801486924,21.623772663570097,2.9198014853241268,1.1975646989149096,1.323018682746279,0.7825814787201925,0.11167016092968929,25.55145905741593,0.19097326708796028,-17.752451362595735
3.405678774135814,10.038077665928402,0.8182346705288811,0.544079928964057,0.7217807402317957,17.036179578333773,2.729822233316249,1.3302923832648146,1.3648671112245017,0.7907847379101246,0.2734888392237353,17.167336007847016,0.18834798277480247,-79.97603765321041
3.4041921465992577,10.335622455758486,0.984405219313139,0.5728900753265639,0.777928167300964,24.89066359022538,2.848394371399223,1.1609348428091018,1.1154765581914583,0.7826122623648112,0.2190690403289296,16.768118223717646,0.16090208385415658,-21.930947362831958
3.413578353240443,10.541379748181,1.0274543909414724,0.6889300828814195,0.7573937534818734,28.268201322005545,2.7561650472849997,1.2993766503867354,1.1640833438532103,0.7043911531668362,0.48519683956258225,25.44107543443315,0.1738020800163933,-62.854259837277404
3.417571626145417,10.60501826485244,0.6826796538924998,0.6063991261416283,0.7564497149293983,20.09932976279493,2.775409459802832,1.118215564114032,1.2362645782072206,0.706677677870773,0.026782209471408212,23.68207311331175,0.17149171970571933,-83.60873055428094
3.43330415683296,10.819160025773716,0.8674493300788666,0.6059356223129332,0.7498002434198124,17.98360247311627,2.7664041190323676,1.3229782669824848,1.1154898644788518,0.712487177423308,0.49316611622162054,15.476341777878124,0.18165327835221884,-80.25601441208359
3.4374795216735072,10.8729024785419,0.8403896931031425,0.6370125238933219,0.7440305092447954,16.4740001259772,2.7004395962583123,1.3858725495079876,1.3561360702609926,0.712015621725547,0.3680716909245663,23.188486886352845,0.19537798934452022,-15.433731659806767
3.436835951147357,10.754346294601781,1.0080732417148024,0.5939427520982505,0.7525057538789821,24.41267011515052,2.6915825115677694,1.3399222312988752,1.3359846652605927,0.7930575516069912,0.12455486958531717,18.67484049134306,0.16101677211364485,-8.770821165923934
3.4263556320612745,10.68967512127538,0.7149832926221449,0.5784621232384499,0.7000994282975196,26.420202942192503,2.670102398885704,1.3130020970292815,1.134073698576862,0.7681842737634814,0.23339237178206432,24.310070401222685,0.19583197568661748,-20.56098706751571
3.4319941338660875,10.603463100934619,0.9037762829400862,0.6024808945442625,0.7100629234845753,16.86456527980302,2.8229619879642467,1.3733373552057628,1.2594595599580234,0.7501458640408463,0.4287199022838835,14.91559145898883,0.20236068808621813,-47.462407511315135
3.4387166064255767,10.215328352155801,0.8325602590551231,0.6920074639266746,0.7310987379404826,21.422236148094804,2.786302181956976,1.1619865207907558,1.271213097103193,0.7544576163560787,0.4700387813695858,24.738080831443824,0.16598124790981944,-33.14419403297131
3.4121197637496583,10.725719282480732,0.8874288760046123,0.5426088005594053,0.7419400111485155,19.240999908765748,3.206981747671325,1.2557892424462702,1.1713914235518184,0.773772696627029,0.21884453532572715,17.747217497630718,0.1636380414756245,-40.48423858090709
3.4137458868032624,10.367644929952155,0.9271620470306062,0.691064641820569,0.7438359859406386,18.510804280156638,3.1589535500745503,1.2743407334233716,1.3112673529715704,0.7819137327489054,0.30551240075865793,23.922947611056607,0.1653972274517675,-99.66941702925988
3.4388972370009108,10.309679150058937,0.7962693744762468,0.6830872077291701,0.7726698390589228,20.106476089894016,2.666443892874187,1.3682318369064692,1.2038084058827934,0.7697932097481188,0.3939796031213338,25.070896392956342,0.1712904053285088,-58.583386274685225
3.4298371023565775,10.316418995393008,0.855031373477274,0.5525069796870752,0.7718308055590738,20.956252446121603,2.8687992490956407,1.2824271242800893,1.1236427926875636,0.754748000502537,0.062445539695506834,22.227055339519232,0.21711182271856025,-51.303758904241306
3.436145885998241,10.288919494430626,0.717855429265002,0.6640501643009796,0.7197152246523548,23.873168805327772,2.7064578001130157,1.2855189276052812,1.107219424853998,0.7400515409308845,0.1632778143603449,16.86152395184513,0.18027141484661416,-35.078531804594604
3.409544880629037,10.498166534124463,1.0194229404359278,0.6938525039923988,0.712915067132512,18.44925550707356,2.6726034976664192,1.2117520844170533,1.3508701412433088,0.7799055327321255,0.3477027115637796,23.633237709512805,0.19147210600615616,-38.247621916061874
3.4047777811721636,10.877848955419042,0.8235994116812356,0.6673132073856543,0.7197208273968005,22.079167735816895,2.9098226165240892,1.1184174059639473,1.1083688078892058,0.7559857903571342,0.4961012317593677,14.732850748272588,0.19583794908112656,-62.359754221226396
3.4193126604152524,10.69869418504192,1.026980000571095,0.6280238754247055,0.7641922681165223,27.180911893690414,2.7077244613012716,1.309891402314321,1.1183940435714603,0.7303969879058303,0.020216820154350872,17.165786011506828,0.17136554518959413,-98.07881543027659
3.4004995909336455,10.63998875448159,0.7952113473173517,0.6854914959359244,0.7106435422220876,24.49368228529966,2.924715232579137,1.3824523728105824,1.3948783470677923,0.7382164284115639,0.47455497737792895,21.39269945823866,0.17188869075036534,-57.225330960126286
3.4399493001628425,10.77199506361415,0.8510342084364811,0.6293607507722363,0.752188912133944,23.858787087954536,3.2688076044750094,1.1939601756224392,1.1492153260834113,0.7141285035786671,0.49056897116692766,14.6882590699864,0.18112293326719425,-59.613141993391665
3.4086229032973856,10.219306603785071,1.0043059948257413,0.5907177030843886,0.7267713798022617,18.896321555960405,3.0401614446276617,1.201831143704212,1.15657596200004,0.7921839209108126,0.38554961782341873,14.12645140123974,0.16089581315354565,-123.57750468236227
3.4233282974541837,10.577418614219326,0.7377160847085209,0.6692974431791706,0.7098952920510412,25.73457813549485,3.2430365633850533,1.2931967159831939,1.2583887351855683,0.7822922668085857,0.15474787224011577,14.805056302227495,0.15971838130299873,-102.37755179499513
3.4139173990524885,10.296135012617139,0.7025141254881988,0.6028890521740274,0.7272558150920891,16.622980907108133,3.2399288625870564,1.269612621306478,1.3521779383011205,0.7840225748654088,0.07046136299427527,19.85445666178104,0.20501621632453979,-41.84025360768558
3.433270166662418,10.842899952859899,0.7445070862052822,0.6212766334638355,0.7009057024790255,16.96988646645765,2.7119396180037945,1.3739772286737153,1.210442764104742,0.7085544335514682,0.36907522243501895,24.59083262158982,0.15743971687267472,-31.69970093505316
3.417922164730934,10.228588692801164,0.8562010864735162,0.6711037221289258,0.7297245008465665,24.04805526492926,3.2097672934420505,1.2028330513590093,1.3696539651966866,0.718278339735572,0.32465332626473364,22.85133090360546,0.15771159274773494,-73.21507298635069
3.414472369497325,10.369189999332388,0.7513157991126668,0.5691820315956422,0.7008157337966515,22.913748080495488,3.2482697743020714,1.274919533169637,1.1974659007563706,0.7360826334107472,0.026646983065396194,19.11014079540299,0.21741925872404216,-62.235984613834596
3.4339397803140717,10.876062674044338,0.7317233075579449,0.6255131401129181,0.7551721421888367,23.81067838205322,3.27158100946464,1.2135949896571085,1.222079821618799,0.7705698240473742,0.39213803425206495,21.726762478565924,0.15212640660920854,-66.81654425144919
3.431023074933173,10.095054918157082,0.9209529117203903,0.5548005482464707,0.7028083508663606,17.728424184929004,3.1898735841500256,1.164122633543252,1.3814111772530344,0.7031789467204096,0.21820477593644919,18.516152800934563,0.20103227826170986,-72.96320901196549
3.415601055458622,10.18257475952778,0.9692269853820652,0.5768666966256787,0.7784840948322916,21.60823411606274,3.178208293183302,1.1193424092142832,1.2589621105313804,0.7738142880517653,0.09014512597056273,22.243344248217973,0.20630378368460606,-40.7187880124024
3.432936021463154,10.737043116123324,0.9677168281214856,0.5601441066321547,0.7560024038496603,28.12135178383938,2.8545353053599243,1.1972915118589813,1.2214400410285933,0.7892852556974411,0.27815147901128456,18.225843249989687,0.18165534291265567,-32.318278921316065
3.408758693606934,10.305854007831838,0.7432759121243355,0.5825358175687291,0.7656009435848234,22.676460613625228,3.259931944168753,1.3425289516229795,1.1388741925078865,0.7914201437365691,0.37505558851996484,22.655886151100425,0.1899968449346545,-49.963856399801
3.4255943401770472,10.723474677868225,0.8168077016454409,0.6563422690234799,0.7315935433040542,27.08840925240559,3.1246027819304496,1.3217112076844635,1.366969663142799,0.7398692245628159,0.29170643188433637,18.489042256993468,0.1563990744498344,-122.96298141759259
3.431482982733321,10.367089867379407,0.7880079734193218,0.6220415170676904,0.7338587445463978,27.050484798172697,2.9120303049559544,1.3270770174183337,1.2571157287430736,0.7243953286920267,0.37092575690005275,21.357013425540394,0.17053966434174714,-35.41623185105864
3.4282340090260464,10.87407863001372,0.9342061808912367,0.6967553873731924,0.7219358151036516,23.35797076625678,2.9397519455441175,1.2215404588233871,1.1744478977791206,0.7146057117235776,0.25948967564987085,23.139719325858223,0.18551693139470643,-36.00116383813756
3.4280986609479083,10.587561751428275,0.7022167965346554,0.5743089493566503,0.7049864197075923,27.437681520973044,2.8768430074880986,1.3708803466764676,1.2491016843768636,0.7040364189370727,0.11293164385165419,21.195943767042223,0.18720957792125298,-16.58498669366027
3.4350793053705524,10.692159858426784,0.746788594104961,0.6242858971784312,0.7153891551665381,27.943776168164987,3.0288415677010128,1.244711576423422,1.3263272043490268,0.7383925435180221,0.25658750542953224,16.777720111411625,0.21070526296963177,-7.272840487318831
3.4339869039119058,10.835640649175518,0.8405747817294514,0.6357703731307817,0.7394328230169533,25.69994201579603,2.8531214375764162,1.3629007409359715,1.2993073793137857,0.7692210325201476,0.2107836172975762,20.668213842862023,0.21082027799612252,-44.790006171545
3.437089123158715,10.754521329276217,0.9908624431969761,0.5843567751632818,0.7342670885984615,24.196061900621892,2.8739459152510074,1.164937141000629,1.2764956858541006,0.7498993672301405,0.056390426610147516,18.121100725366716,0.19215020202645375,-22.371313154922717
3.4044469186343624,10.338916201515758,0.6567852096165393,0.6739082304966925,0.7698076161178381,24.02591147613827,2.8669747180252974,1.281624623061966,1.2396864612522096,0.7016061244078403,0.1684516653119169,18.73181935942535,0.16194140000465354,-102.7018936785532
3.4193881421912047,10.745042546645198,0.9566545552507646,0.574954480517302,0.7455891649627971,22.552032129048353,3.023274131990732,1.343744292245116,1.2893636133059707,0.7273513540558376,0.3256764871733885,14.974985055636052,0.16331039004983164,-87.66123772671273
3.4291701059076147,10.28426686470794,1.0122149881873128,0.6198806610943823,0.7227774053827569,22.421213803732343,3.0163087382860208,1.1901169771366114,1.2210670798489685,0.7161354103159813,0.19079668375048633,20.219749192432566,0.16690803808750043,-91.14305177965721
3.415282908481472,10.38980597884782,0.8951824918599204,0.6550521481951778,0.766172729808497,20.586369868796723,3.0590094819905542,1.3420672193095178,1.3870717154157766,0.7353401183624266,0.16548167168009673,18.564253482882712,0.18349292495845418,-69.56837794948108
3.424032743015959,10.162412190058879,0.7282640777309456,0.6182239926559303,0.7675839604025518,22.578404308798135,2.783940140101951,1.3458485730680159,1.3714700055218583,0.7369021168596432,0.3038033176968678,18.706176841019126,0.18483468471273853,-96.8085587376929
3.439731002672745,10.401872753042735,0.9963639047375986,0.5735471861573905,0.7598507176344281,18.79138063330698,2.9277743570939574,1.252466127584513,1.289544108119264,0.725586631022977,0.2878412524749489,25.60566753281894,0.1800694083469185,-32.750064815750804
3.4076664676997375,10.43135633339497,0.852644377675359,0.6728901048592901,0.7519888941526228,22.538757190085082,3.1102035765169744,1.1729518107948251,1.3808168742419034,0.7019216902346574,0.4730542889056278,21.812694897646516,0.20156517935714813,-27.202318834344055
3.439491461161702,10.765005933335035,0.7169641989077611,0.6700227957467524,0.7099840689135193,16.489589350360664,2.7905711827223603,1.3239288322452114,1.3978848978796221,0.7640460236370903,0.46817253244026624,24.107611180254047,0.20271279968751832,-54.63302523418406
3.4373698139139672,10.492511975151345,0.8998416140038411,0.5727865010452428,0.7475681467610494,19.66595185482364,2.9381100127941315,1.2351426466276805,1.1054913964189292,0.7004871701022516,0.3056170520479554,17.146983029891153,0.1565750031327402,-109.04404389502506
3.4303070590101146,10.196453584627198,0.7441272132715637,0.5957047013406814,0.705790487772828,23.114158469421234,3.259084651568944,1.3063505764008534,1.1381511536549902,0.725892828234007,0.06500826469740657,16.515684631176853,0.19272885646434756,-58.54686341508604
3.4054343633838147,10.345127764902866,0.7451694310908614,0.6444485753478832,0.7724872982096977,26.67111774626477,2.895386326630611,1.1051449538967513,1.2037137272719323,0.7238654376831691,0.0883548940408293,15.595437059183386,0.19514966407790757,-103.19996042980998
3.4025006429970834,10.603831052106935,0.9668445808958863,0.6898307472236431,0.7048564016848382,23.348957907373492,2.814366731651606,1.1587384431272827,1.259334050865369,0.7599497956250688,0.023210162497413773,19.038301147621326,0.19430040762930328,-118.19983835147461
3.4196901114648948,10.158867691607083,0.8888054904763643,0.6170103663278406,0.7116219192156901,27.1843991241115,3.0972388189686484,1.389258529434298,1.259672696186556,0.7458048232417377,0.2289178004405265,16.825488276762414,0.1830111445385879,-22.55433460622656
3.413046719954492,10.088936277799602,0.6549107164017944,0.6909601743879192,0.7041089217877347,17.897439606045033,3.207937220762665,1.2826988576786298,1.1032848737634828,0.7541166405304977,0.1069734431379551,15.912653525245318,0.2104986482184792,-73.50483661157624
3.404271702260218,10.007252265695998,0.8136266177922519,0.5456162744963114,0.7287649485375721,24.30812501789034,2.9592610887613344,1.2999247489810966,1.3468622814046636,0.7874329001610135,0.22421963295584307,15.174482839908833,0.15835370063379628,-109.9926094656268
3.431619173257191,10.120578180331522,0.9120387140217943,0.6771842675488129,0.7045524380339294,15.628559603278001,3.175475119660432,1.2382565930022684,1.147213618534958,0.7952713801391949,0.13308266035124594,16.878568917468165,0.16718087822088942,-88.98254875827527
3.4192729415396546,10.427468394121142,0.9588191673685168,0.6770049941549545,0.751747426897761,16.138394103814754,2.8216401429206095,1.157439214012095,1.3472101598562025,0.7580708377484847,0.4494746108678795,16.331741316507628,0.2070135173359135,-0.8245229856556335
3.4158858886555996,10.674921271426578,0.9619772902588721,0.5738451362453982,0.7010199630604538,22.161917777389526,2.8922895746644914,1.1011041451798094,1.2406498789246518,0.7543040009855523,0.4778920075409971,15.142506601805032,0.17930178478244374,-68.67283109973965
3.422054265343207,10.192952954423474,0.8795567184579202,0.6428173271702077,0.7651203660143638,23.25131069723482,2.84809810776859,1.1053988462161284,1.2251314916129297,0.7579886626017345,0.01768535254830532,19.807994938945814,0.17930931451926918,-67.67259815304979
3.41348106096078,10.476944294213885,0.8639737548446896,0.6414878049701143,0.7190572676983352,22.658944500062375,3.120769037505107,1.137061898970216,1.237415477631922,0.7134123350326599,0.11690583043383863,18.122521550546622,0.1968554132842536,-66.84799184750452
3.4313707195764667,10.252277644872036,0.8818903347711474,0.5430152788339466,0.7418436632432027,22.104674635930614,2.845704612743278,1.1699441015786871,1.116445474497752,0.7185862981052527,0.2430867877597078,21.115445881250587,0.21095485937306535,-42.85389215496957
3.410223411650409,10.322143859710632,0.7489348218469579,0.5442787729382,0.763086154422584,15.486211260894141,2.6711468865226564,1.1455086399342458,1.2683619306090494,0.7922204233255525,0.22446397528079914,23.03740950106532,0.1543443416196115,-55.558142290653976
3.4014812408830735,10.453628281628175,0.8453103369081101,0.6312725362650476,0.7196809917422319,26.29269133652176,3.270749168331416,1.1667627295492724,1.3382655793523246,0.7524704533014148,0.041682348497198235,21.569077108971776,0.17977851628667474,-119.58854098775568
3.428649884294871,10.622911163104629,0.8762269192391635,0.5582698787349322,0.7454991476386759,17.271064848212113,2.9145166984621995,1.3423750770674698,1.2610473563637843,0.7989715634650401,0.20784959473641534,18.6722863063717,0.18788174504157493,-70.24756263510267
3.438303792951804,10.712342820089741,1.0004539485730317,0.6024321920846252,0.7220739011073103,17.228755744276835,2.771828841682846,1.1779748710836495,1.175603654359963,0.7994570353473546,0.08098458874422479,18.160805584227372,0.1863974182533315,-96.69425570087101
3.430301548679978,10.678635719149796,0.9183319612216361,0.6718297540673104,0.7680516075196173,24.468506367002504,3.03293607395584,1.272014813311426,1.14678731526304,0.7647397147637315,0.46797077438037665,18.065741378487555,0.2047299353673805,-86.25026579654147
3.417849517219385,10.009694531657622,0.8567037495707073,0.6075117470064182,0.7206451477301168,23.44452253908093,3.088882703504438,1.1499821181477696,1.332745454389008,0.7710361816812324,0.39597843352699397,24.64515764624838,0.1610787405106863,-22.48989007998773
3.415243578882704,10.756393981407706,1.0171264430388156,0.5477898271317195,0.7061737909970557,19.83315049677829,3.0675231936077343,1.3204871836423049,1.281791349978205,0.7789211816771123,0.20257128316292644,20.797299809271628,0.1615250710330791,-11.367059260199667
3.436280922740168,10.191759488791485,0.7296014697221329,0.6075763397465016,0.7017057750897626,24.94273861290354,2.725621419896479,1.3135443192480107,1.2837426284894675,0.7630563776143484,0.4530759733282864,22.484336019829534,0.15974978185136815,-75.51448122599211
3.4241537107470466,10.643718856193942,0.9897417488750402,0.6418680665410919,0.7278654865174323,17.69816102467675,2.890665620794464,1.2682017810171256,1.369821424134325,0.7527309213190893,0.11606065646174782,18.98201591870318,0.21176724573811903,-31.551490886865537
3.4202941928320176,10.092998507161889,0.9423472758977436,0.5656118615921307,0.7577958052446234,26.1125170221337,2.870824427828009,1.313441671455286,1.2010245193894378,0.7693514211986033,0.4663562876483833,17.875498241626115,0.2135238507147999,-69.94203105721544
3.432878629534779,10.695176113515188,0.8418575881894872,0.6642784733918338,0.7447154397076119,17.575594242272366,3.142081115497437,1.2595443855580872,1.1181172623182403,0.7035215959012241,0.10731769742127319,23.01631298888921,0.17612114949462157,-85.14153667254752
3.436597568623953,10.49984489975027,0.6649744033938289,0.569941036250569,0.738117374413034,18.05668790660369,3.1915179049115165,1.1049206635492943,1.2835003427564602,0.7748169460401196,0.49074836363261404,25.72492954460094,0.15764045933232523,-61.91462470677571
3.433524788747455,10.564955431102188,0.8926728632996948,0.6861810391743801,0.7160228929833733,27.47813165973518,2.6942948592422034,1.3230989867177039,1.2843593374808595,0.7052619092298208,0.46929673790566157,21.897773682842136,0.15844601794047575,-9.533038548871772
3.423388092952141,10.196282394166401,0.8538522515645063,0.5769161466245393,0.7678679042768479,27.70723476747226,3.0336482264794338,1.1969253062701266,1.3548408333400304,0.7523898690937119,0.1094652024956825,18.05290796980649,0.17070407709577687,-35.49430940627188
3.429537077425057,10.603122521120778,0.9404988001479884,0.6618184230048801,0.7041363918926503,18.534508106719763,2.8150525869533523,1.2911518068714094,1.180349987565705,0.7489822937564518,0.3294856531358402,15.436511788039708,0.15888646571829668,-89.51955151020786
3.4246120496485175,10.447121643151501,0.9089366290116485,0.6653699038168202,0.757116736989328,28.233436411833033,2.8232399188001165,1.1974174145995715,1.124310677495419,0.7387544617353161,0.27850164725584003,24.957974836371285,0.16886315391741064,-85.86379732106349
3.439916054816482,10.372751027088475,0.7518745186167323,0.6198381470002087,0.7712114099547358,22.889419317505826,2.7292989197899526,1.3478899119465666,1.3780853362950036,0.7748096447959923,0.18279833973470802,21.850925297960753,0.15128629595343368,-21.62394117482792
3.4164540513989277,10.520375190260781,0.8444166103375395,0.642669671659853,0.7533139844400423,19.77444978937269,2.7795327204034193,1.3877331359626126,1.368098334524775,0.7931912805110543,0.05382834151191637,16.221190163517477,0.17097635363079422,-15.336153139577817
3.419682223736595,10.187088112156204,1.0102835871925415,0.5964677198645014,0.76518089718052,25.034970169631052,3.2068056177456628,1.308911567095132,1.1081658837291326,0.726962040044971,0.08490950150030573,24.51053038751951,0.2000878546660811,-71.32578460083832
3.4080687574279396,10.35190838379759,0.8480292728471208,0.6023281336827379,0.7168919464387569,23.365338973556927,2.9494802934572775,1.3616588477324,1.1554267249577967,0.7445756733254828,0.16647188934218574,19.453341802720473,0.19410005982993264,-65.23144681590536
3.439442472086042,10.571073406696167,0.7366735871325709,0.6618835673022282,0.7341885580427319,18.948032248620216,3.1776864495166137,1.2011888603310925,1.2971379388235755,0.77376770236379,0.007118561126662304,15.187397154086606,0.18036110840812938,-49.471896955143905
3.4026426723842498,10.420530101170515,0.744672795345029,0.6096106197106825,0.7362073919062363,17.505392106795608,3.0038106456117637,1.2738764974813845,1.139882230919909,0.7031342712078389,0.06345442761003493,17.164360997205094,0.17010728123563498,-81.89578040278795
3.410406920887843,10.085321306644365,0.710080236981617,0.5906836680963677,0.726425567396396,19.59566855433017,3.2065064493780033,1.3728964902914718,1.1910649669363433,0.7910345839472007,0.23700322068963817,19.47833564250727,0.17598155545504524,-7.685362769169885
3.408776133298904,10.434256869029113,0.9357346278644312,0.6375846338065997,0.7685517138964887,25.41218775182402,2.976798259912196,1.2180310324904304,1.3866667040523373,0.7364151243119451,0.3326448867150148,21.8457790964978,0.17342045425796498,-115.84294686703733
3.412871641006197,10.570480218780146,0.8973866606882347,0.6286439668144109,0.7738251720499792,16.4654812005164,3.1515195040043835,1.390192733476592,1.3052469414890127,0.7205915154927067,0.14891921802389096,16.707036608561694,0.17588613308214085,-6.614987677942182
3.435960791965352,10.63593491530098,0.742698601458288,0.5651428131925819,0.7177421085743415,25.06134122767184,2.797871631101056,1.1644927646785024,1.2206306850519644,0.7661219997440525,0.06919549686993227,24.299392052212323,0.19967764748631403,-121.31029830504734
3.407433252905844,10.63712420597131,0.954798185488809,0.5502868044130841,0.72776954482264,18.762556600482654,3.2723433463352514,1.2992387477566494,1.1527349815259926,0.7444345465509246,0.4108730190077203,20.106424302386948,0.20595513736716772,-21.418133008071393
3.4006075419067545,10.045345225365734,0.6704390121544572,0.5888485825786461,0.7741721027218975,24.221332534041622,2.6842752576428586,1.154006408030874,1.355572164246684,0.7468317968316573,0.31130589039528067,21.245358533337743,0.1691310502950445,-44.49399025015619
3.4284355449151467,10.206524032932949,0.8930870204291737,0.5493901811453862,0.7058899201731552,19.78521122831258,2.9930252693502446,1.2318156792088453,1.2331750086036972,0.7632781863693122,0.28247332739926484,14.58944240419009,0.179742911580727,-96.93631160345868
3.4148800287674965,10.129387221667272,0.7388059626383957,0.6858346669813239,0.7480006226659226,21.827708342077752,3.061142635597154,1.140158544361308,1.3404743130792762,0.7694049697627362,0.03129070924419622,18.60830853210216,0.17222873629301252,-103.47741751991062
3.4285662605781493,10.01836740406581,0.9478096795885875,0.6254702360890039,0.750194653203555,16.91631489554119,2.7611275848696013,1.2805420911013432,1.3450775457742896,0.765777598275141,0.0016351096188640193,18.822828274199487,0.19298504896464574,-50.11827225409975
3.4088511969958724,10.68823190468433,0.9449468638448151,0.6894157990822051,0.7010842727056741,24.47619082193323,3.1862964531868276,1.353392381711795,1.1581200460596486,0.7164171717321711,0.18696350374314855,21.882096985490826,0.20020792055474906,-96.8572375964495
3.4208017072040313,10.10243326320377,0.921216059499841,0.5549036846556822,0.7072039085041436,27.13273523224249,2.7195928630706994,1.1084762273643645,1.1751619765194579,0.7236737500555104,0.4078848448097219,24.715099769092365,0.16370332326155781,-86.96543177187893
3.4313599547798455,10.183077109889838,0.9110407782042251,0.6115849732204275,0.7556756054396908,27.125046672238142,2.735803640175651,1.2751145690828,1.262593302190903,0.7893864761790866,0.17002783117526504,22.675945986063432,0.1563371496358593,-77.38794245825909
3.427039019058129,10.211054257815848,0.8905754567394168,0.687842223717285,0.7515115235281729,20.95207026994535,3.186427417481974,1.3402675782111766,1.1098295925871515,0.7378157951771196,0.4965783413633779,17.1736755895811,0.16839081252033178,-78.44383662913069
3.4066988182664093,10.34373313600623,0.6931806061360336,0.6187447445155997,0.7453793785683273,25.772924472019728,2.816176335332771,1.3290909517215985,1.1254273046618917,0.7440290677667136,0.36663464857612704,22.96352850835452,0.17840422797722197,-108.79360116899285
3.4163782991624374,10.376233116355321,0.6596187498223234,0.6463382430585267,0.7163563509798123,21.837240251545893,2.7319990487864083,1.3920547198598037,1.2518228336747268,0.7900749040278733,0.1267097295628852,21.994100605646334,0.19859285494679668,-21.586180506683576
3.4331778502800527,10.830007937356378,0.8080585767669951,0.6532084396439958,0.7033054759689419,21.862771974388217,3.0341156853130435,1.3602881539483567,1.3167230252531665,0.7426005965210798,0.3509432901685497,19.63804599956052,0.21728895237112356,-69.5115335726582
3.424535678036699,10.575441055506804,0.7158714434381198,0.6470363137777851,0.7783829028050802,20.22766875870674,2.9811255430511348,1.2793952754966937,1.297345427445921,0.754729022051424,0.46155833255940093,18.69328947572032,0.21265073757947905,-18.35362563597323
3.4169221828822818,10.839661693799677,0.7872234299380864,0.5914586817246301,0.7654173959453371,21.08112756341951,2.996199006076721,1.1716217102280626,1.1745197348094325,0.7499958804173745,0.004778545562857173,22.59785325261693,0.16547794620832856,-25.06238115786121
3.4010653393794446,10.714057928306797,0.9405668300609415,0.6978182530913711,0.7024380639903756,26.946070132431224,3.1698765545040906,1.3898132970951589,1.1841497873820301,0.7735894851591256,0.23810138365216835,15.95571901156875,0.18378808697220422,-17.639603216416717
3.4226742553310836,10.129686568034874,0.696141580619674,0.6284207752482847,0.762403336562294,24.265187975151065,3.13116012786325,1.392596200759536,1.2670663503344115,0.7829174408152116,0.021330727989076672,18.451844779139876,0.2197568098310746,-115.1403276053149
3.4249385177589686,10.583960989187716,0.6894349443291472,0.6643321707818817,0.7734090871985284,25.35564816738273,2.6878261378244312,1.2387683872002935,1.1193879939709828,0.7125673287776316,0.14307301931725652,23.480127586071806,0.15839318078836176,-54.87054932476981
3.40383187684309,10.036279912498042,0.6636799179942963,0.5520700368210517,0.7559953663904664,26.59334461319433,2.8172046404645052,1.3926724962124215,1.199588848855814,0.7005552870812882,0.4400606742580893,23.470803700661328,0.17279786122136462,-113.91337489084572
3.436963997557433,10.784222339078443,0.7971404704175953,0.6390972660611749,0.7548195357399743,23.742915867276388,2.663145209571557,1.152197355048221,1.2647029044487228,0.7964250794255122,0.3133784155413573,25.747244122216536,0.21371238513552238,-114.11403528109432
3.409301226803825,10.743089623138195,0.8192972827852195,0.6735172178219041,0.7023064121847974,26.402319654248757,3.2086777433864953,1.1665781028378552,1.3209521021061705,0.7618123467866134,0.4453746389297294,21.439566322819257,0.2054534826409143,-118.30096086689814
3.4180612359117504,10.088382195674201,0.9851025176154458,0.69511475625999,0.7182419462731995,19.87155543354585,2.887892251533053,1.2353936747631125,1.3057237326763085,0.7013939778227855,0.010910182676035869,25.43567010671123,0.17659962307187171,-92.99874662854604
3.401915959109411,10.45628292583159,0.8201171464882617,0.6390668145002494,0.738797720086733,26.72679296099797,2.9529655529722034,1.1704540245946682,1.2081759254551436,0.7586747779940207,0.03401721692188454,23.881124020854177,0.1520647650582084,-114.14509753879702
3.4160004898458736,10.241564818390275,0.7620752971368197,0.6934148397083868,0.700211720830653,21.909741529455935,2.850938131316116,1.245131408807359,1.2675221292843333,0.7717463471432165,0.4569953244010399,21.78367151270143,0.15129001528501554,-47.09578884538877
3.423365845584191,10.541758850217217,0.7785305487104177,0.6877747453390763,0.7385575766280398,27.885821198671266,2.673425071558778,1.3862184452915516,1.1229284871102743,0.7868442059540102,0.2525519588576353,15.135586852743042,0.2032016837619015,-70.9222984003938
3.4006907422466988,10.475959412878217,1.0020467140575438,0.6180261775390576,0.775325077391341,20.575600506881948,2.7556203252506077,1.3536791863727078,1.1860554593982846,0.7300325764757817,0.07821818070790315,25.259766615427182,0.16452436778002555,-2.495909836005197
3.4353743214982626,10.642048183182302,0.8947800249621245,0.6139940481720693,0.7122337683396693,24.43006679861287,2.9893657492135133,1.321550219106821,1.1851025315007089,0.7120267867530415,0.12031721297297755,23.821371850821308,0.17574921330019733,-80.13223694634192
3.438327712428583,10.444231986385567,0.9638825136538587,0.6586963830093009,0.7286476820948076,27.419521657122623,3.1497750970470837,1.1565781025873345,1.266450536682564,0.771448747287717,0.3719650709396514,16.571590626185746,0.15359555579134557,-10.41401753130151
3.4325945763312284,10.107447214005674,0.7124015901957046,0.5581855945469865,0.7137218463906884,19.213515023808082,2.75460329820623,1.2912780202681193,1.265312973662669,0.7813469042674781,0.4342365701330859,24.17443385317625,0.2098935919881639,-112.2124034395753
3.4044832019898363,10.448217666238394,0.7670035303919573,0.6792866146692498,0.7551417743690948,25.765295684999636,3.0474815263127524,1.3481082429945834,1.192571050804538,0.7509378409912294,0.2944275030924673,24.226819751997127,0.20231691071499827,-70.83997023754895
3.40043474555227,10.365689364058433,0.6796443811778432,0.6592775974495633,0.741087173314754,15.761953458869177,3.189433676100249,1.2502107201580097,1.3190223169906807,0.7002930691558686,0.08078431622634664,24.24771947339678,0.18243012430416497,-94.81130645952449
3.439944520619998,10.23477163401738,0.6978507945257885,0.6412131207794676,0.7644296618693822,17.55738270604256,3.007227202938866,1.1946948447170682,1.1591337061450522,0.787155499974174,0.19118498235326267,24.554006600238093,0.17246902114405446,-67.2376413922975
3.432512301990178,10.89909865392663,0.85074700325668,0.6144163949872028,0.7431106881998029,15.782790745044899,3.105912806672177,1.287524053396549,1.2124417120883137,0.7838429555717403,0.2525185037721978,25.876660846614378,0.1593497050063794,-75.91270597511854
3.4281755086832555,10.148544063637972,0.7415186868833014,0.5699702465570655,0.7208309760914,20.687115195736723,3.0741703350937173,1.257843275188064,1.3049534105458276,0.7251082949414315,0.08789113978948918,18.38328194580253,0.1506056943315392,-77.29291411762614
3.407036148150878,10.395294404846403,0.7040631675363507,0.5717953564300995,0.7662991044640273,16.04208778441152,2.643659360284617,1.2816138442092908,1.2394475414478825,0.7183670025936859,0.07845698271920541,14.141655946168747,0.16510206973481703,-66.13983559288246
3.4059448855215795,10.575780416466335,0.9856712780336401,0.5400189002314284,0.7093407248379822,15.704325648286185,2.9680589870505276,1.3606289432561807,1.3866319566143739,0.7752183148010167,0.42336517126628104,21.928296464622512,0.21499395257947662,-90.79515399240489
3.4221822980805605,10.230542230594722,0.7400010909887167,0.5475895174973672,0.7335027994275272,20.187156195370832,3.154314765563625,1.2515864028723915,1.312449657953532,0.7255636373510066,0.11177133830115106,17.808411421192837,0.1596651371932513,-121.27360551506423
3.4257572994573917,10.733821879478143,0.9325449122395735,0.6655325890586292,0.7794345375907674,24.851137778335953,2.959369550884161,1.1503381418241883,1.1994840023694846,0.7410902536072774,0.08893307374504315,18.465513943243295,0.17666253725048833,-72.34008247493617
3.4391380070023847,10.420841518554452,0.9681920432244377,0.6574634993987511,0.752739734917672,22.193878931304138,2.9327178436675436,1.2654509845971602,1.2780513325116785,0.7532340457898038,0.49943926275092426,14.946032893046898,0.20351119122784656,-35.823654916211154
3.4150908404744578,10.756049230570733,0.8644686185285775,0.6860187936007697,0.7419505509462683,16.63380942514275,3.1718572006918033,1.3839760256427915,1.1913963998534165,0.7161581618242646,0.11183246193368383,22.24533510236194,0.20545911846348555,-67.9769191447542
3.4303461698446656,10.666399770468686,0.9410223004573599,0.6362407452587033,0.7541746039092333,23.298744929235315,2.7284377747984747,1.3567084236974336,1.1794530401559151,0.7313018125718196,0.17117542818889464,16.666819194153124,0.16863996999722533,-68.74320457162466
3.405374421400784,10.298773706451879,0.97236147811785,0.6578699800320708,0.7399399815733115,21.792261661299445,3.2600172216074648,1.2602702948775701,1.3953023939692142,0.774592319966131,0.16789644965781692,18.106028497174172,0.1861105131183581,-40.50485478930547
3.4222572844084787,10.738599428299999,0.7710671974326154,0.6451170290746069,0.7662460318855108,22.66935777382909,3.195536513772232,1.1889754334006633,1.1462305358289084,0.7893676130348055,0.29368916361101977,18.25070368778865,0.18974844471080476,-16.795313950117958
3.437602455082125,10.298677862778955,0.9571325345937514,0.6003306263317408,0.7620879033453738,24.71012082028372,3.0393420274922165,1.3566716611683183,1.3461519396294783,0.7780304073760825,0.409033778614314,18.94576505710701,0.1695786596868502,-111.44852298720956
3.423479864056968,10.360286313554063,0.859452801821715,0.5706647732535952,0.7077153017749803,15.646039283897661,2.8464906131656593,1.3615998956500812,1.3789323474663073,0.7911968123225218,0.39102495536433424,17.278273476386275,0.1841116383065511,-77.8923491788232
3.414891730184275,10.62090921854534,0.7238265483854053,0.6630050596502374,0.732677331234062,20.218194213869936,3.052618850093959,1.3203933551845468,1.2628448940972197,0.7596441936727207,0.16744401373185394,24.760526307358163,0.16651158229227037,-10.976959016536668
3.4058807273813922,10.034687876647615,0.8350064669503948,0.6300086696010871,0.7303187837522955,16.37614529101314,3.112277482078903,1.1490700676535652,1.1338717987189197,0.703003002400082,0.0830815148658644,20.09257059421074,0.16074480417337256,-45.875271253521134
3.4163449210817056,10.283221362309266,0.766063121976533,0.6796289277014397,0.7590867128830738,23.75355063275193,2.6580666883338275,1.325604875711024,1.18922081302456,0.7425698934639987,0.005342771449598488,18.556521288430226,0.20932803009745143,-89.20841968996663
3.413906858434388,10.228706353500435,0.692924234759165,0.5710068723979368,0.7275497935269255,17.31058620503996,3.253327542983751,1.2168016222909939,1.2903792458230978,0.7364863256145732,0.29931052530322644,14.111016490890043,0.16534557132552186,-45.2349356725025
3.428196520982359,10.421578523536978,0.6936678037675197,0.5722757205221771,0.7038985520097408,23.008536439591474,3.116937027457309,1.3758436711019095,1.1835540118181052,0.7757895625512531,0.1507693298598457,21.619127264639516,0.2084889373810922,-58.739435559968456
3.438810602583993,10.597018948589346,0.9783824451241263,0.6295077393335564,0.7598951547335464,19.28221000742584,3.2662065991383704,1.1291981817795413,1.1489487503053057,0.7523582050499517,0.1332580809293498,18.412458061430222,0.16831015532600568,-14.868844205543567
3.4235670957494424,10.790531788937827,0.9512417933059307,0.6721929687302666,0.7485677783041179,18.201886843195787,2.654258133799783,1.1766508301874017,1.35965880321021,0.7449926012838944,0.3273453113965736,21.984294456916952,0.21962933867915174,-27.727849214149813
3.4133572300451203,10.314933063248645,0.861817168077218,0.5446061834756679,0.753058666813663,24.908670079679357,3.247522400326061,1.1653230626270799,1.229816868894724,0.7149254639636332,0.19453767316727083,25.853601442675902,0.21964409035217358,-75.12056817054506
3.4300898401706683,10.690409346724204,0.6650823998367591,0.5895691969525608,0.715864114207504,22.920423868948827,3.0742881908865587,1.3998003066904612,1.2910701750011235,0.7048811762181183,0.005124631178679575,20.506854235537194,0.18180832167764716,-66.330942972589
3.4379218914140623,10.676034174903528,0.7610056257137686,0.5434645199245856,0.7606793467342022,25.239443328453667,2.902958391361158,1.184884110755986,1.1268357494313737,0.7471150718891486,0.005953867928087973,21.07910433330101,0.1920708483247975,-115.51554841865033
3.4020030799787135,10.131674422161002,0.7733313771025887,0.5793766595318092,0.7446569044862918,25.179325067134855,2.815953206214287,1.3361981152108622,1.2906688086820441,0.7466324178680949,0.2725460299194309,18.958320246873612,0.16687536760833638,-121.6699514220563
3.4205721902238464,10.090262729200322,0.7774629774269177,0.6785304589132638,0.7585033526341585,26.785047717211256,2.7135612275410743,1.1237203920375818,1.3945441770361051,0.7980108749055087,0.48583562417292225,25.194719051342457,0.15424021912593866,-72.62544350108472
3.4351143221763127,10.732324314938248,0.9268135851185488,0.6583931698233911,0.7208762383765543,20.33121279885931,2.8898049183495034,1.239701351288772,1.2897515215495692,0.7037208976748665,0.4078489482252929,18.804022154283814,0.2164967310619052,-47.97578700656837
3.405924910198957,10.364793696349388,0.7851813383512605,0.5417759896224984,0.7714103684476835,27.440351548003378,3.2677010658924184,1.1705211651872318,1.2057693347016794,0.7713272081545856,0.00047995719139146196,20.80241228053796,0.154465861427396,-79.71461408693818
3.405189675308088,10.37577692276784,0.7978787335538764,0.5664411948108701,0.7123747924804963,26.278763043600883,3.033578748661252,1.31879733066483,1.3109383625611364,0.7009954817906725,0.2518697289872648,21.014910518772282,0.16942555998751915,-29.53288836632177
3.4221473866422394,10.12165491495528,0.6782300829945214,0.6670108821397918,0.7277427908110152,16.956950837968275,2.821823785554571,1.16551688258965,1.348119493559117,0.7149190111583593,0.39663035438077726,25.583879892966333,0.1599937671645356,-96.62755831987602
3.405531259478124,10.456132989565855,0.6967702073734666,0.5911408322852467,0.7010554803014718,19.8030331013815,3.101708981314684,1.3808634486863025,1.1323149234877932,0.7848867740596913,0.42877289348619263,21.550745036502207,0.17000887019884747,-107.41977255939226
3.4075412074263602,10.823843910726781,0.6723499386136838,0.577663178428043,0.7251376609770205,18.305455025093575,3.2437542587140045,1.354113925348315,1.2678733304523722,0.751224366249992,0.1304625594789006,23.864845726763175,0.15326167913949817,-73.87193305452794
3.409185692605726,10.30187567553226,0.8449083890073259,0.6912229439143742,0.732249396389013,27.71142804712999,3.0159319845054875,1.1070176880081182,1.1661999321069147,0.7278902230513631,0.15420466642660297,19.553699099729286,0.21897386500132074,-53.50784315525584
3.421760885032287,10.484813079670456,0.8344024493080833,0.6186377521070936,0.7477214859214036,24.34372565061969,3.016446864344784,1.2117905924503236,1.3044079655896617,0.7038797407566932,0.47965251345165333,22.90080992152764,0.21390722524651135,-117.9924537200479
3.4073049943386993,10.394673902903982,0.7799275847254106,0.6022957883410941,0.7414010500739484,22.859938998007735,2.9721260431976733,1.1021048652403773,1.2692733264838938,0.7197427028199527,0.062134545884776474,14.575312751188454,0.1817250809509161,-58.20103545412695
3.4375813136870574,10.703470983284571,0.9172571586657556,0.5826843908685664,0.7068381247438258,20.059912155926582,3.2603760649718843,1.393867160704849,1.1366497660681485,0.7386040460193269,0.1054896106284784,24.95421081708991,0.2142315837682899,-3.0561671125793453
3.416749189443065,10.066259526569452,0.8212785180221192,0.6257070796522841,0.7015290257406723,28.180637110245314,3.165272742712368,1.1142619826354772,1.313588689277217,0.7523160344682872,0.05168588384594416,19.53054223092296,0.16471732454059274,-91.5122064239882
3.4394812909071337,10.833866659926331,0.6999517045940751,0.6855181111017004,0.7653966690111131,16.110586681506987,2.939270662408468,1.2920223118250802,1.1820079080663135,0.7236941397536106,0.03058824062745984,22.876908206427817,0.18595307768795497,-17.606721151966312
3.4053712719049174,10.285820572333144,0.7753756400633244,0.6133002359167274,0.7690222217964837,23.56925893809528,3.091391309429353,1.2686630600008124,1.3729152408604808,0.7425810692608062,0.15210881145442773,19.699256626765965,0.15756934128475125,-122.87143563011848
3.434763323544172,10.219950850635195,0.8985939510516097,0.6506004601153947,0.7468641950567052,26.32798027329457,3.203499423230366,1.3537043883051576,1.2248403844280762,0.7212968266129746,0.38795520317603627,14.63576003882438,0.21816650936064536,-72.45433346368792
3.4240276122332762,10.211172569234003,0.8612161634093867,0.6772321263782414,0.7087418896305681,21.82979642125899,2.933422890801902,1.1146052236013893,1.3022250163754208,0.7708759314402831,0.31468909834388226,20.025737971910665,0.20177030291178435,-35.52884634703079
3.4346897070667697,10.406485565170755,0.9922238311554392,0.6932475264091663,0.7649397878619517,22.545836035588938,2.9658973138692533,1.1991947722900989,1.1859953491589799,0.7578991708457901,0.3584737523534617,25.481866957885174,0.20467059605130475,-69.37060779385583
3.4125200782673764,10.87942870258575,0.9804780957811923,0.624806128350069,0.7070706274126664,27.1685661039754,2.8571973805763355,1.2793648167887088,1.1670501418648127,0.7951576757365951,0.279387672715739,22.43245748394834,0.20842776877844024,-31.32411425659764
3.4052831286555625,10.202068474769789,0.7062099896779825,0.6572771688317873,0.7142195974963202,18.546041261790233,3.1163426668115823,1.1725045996082293,1.15907901920981,0.737456788352511,0.34789043707536516,17.238250757966885,0.1738470698155838,-1.7394141781277028
3.4387909799255523,10.23221333971553,1.0157305551359583,0.547061276018312,0.7692412219943141,23.374856609917877,2.870147390993397,1.3903380220570578,1.1086896531475348,0.7409657012528653,0.4899104330616063,20.498600515561233,0.20047261983703488,-7.6678508790709685
3.424791243036687,10.30103232616285,0.8631404819566816,0.6404237846527039,0.7346961592841753,25.324559829845,3.1764056145291173,1.2616416002290722,1.120548087899378,0.7444094344590485,0.05543459933845697,18.893985331149032,0.2159832882968169,-88.88358261731548
3.411300976040772,10.276425098831538,0.8703667193361084,0.6654147631336917,0.7028613124495748,24.984275323678098,2.7156561171854605,1.3497703422497624,1.2697015088540247,0.7510559351440173,0.16486003055879347,20.13830979643693,0.1563859512009527,-27.25168870600163
3.430197309218075,10.262195044550754,0.6691011252717964,0.6676361014959232,0.7127583006423993,19.901150647937385,2.943070372032844,1.2814244575482956,1.2180594331345818,0.7263463873829136,0.4017686669945167,18.028437144324517,0.20146214583664715,-46.09984269453632
3.4385537398708768,10.213878597952453,0.9239411699706581,0.6212350619151903,0.7642485776626478,16.51562744023111,3.014967774570413,1.1458011115953675,1.3147457304589254,0.7345552778332328,0.333342631277236,19.70856634148951,0.1534530239907229,-1.1122695538094547
3.400259538335681,10.507622107097294,0.6602228344011923,0.5713147414285876,0.7654880249707863,27.614860885770597,3.13589769050105,1.2308868902082715,1.3361165649270486,0.7796118147120468,0.4580571160751532,22.48374541834592,0.21116539966779735,-36.640883399350685
3.4340240598544636,10.789091607568121,0.7456415148354982,0.6211924885818723,0.7095537343303268,15.826384370119627,2.908488260337282,1.2046956121052004,1.3553661757035496,0.733678896096455,0.41284338930100084,21.646033140494232,0.1852788009283926,-94.93076138772405
3.4217402595436877,10.672533777726585,0.8797426757524633,0.6402435148039856,0.7622592665237296,18.807176463362836,2.756394647083988,1.2364335512165807,1.3392928583411703,0.7813390704893206,0.3444150333737386,16.911198970078253,0.18902158858800774,-29.336585123032876
3.4010944744090112,10.709003808701215,0.9098464082563822,0.6158261510910501,0.7393539301580934,17.445441544645234,3.0339987094410694,1.3296347248042464,1.387768994687334,0.7748385862616706,0.41481065268748546,22.491226148567968,0.18215797901501818,-122.93178576811468
3.4255961462022273,10.875509741927024,0.739154762871838,0.6901793805911196,0.7753853209106459,23.409631857072,2.7245424711695403,1.2260062886653715,1.153141793520564,0.7846577403985844,0.2816134616168913,17.881431465652025,0.17944458966558172,-17.98601260033439
3.4074978251503367,10.078406175799694,0.9975492665505451,0.6321683608330563,0.7128604811299605,22.416219038626735,3.186480138447772,1.3587507049535925,1.2558373043890367,0.7004334891000694,0.3613071711010235,21.89650865202578,0.21346798944714843,-75.99669658820235
3.4390635470594844,10.541507935199519,0.7486580578408164,0.5652576711979255,0.7473012663488032,18.475996050042724,3.1084017769759407,1.1652055031711368,1.1089355062513089,0.7264738950819594,0.3556598220211186,22.025507703004862,0.19877827710509396,-5.0717632539569735
3.424081065960463,10.242846344536554,0.8091587959976123,0.6613101062211456,0.7203251521267139,15.53557279299137,2.676116062292435,1.3835357238282433,1.3002486303428302,0.7463206250582644,0.48637630714328384,20.626277942525626,0.17762138242679365,-78.18736658941957
3.4296177504762246,10.035261325742404,0.6710339715699243,0.5703966342044806,0.7035457264436324,18.35746127808282,3.1550598585047216,1.1005768691839262,1.3976068765864977,0.7894605394653967,0.3925565854334459,18.42648342240311,0.20500155142129717,-10.44093674252916
3.4003599709027643,10.316200475789131,0.7033178620122102,0.6755030072303272,0.7041647976450848,16.348966042007977,3.264770627898655,1.2530069495151441,1.37629662931388,0.7188914823466879,0.025071946106022824,25.93617808841203,0.21207202551451537,-28.16924154027157
3.4160310018814224,10.705975617306557,0.9818379872678902,0.5933336455090742,0.7271067284099846,25.05445603671476,3.153988826276118,1.1602623273264239,1.2786968386650315,0.7924878031901073,0.1819705685209075,25.806838872780638,0.1662316550619483,-99.31941110331394
3.439281717238475,10.631544519366656,0.9330565615598501,0.566898302762967,0.739655059240967,16.145695383239293,3.136908080686838,1.250551518034424,1.2161077157425222,0.7088637870322685,0.27653888374487545,16.66584859394749,0.18353715324997066,-120.24990525493526
3.4362365618511843,10.072149551563323,0.6949352105709641,0.5461018385384153,0.7134535892680611,22.37638672943962,2.767687168700537,1.2720927100497557,1.3217058836546167,0.7194889741828314,0.16217532362297474,16.54682229816668,0.17244327041802762,-69.2681064102955
3.434192304258537,10.5457997100217,0.9700130959522321,0.6348166889332201,0.7760354973897936,26.422311342083354,2.6894584853852472,1.30564675878044,1.1736326876223735,0.7686984486639394,0.20161725023580337,22.51208627544141,0.20305699502391955,-104.19287631679484
3.4170602398371974,10.701842652626663,0.9503029082988883,0.6743555916934766,0.7466274062362734,26.18529733153943,3.2660125834420337,1.3148054460846361,1.2429950775190364,0.7217971404422341,0.3922349345023061,17.811893628763208,0.18925512622303367,-25.910551113797638
3.411405466773205,10.0989622242272,0.7526051391235342,0.6051284531572929,0.7073036639103567,16.45504874035155,2.902018510193548,1.2703773623604804,1.309121744906376,0.7086636788083825,0.18160249218968574,23.986192509095126,0.1609141497057706,-110.76460745596285
3.4199489243018015,10.392343180227137,0.7861286028253226,0.630464058986349,0.741287625569437,18.484405153059303,3.033099037691615,1.1530519736967786,1.2995867322756354,0.7790533466502896,0.4619364410237908,20.348042541682005,0.16191813620750162,-11.590183050275499
3.407371527650658,10.51415648113599,0.9431109700652208,0.6614335747920249,0.7013517185137028,18.60451203544856,2.7089219557923236,1.1995661060219331,1.1524127516395588,0.7932558131982173,0.20886353650424236,19.3219326834707,0.18693692227003625,-117.37310506720472
3.4364810117776905,10.581194721295237,0.9244001317508955,0.6987694291582573,0.7085105610628073,25.238002562892852,3.2630533528786234,1.3202082113642462,1.131566850497717,0.7624902120966609,0.21910776953960742,15.699424550719758,0.1705706858529181,-4.390584428765166
3.4201363264096702,10.230854191807895,0.7560148554564047,0.6380560408528251,0.7012291015034982,27.39719510207543,2.9231654697321656,1.2734600636659772,1.2174689471055713,0.7301939990047608,0.22038633929753637,25.496712519494466,0.16098889363272523,-11.507144017417659
3.4257031463028556,10.730419168569748,0.9379490863002216,0.6636058730616674,0.7393494471904943,24.312073885886992,3.1307875795691475,1.1433713981182072,1.332169114824719,0.7317491997875043,0.19585329253751566,23.33247496145066,0.18801251564102928,-89.60230115118733
3.4121328457799978,10.460882765654858,1.0018572372500365,0.6049693288371488,0.7307527405019125,15.649406412638244,3.253104339831127,1.3706942850586825,1.2448438406019195,0.7609246334133108,0.1939628432462606,16.065787712170383,0.1751392780036211,-94.43258596950827
3.4177580394569294,10.44486933796962,0.8271734237780439,0.5802793945290401,0.7192214515586272,25.68948419553133,3.2717629534632713,1.2025218002363725,1.150840373003012,0.7800788299024338,0.38532291538084645,21.686159215875684,0.15180930686347857,-113.1559415049581
3.4126951665107095,10.426942893110384,0.7885262582922261,0.6515210717227921,0.7610781276516595,23.093848516382902,3.0378887281333515,1.1114084632209853,1.2492162808540626,0.7160967606675568,0.11517268039620052,21.80832247842825,0.19186392694117585,-116.83172608506722
3.4003029132286042,10.511690241117364,0.7962443473858475,0.5420422997188398,0.7293203839056233,21.552114307903633,3.177779384628149,1.237231836078974,1.3887392847733864,0.7218058196748698,0.1944486646384292,25.393948480183397,0.1527636195101043,-88.41419700199516
3.401694236532959,10.680047940721602,0.8650031925950611,0.5430672819882973,0.7184359240922744,23.174137265812455,2.972402318149702,1.3316385917368732,1.178837324528462,0.7249520647844089,0.1650174139861792,23.18021543813516,0.2070784625458948,-30.883865357309546
3.404497838387139,10.411138898660981,0.8275007937788479,0.5911836869224097,0.7080281487441555,25.10747668013571,3.0425415661231434,1.3320164244839166,1.1656265833178538,0.7109440762735357,0.029792165793356272,14.550829932478976,0.15691233324537407,-110.48639632589307
3.420900152892647,10.883325869200043,1.0108313034693281,0.6207971294462215,0.7729380805591938,21.20655129323619,3.1277171013048686,1.35126320035638,1.2551032848744657,0.7347207144850594,0.23804737874103218,24.991745205643102,0.197450641896758,-51.171231921637755
3.4204895464570937,10.76064994306519,0.9171763255826859,0.6470741106925169,0.7322782769130808,17.414878212339705,2.9419854619048857,1.2721717532591157,1.3141778290731876,0.7806948336752669,0.3999259424940532,23.96389531965647,0.18973507380152987,-35.30971614130604
3.4069734234613245,10.843904703070734,0.9832091895913531,0.6992344702269424,0.7541066001472164,15.672190649622744,2.7792895414730054,1.115174091292558,1.3892848013969172,0.7885803808390722,0.16542647800284563,16.31652060243544,0.17233981311890006,-101.17145579104722
3.42215082057407,10.040773720641056,0.7840656721383417,0.5466324733776856,0.7686447381053862,21.978303890612796,2.7232554317039774,1.341992694520425,1.2577137897974349,0.7053336358462675,0.4087425877492903,16.438046496220537,0.19086907094712874,-64.88737832162911
3.4326449621307598,10.596619989047763,0.8079483186881763,0.5823946108055658,0.7392134316821863,25.78253053641518,3.17976094724025,1.1374393791064281,1.11475057510963,0.7736035227226551,0.2645796926430348,18.436146311407313,0.17029632392982866,-29.718285445574054
3.415440500027416,10.48875048370336,0.8499722198984834,0.5488417194456429,0.7483393629085712,23.613368394287015,2.924565263351938,1.207288202935384,1.3113312898878713,0.7828480554845342,0.2984225598060663,24.44651954420241,0.17367044914028945,-32.77010473652156
3.400953540310284,10.066753800111197,0.6980359166804622,0.6049216201292376,0.7478794878851991,22.36341310571961,3.0539184111412427,1.1282163871747999,1.2552589538104013,0.7679288413452562,0.3395997988951488,23.51991142834371,0.18277809646278517,-101.35356194226783
3.439205314116164,10.120760595279274,0.8717947815497871,0.6857282620010332,0.7174492697643168,17.407664407818924,2.693329683551485,1.249661238300138,1.12464619689901,0.732351045424582,0.11940104822024314,23.98178932381612,0.18539267248861066,-106.51701750744189
3.438735311852904,10.661392014175176,0.8903452000615211,0.6878950890660325,0.7708629124093214,20.312691654132564,3.122604981321107,1.2034262844656327,1.2043980822936975,0.7335901850626589,0.0792094644241853,21.53648505648449,0.18004152053156436,-118.16160954367999
3.4367050655039972,10.51234508704482,0.9773907166745261,0.5638554239400025,0.7320449969966836,20.479202505159677,3.2400332093061235,1.2629758413323324,1.1453291578025293,0.7352586820968604,0.26487617880395437,19.800834854137136,0.1844693236474168,-33.45790319089912
3.433816990362447,10.653038955593155,0.8664085598457205,0.6495074128931367,0.7324503104810297,27.420622925228898,3.14797119712075,1.2049279189714,1.2900116187669717,0.7356115989769015,0.1598945283680034,19.188561386420563,0.1795708377121192,-6.313086657377653
3.4254863127601993,10.54359261108144,0.751699275594049,0.5937986987122474,0.7370150414370218,25.716452208271484,3.068968467990141,1.3502400531549201,1.2031716607859853,0.7580315723497837,0.3958744435791366,21.181852862514553,0.17856923563501093,-14.134141775590692
3.4280483445366405,10.701132182451175,0.9134240623124421,0.6137689646266489,0.7240464796801699,15.485012890840641,2.6972829062333266,1.2859973850499695,1.3117451568195362,0.7394773424890158,0.3678300250509993,25.13109060476434,0.19694281895419896,-20.383494585712995
3.4059200088816155,10.153118844873562,0.8709654720362778,0.6664434632830615,0.748659235583959,24.3253655724967,3.0493593765205627,1.3783797154394677,1.1363390538692448,0.7003129109667604,0.3421947680700823,25.27836819927413,0.1753783470766771,-66.88363470981292
3.409317005169439,10.758370004454013,0.8927461768488444,0.5427848508134269,0.7102961504133738,17.03830628165481,2.8549772351753298,1.1701092527964,1.2764320677881367,0.769422483646824,0.2970351096471635,17.118096954147294,0.15230164628566792,-71.50857541734182
3.4151411324034155,10.858392770761569,0.7776050341350699,0.5452420545935683,0.7198926455884647,20.776033604569022,2.8861042624714393,1.194260428533293,1.1835382439174487,0.7918202197235572,0.06418999173653107,17.740295062502774,0.21170087871110066,-3.14069633435669
3.4022841026082835,10.40532692981247,0.9244385679593449,0.6130109815044964,0.7685263772519765,26.850244160763197,2.836632654090502,1.2889094857474792,1.178201984418441,0.7624587996812273,0.3925287458775071,25.976753537137775,0.1647417450730054,-90.3204853020109
3.400274652180211,10.182333267322754,0.9266267101410002,0.6377816405412493,0.7340647987054161,24.758768786873347,2.8712230773910807,1.1892598307495899,1.2968583253378385,0.7568346429106133,0.0801354939766316,18.630912226083176,0.20889820430920075,-11.27412023511016
3.4293511957714102,10.186130824631048,0.7665220738090038,0.6693919525303587,0.748460476425769,23.182119608579796,3.183479960307346,1.327738909444965,1.2140300917809699,0.757496698644554,0.12361573302178629,18.213776374177506,0.21486216937347824,-50.87871730250828
3.413016567964168,10.23338261329425,0.6897744033608503,0.595446955390261,0.7652731158662821,26.599511747505815,2.975254882706781,1.2897765974695907,1.1706075762011168,0.787514098815533,0.10639951473937785,15.336108488911206,0.2084605950045403,-82.77887611292675
3.4031080286031035,10.243395994619418,0.9199524469594819,0.6354914322575899,0.7160907514854463,22.441341941219918,2.6491805195123366,1.298471966406758,1.2490343260109182,0.7675474133297251,0.25077799659560696,15.356166896682476,0.15279598175999667,-121.6288951362111
3.4263616385779154,10.072313143826792,0.8909743946497285,0.566343059444522,0.7641364479632011,20.149397218537963,2.6993695428471995,1.3654159881432997,1.1053066512101062,0.759935689300958,0.2302047332530788,24.381472761678182,0.1659047246547421,-11.41667407407462
3.4260962714257044,10.658337775727881,0.8692369742817475,0.5677279506523486,0.7124473696377944,18.381571826488045,2.7995974363677534,1.1573781352291914,1.1861153377089184,0.7433665493023749,0.1555518758794671,20.4545872406152,0.17507786521479607,-116.41685700216581
3.4140789261238482,10.88197614870382,0.9352725073505919,0.5866742041611177,0.7133519350836385,22.672864310946164,3.1852595105732417,1.2685569020310257,1.3416034840253597,0.7591035938649788,0.33279477091793136,14.458010666580362,0.1538734404480983,-68.25678982313346
3.423204162803256,10.007902288065909,0.7414886996912649,0.5677475562678035,0.7712212288817634,19.42729935708625,2.7160094562265527,1.2908865628089732,1.1677273481315198,0.7304988169147307,0.36488617153525155,22.08468526452821,0.19825993910944043,-3.3837346064574945
3.4143931361447972,10.004355016479074,0.8120495182701168,0.6817989974831951,0.7121304627728614,17.86104121546131,2.7419836718858566,1.3657678035042793,1.1082065711225393,0.7961699378322222,0.1290686546927735,21.412065741881918,0.17297931483475543,-92.86609627075082
3.4338813530717602,10.525422329373312,0.6872908609106297,0.5630591542701866,0.7478921460894467,26.45948689638379,3.2414193211907,1.3981984432002517,1.184419729449314,0.7103684689769884,0.02336333519858414,18.350626807337186,0.1563765957309528,-106.85491674240134
3.4043400584456336,10.05789085680456,0.7556521468840264,0.6735433443503489,0.7178223232741618,26.869210090439474,3.2094145903114315,1.3805139812514509,1.187373313538217,0.7227421124535428,0.19162139169221046,23.114929727975852,0.18076174126425765,-9.427514840222997
3.4037752104725785,10.80287119773701,0.9268512400274687,0.5474673511932864,0.7207516497583036,25.05346588162389,2.7848289687629455,1.2156680702964417,1.2319406983493855,0.7334216731109222,0.22605694029080034,14.637782842078785,0.20371173613319216,-108.56760939977026
3.4123164745556998,10.395546869825045,0.9131335158578263,0.5883446889066114,0.7430661017555757,19.600251260679492,3.014896807395101,1.3990516747308122,1.2477708453387208,0.7217693573333681,0.06980165211473792,16.247536881321366,0.1762906050193121,-63.089010958859824
3.41944750294889,10.532907529212777,0.8519559802348764,0.6328432537104692,0.703908741121975,18.414602244698344,2.9737235151357924,1.1719718065191307,1.2399573959299757,0.7902457306084407,0.0020724968535675687,15.125122639600242,0.18343503687673188,-19.60423310450858
3.4175072575434946,10.294807358128699,0.9707124589051335,0.6648427326719559,0.7569626497586578,26.818507170905875,2.6958626159967696,1.3159381083765527,1.156997325600816,0.7344071487702768,0.2854410589131795,24.278079636651356,0.19434887128472744,-120.35704941487992
3.433152739692281,10.449012045814648,0.8445343760410283,0.6044315199397666,0.7515622514939684,24.39051981342601,2.7515092184158,1.3713363079640106,1.2742768865813816,0.7065040682436455,0.1612184789294624,15.28752134089946,0.15131455630322235,-66.46644186319796
3.4081418144021063,10.001134471328962,0.9852679543344978,0.6084893719460086,0.7635913911282202,15.363808322870725,2.9541530834263137,1.218180376902233,1.1551679879831915,0.7237327192101356,0.2528789951681968,14.299585797688605,0.17883415835171781,-24.863939814253058
3.4339140523485527,10.34103642329365,0.843084678780877,0.5544207248346305,0.7081284822889663,23.697702125836877,3.2411820618434763,1.1438976999449086,1.3736330593878292,0.7321223985192695,0.05322283158103261,23.072031385117256,0.17723724577023164,-67.53421237764431
3.437959710427855,10.182417564515431,0.6811116455182651,0.5657724017972264,0.734535902406963,16.092976007466092,3.143657801369357,1.3341631414711816,1.185244707168104,0.7153013185501443,0.15929468729532145,24.5295395550515,0.15014526121243404,-16.600101622944123
3.4102961223761294,10.176439103033015,0.8573246748488188,0.6526829606671252,0.7057676947707555,23.608194768311435,3.2032712546027335,1.1225152665187794,1.3374601657201053,0.7536848915107932,0.2452049626219603,22.362050466597154,0.1522863991359391,-81.90817617887154
3.438780384759944,10.072964289216575,0.8119316885591454,0.5775510238736209,0.7062797258884229,16.08057936615085,3.031681180632657,1.396550090038466,1.2228794642414842,0.712799906848816,0.41277280103946257,16.73552994271583,0.19955499096604445,-14.50419463062424
3.432272154816526,10.36585917379713,0.9989219454307752,0.6572398455423278,0.7428971226831763,19.6119371802705,3.161965427766204,1.2579171460657297,1.1143352503818944,0.7505284826410262,0.023455414241259825,19.71640427167511,0.1645739319998648,-71.0532156515403
3.416202887228283,10.102640110238738,0.7863620399948347,0.6520484397956334,0.7701337290845546,17.376891775392078,2.8453124612339704,1.298346549083721,1.1435938753165156,0.7030373992053813,0.38660800086404673,15.394953765373593,0.17671154879656245,-58.340733936949945
3.420846704195331,10.087002745663481,0.8135735507930089,0.6152740129244374,0.7638268579920002,23.024038186075682,2.746629130471343,1.3790107098320727,1.3406872856945156,0.7028073386554266,0.15307033227290917,16.597257381213208,0.16922654881500424,-55.691659260045085
3.4304870249351516,10.445500041658633,0.848636722938857,0.5791199223668335,0.7772290241274955,24.551647254712584,2.7411506658438647,1.367733981820102,1.1486078683588603,0.7910911025265904,0.2283439291158282,19.65470357450669,0.21926921781766417,-11.690944051939084
3.403418445540773,10.544458737949856,0.9601736452844012,0.6131654517904721,0.7131920225312448,21.824213566848307,2.9268926962855293,1.338516022887894,1.2351699586242377,0.7811143349960509,0.38387959569610636,24.90496023061783,0.16355696234139075,-60.37398680056234
3.428659693804646,10.742888481107617,0.7892973087619282,0.6559626003522324,0.7150238271567074,19.249624969717118,3.2740622649599915,1.1842059920115715,1.2231592327091287,0.7504981169092882,0.11101483443781175,19.15517786412536,0.21414017241317373,-31.002223027100968
3.404490706113072,10.570574880039239,0.8759723368728471,0.5439095374706272,0.7367828083158927,23.371606850979425,3.0119441867459606,1.1562041926818003,1.1534842754506736,0.774570255173112,0.48334542471123265,16.95504455344702,0.17701324941721103,-25.700133322903667
3.4375172730736114,10.115843777302173,0.6654771965060108,0.6779820885568868,0.7454300214769174,16.1448786559459,2.8952632977866504,1.2427408974705707,1.380421773006508,0.7649035279384083,0.2848641435228774,16.35219431439123,0.19544982791688553,-23.10096238684376
3.4300144266830372,10.30845933292846,0.9547485495080865,0.6661619156952931,0.7017400130656288,24.778429686999097,3.114572192888425,1.3952942928430243,1.3764978497102618,0.7060016584518782,0.14942630671781434,23.102943472652157,0.20146813178388653,-94.68337059748464
3.4193413149380607,10.519083707668052,0.7701762254463324,0.6513928721867966,0.7694664531507885,24.040408132431867,2.64150374633937,1.3847828249434608,1.1307752925865249,0.7653173035051762,0.43906821210942615,21.78994392267137,0.15069850172805216,-92.45718962595404
3.422249215264333,10.566981865981866,0.7066947030086214,0.6288915702739377,0.7173860003974689,26.854185088711027,2.9729300222148947,1.3191451744959124,1.341291213790356,0.7939838574540783,0.32445771089284153,25.026135990092385,0.2051648708659909,-96.2353920389303
3.404305967435253,10.4892077805797,0.6747479966671774,0.6890123745413063,0.7677761761599674,19.43210300327621,3.2361079561492945,1.1587954936767528,1.3519031377091546,0.7526155525013176,0.18962933053053027,23.702535917649875,0.15955059880437636,-74.29108838877659
3.4277761396362734,10.842034566191787,0.7625434020104489,0.651083974199514,0.7312235012003192,17.78836467313874,2.692299402529797,1.3646794840862642,1.3435972294052694,0.7041607982296153,0.10298697353293834,18.144304069924477,0.20220738498226612,-96.38205271488498
3.4364147297978547,10.347003934814444,0.8427075864834372,0.6523921633055881,0.7206277026136109,17.924582795945753,2.9139690565707457,1.3038348851822712,1.3669392155954827,0.7971609776935618,0.34496281813545476,25.729853483660136,0.20279775457186464,-37.223981511467485
3.4077001598914216,10.484171337233605,0.7228538807877316,0.6509617756518619,0.7347370499700553,22.155881182397803,3.1439741114298956,1.2283401505269465,1.308844282281954,0.7707122249444478,0.24541010543346983,22.67254205229699,0.18158020284487164,-80.50238025063226
3.4002553313154666,10.710075846416672,0.9369355453230636,0.5463511447628917,0.7751291700263842,19.412801385617364,2.755255068511504,1.3755640345056515,1.1332575473598643,0.7434566939530162,0.49383352834125477,23.81256855946137,0.18607142071590815,-3.0896340164389926
3.416447440699839,10.491093868508612,0.9905112600585657,0.6476318645932538,0.7326839918044071,15.675046316852832,3.204737740074503,1.266493997577317,1.3014576197879946,0.743221264732269,0.4370120947898566,24.902176493206213,0.17906269608419084,-46.26518823136357
3.410431447279765,10.38929142042041,0.6882648334647422,0.5734102410125091,0.7625199030041973,24.51983384221002,2.8847180910640557,1.1101483968245394,1.1840753702725193,0.7274335308708451,0.354206465505869,14.832692407805991,0.20793998762342242,-40.01666231669199
3.403877483696337,10.014651066806481,0.7928691210214978,0.5871901532481737,0.7264534392874906,22.937550112948372,3.057473706575216,1.3107728365728577,1.203556683606552,0.7455203266336047,0.1870334795567801,25.5895314768768,0.1510604681378832,-15.870878954912882
3.4329345649904375,10.0090395820481,0.8802197232131269,0.6161357491203374,0.7329057828577302,19.932047338917943,3.22698047245547,1.2944039651611277,1.323368055248237,0.7098496716974576,0.21124829461318279,16.717851057671844,0.15216257859178173,-54.714725539109736
3.4234337251114666,10.55325447847017,0.9694255851319795,0.6782245945445635,0.7311450169024242,22.721132105772572,3.1052796667919624,1.2963611532092094,1.1824135578367923,0.790013263940011,0.470100405595337,16.57524359850136,0.17584795256975697,-99.06690050985186
3.437049596322212,10.076342504517022,0.6963025267337554,0.6567842497402905,0.7773827552250399,16.988853442027043,2.894655928163128,1.3938288554872504,1.2697457690803822,0.7736642742771082,0.24303672792201575,20.89137355411273,0.1522554948608675,-114.98723038473852
3.4199116530629525,10.749418884917096,0.7363745334089654,0.6145203625749122,0.7403538551193283,22.276952155179714,2.8249719702980105,1.354260027132292,1.2104957152388287,0.7089835124711803,0.05797585243162567,16.40201699942036,0.218373975832549,-98.80169265507934
3.4051591264367302,10.433590723912658,0.8491836997111213,0.691965880263495,0.7564700460487241,22.61766321796619,2.6848896682753614,1.1137990737917094,1.3918699360972775,0.747563442219975,0.49743782952553534,17.3636273471,0.15714934827096969,-1.165387180334875
3.4287640028889235,10.313137107004557,0.8094572592332009,0.5646162219545148,0.7245200205324359,16.415623540132707,2.7901960092253826,1.2251039946196975,1.28469618927446,0.7325790077465688,0.198869805239226,22.91232969599698,0.1722722476449992,-52.02074772179175
3.4357210351403924,10.005450385294887,0.7161891028264896,0.5706457541120512,0.708171789225553,23.653942540628133,3.1913486917403833,1.3268239640812625,1.3399222584689028,0.7980693044936573,0.03607774957999755,16.517638112011483,0.19096390476519085,-37.52317302753393
3.411293163536997,10.192004137159953,0.9398986235808455,0.6745277530583889,0.7712904750591989,17.355686769802723,2.74577228719713,1.3878578409507198,1.188863975668869,0.7027288270920949,0.4527803219137979,16.70398495515388,0.19922596740614992,-87.94913217851337
3.406428941672936,10.172790879649044,0.9563917912478931,0.547628966168748,0.777159813005269,23.27715099887037,3.255096807120402,1.10119676656963,1.3643176213718793,0.757781763969146,0.15404932996469844,18.515193832329306,0.21696601911381408,-1.27899118921394
3.4321243084246515,10.743464049276797,0.6629222831827063,0.6178763548535319,0.7759843307685238,16.8566389333639,2.854950762541515,1.3092305504894401,1.183296148683202,0.7439771906988126,0.014048163325329628,19.07943829401458,0.172239682679562,-11.985491295183252
3.413308957070931,10.573901419804859,0.9274240060728238,0.6330223335572387,0.7371691729936002,28.31938039440565,3.275250837987923,1.263485814113294,1.1348176254705478,0.7617796008189891,0.27946214938375474,20.907265971067574,0.15596029789975235,-78.06277834123796
3.4127145074050724,10.140761373022594,0.8690089024733405,0.619848784722681,0.7765322006171896,17.774194175445256,2.785369121406382,1.3132130352598705,1.3200906245372457,0.7475796228052102,0.4775075261294556,21.008287143703953,0.2028667889035344,-76.44417403792124
3.4327288628026182,10.70799329236353,0.891087175672418,0.6986370433796927,0.7109842714875407,23.362481145291056,3.135516756150308,1.2261965795105052,1.2548157035322065,0.7129424558517989,0.3946814634234095,22.948729518609568,0.17892114059131653,-79.86040578613893
3.4180785883241804,10.87820118378568,0.8737974931613063,0.6479556068762731,0.7365230340836922,17.71539282808971,3.1568825477804205,1.3046231934304862,1.1912441112314884,0.7420006510684921,0.476581325777858,17.821875918034337,0.18706880806127396,-9.248294624175443
3.40009961164784,10.146145651297958,0.850953917991845,0.6691296701810416,0.767174902697948,22.10853922524417,2.644617520381995,1.3525338550739898,1.377441913982667,0.7443127345644636,0.013563331164875639,20.297715559004295,0.1842534845654028,-73.41408162673034
3.405211520265834,10.461550449975045,0.9508019304943769,0.5724189942620916,0.7636929133570465,22.232773278737014,2.827573691147379,1.142087582390437,1.1275309219452556,0.7495879894967601,0.4446505699514384,17.79114965239686,0.1954437519116892,-63.145345334495346
3.423190150685881,10.572407717397752,0.8409778657233253,0.6227379755982565,0.7059233455530614,21.117968664255734,3.2064553123284023,1.3908094915946148,1.1828843759442598,0.7513975611405856,0.31391806298604485,19.890645962220333,0.1855466141529731,-91.60845288630057
3.4322602952729055,10.222888343364373,0.7244270912395248,0.5755487178572873,0.7254759489797333,20.503894714621186,3.092794732570764,1.1601467616703836,1.1215197591547588,0.7401939710597063,0.35965368966785083,22.794813235335447,0.21739298299146032,-56.81906422413357
3.4080887503672828,10.692823878135624,0.6531043014469653,0.5587690447287467,0.7519972746173654,19.466266424558125,2.6617942033678457,1.1800509957229088,1.1754127893467132,0.7271310989389917,0.11921218832562698,14.422975800190448,0.19113174590599877,-101.54004778672152
3.405379247848918,10.723003417970009,1.0012842751917272,0.5515434738127686,0.7346458136293688,15.849191045026867,3.056449791150576,1.3555062488821235,1.1538774006991643,0.763453771805636,0.11558301642583955,15.82922788799134,0.20760735059798424,-79.36812441875458
3.4303939230171436,10.053389400465074,0.6868727828903859,0.6494753726174931,0.7777746578749705,16.963826081650392,2.81554390561291,1.1886834464533087,1.3827247794700983,0.785766982774673,0.2215938193301626,18.243904237896892,0.18952372088972372,-74.87811121950091
3.4224415480894357,10.595031595830383,0.6736258473461967,0.6940288153187382,0.7430820566616376,27.150946703759907,2.8163512605045264,1.1837028655405533,1.3853583542479528,0.7585774208627853,0.12154611994518212,23.08964753071497,0.20618012371006417,-78.63719071227422
3.4386131232288077,10.189043067023418,0.7990232832091246,0.5512756752754604,0.7238220829268279,26.91561181412684,2.8461397051686927,1.3685119544646678,1.3425219564262059,0.7420898375534707,0.3239556717977471,23.57671352357727,0.2195580525604479,-30.786965949180768
3.4167016646478627,10.301294001719942,1.0230601921144575,0.554415938137377,0.777405997042027,15.669953606388177,2.9640991373083496,1.1753359044845921,1.3269426532855753,0.7906230548584081,0.028931266550716834,14.397668016422546,0.16335672970441503,-81.13944423160501
3.4024869685149115,10.781579798055134,0.7791294763162562,0.6291531147173317,0.7649767855290842,20.732050368486153,2.957545051526785,1.2821193060166212,1.1395062598980008,0.7579082147268078,0.03383265438754687,24.611834667084004,0.1864413494389801,-106.71606325646266
3.406790957443844,10.312531006971309,0.8367178255159857,0.5963401847417029,0.7508965702626318,23.75002819587629,3.0121778806741415,1.199601103616663,1.222554036351218,0.7578209081716331,0.12327243720889343,17.116590321066646,0.20417116536452448,-33.04187840989533
3.404535704097444,10.268825538497197,1.0175876034969042,0.5785635526192334,0.7353304553205771,24.011026263160623,3.1561669732195217,1.3355977912797605,1.1029220538050573,0.7259063855685004,0.04639099945569422,19.72328727246594,0.17166137647192492,-45.061917587099146
3.4285291382075584,10.815615158611791,0.685696311843584,0.6713869424371606,0.7379033632529848,23.963825730148884,3.0778919362943373,1.3802515695739648,1.2326483315728056,0.7466290364712475,0.23061282702707486,18.96186887299691,0.1922093609936184,-38.64654760191132
3.4132586741148945,10.349062952730563,0.772985616092601,0.6148296821783568,0.7330314855136137,18.64500879959213,2.6984661949043605,1.2626733480654082,1.3293045786102713,0.7318133744851245,0.017033861911435143,23.781825927854346,0.1918311608250951,-30.34594474866853
3.409027301961109,10.00170479869576,0.7709689616697193,0.5655874434303121,0.7438902543301662,25.416060335951887,3.0637483453714878,1.299400994717788,1.2054347174772535,0.787920917106794,0.27972571476174124,18.140040620526463,0.19099742995998248,-97.45592851805148
3.432501291296774,10.898779834422413,0.9356952521976225,0.636667666162027,0.7431435807354276,26.004985541163585,2.9820500785621693,1.3801662936461594,1.2330258725846517,0.7588863405799192,0.03718926869921493,24.929898468311954,0.16036335141116337,-78.84545332570968
3.4394745381849074,10.285238158786163,1.0021165916087393,0.63213825631775,0.708819408727645,21.04742779728599,2.7291834410078506,1.3930152052732865,1.2252076016159632,0.7432150440986293,0.4099700222769877,14.446928260284782,0.1609313181662507,-93.93818451725163
3.413150837188804,10.19994778109625,1.0136778620535876,0.6596532142892366,0.7736004322981581,15.933576382722732,2.8185343347612855,1.3656565640956488,1.1438352923082524,0.7478726903940177,0.07441793210076504,22.827589872165213,0.20640708122645945,-70.02223218856602
3.4313873993138815,10.051610368199075,0.8074689207447201,0.6981516226092537,0.7456965553544537,24.509870375569207,3.0846237625996586,1.3325871162682983,1.282038194133623,0.7419766655187802,0.3218705175277217,24.025802614794415,0.1960069103376969,-17.342148001414984
3.4044726011042417,10.301339343525527,1.0152449676848225,0.5539406032679625,0.7411588914286328,18.34133474750197,2.928890685704184,1.1292850637822134,1.3099358629101487,0.7417195529960752,0.2697751226541897,20.388452171901974,0.1805438291820763,-65.81560664717432
3.411971347535011,10.510539123946803,0.9222906474749265,0.5971535553171013,0.7177355086568519,23.198891894933443,2.6414567695250875,1.1110022069764434,1.236253033548151,0.748667818941427,0.42027008355891543,25.83102844786171,0.18681455583751833,-118.96004968069752
3.423864444915795,10.173629228536992,0.8618963800848333,0.627191008048558,0.7638056148957484,28.195573580988786,2.678349711809072,1.1581956346630424,1.1273780095192167,0.7566849975779948,0.06617588660169718,25.879273165914185,0.19880448358693117,-49.87622894832489
3.4078267775760485,10.592603615828635,0.8093384537550723,0.5900277748298054,0.758360991478749,24.36763267536005,3.1255444172038374,1.2948981648141147,1.155549676862178,0.7194068629797867,0.466904945838414,21.751806754587832,0.16416603493329254,-36.254021212796275
3.419320069466842,10.68429597277044,0.7001671999353097,0.5926094524133789,0.7763121990263823,16.823736392543182,3.2109170862614,1.257045617588561,1.1664819835856386,0.7978711311821965,0.18053189867225952,21.792744118590804,0.19900037474601992,-101.41590713021893
3.41907947324571,10.658241563635139,0.8423031237670087,0.6341337925453971,0.768711069179965,15.615144815134029,3.2785344937943943,1.3958568831827336,1.2876277915738161,0.7857174887196663,0.23046741757236383,19.604024866329574,0.19690050441483048,-76.8309430743907
3.4097852804213225,10.510921256799262,0.803883615779773,0.6108095459916726,0.766565917930595,17.292654243613455,2.8007365241343947,1.3615232138620943,1.1858384692413957,0.7743598605630407,0.30941387767464623,14.826031655132212,0.18591390089242427,-78.72687198312076
3.4317380628235012,10.36131396770673,0.956424955554307,0.635598677068226,0.7223624779287688,16.133206766028458,2.6635654201110155,1.272827566770062,1.3533631477525456,0.7306926017438978,0.11033682649614583,17.500223295366425,0.1527723638796063,-51.33885760375243
3.415271511321336,10.404218283396668,0.6799640470441535,0.6364824027183741,0.7384598675700604,22.58042218541453,3.0666836178734855,1.2228426425793082,1.2342765978050891,0.7827863725121328,0.19992233376579566,17.316487381096195,0.1958233561406665,-42.98222266047189
3.405812139821677,10.559383628032908,0.9965412834947094,0.6179936118194342,0.7736544310556492,18.036937304708303,3.0690069526190893,1.1396792590267748,1.2824180320493852,0.7513284109892443,0.06875113742696248,17.903758328484912,0.18234384951351246,-32.73054851324552
3.435677985068492,10.233325990117894,0.7727089047626241,0.5424382238703824,0.7641710191564365,22.543385090744632,2.945491988864819,1.2797460830801863,1.1419964812017762,0.7869120978369744,0.384499915181168,18.168776859922755,0.16870065811197055,-2.8199268340709693
3.433728796370225,10.712493444185206,0.8475159581571912,0.6582816869841548,0.7059678724093612,18.915822383333996,2.9570371223386034,1.3390623997600268,1.3601639975673323,0.7744629017938428,0.4296439414876907,22.765443345649693,0.19669359926385788,-4.535966330192451
3.410976461578036,10.852456639680454,0.9961417568638516,0.6550249252186737,0.7166370238831136,18.380091694199365,3.2085941523121067,1.3727155369980248,1.2101600420358596,0.7668024778085463,0.2411884139102114,18.96883025259288,0.17430819270480247,-73.06017266364793
3.439427223703967,10.845517762089262,0.8577484144875271,0.6095001185425527,0.7368369188678064,21.493308899935947,3.1081230061149645,1.3393184626637678,1.2036447073123835,0.7447924823980996,0.4358278924494241,16.915966258824646,0.19931077642751754,-67.820758729521
3.4205988777828673,10.593755725305645,0.7992477470839124,0.6390129304075562,0.7554207667347854,27.903064407491172,2.8017730437734465,1.2866575100096753,1.1694748655967955,0.7237033467964931,0.1834585193830642,25.275222838135598,0.1539998715942504,-31.301242615582453
3.4077138232574415,10.678511131433957,0.6695289530821038,0.5878150053514118,0.7391280790351258,25.261635661470837,3.130887750609544,1.1181205694480463,1.1825126113897608,0.7252907177856003,0.05137001332846402,25.230025647689097,0.1714045563863523,-57.441053986165215
3.4311519621082427,10.056617149388186,0.7236797581174642,0.5714118946163665,0.7196295105904841,22.110060035651337,3.238402424146055,1.3260846571794287,1.1652720500336948,0.7903958292384144,0.4851371350569163,25.561874520979693,0.1514878556082532,-61.29972760205929
3.4187935857028457,10.231172421006944,0.9789918442052141,0.6909210613702518,0.7373263314130549,25.731178977572227,3.201616336076407,1.142160240978985,1.1068879457627245,0.7669047968793082,0.3410235009797758,25.122253579513355,0.21496659230296816,-75.00676243421165
3.412222521221119,10.12114115568767,0.885961617045424,0.6981297522008321,0.7301336344313625,21.818533605877732,2.6435445659858603,1.1814738318346094,1.1998561507660988,0.7422952523661981,0.07913011361510776,15.891043267882331,0.19811824055934174,-85.0549275012005
3.4111041461493334,10.337866199518603,0.9535252578535696,0.5860901270734481,0.7757421283850097,18.09167747919013,3.059505966100042,1.2791422527356469,1.106430396285759,0.7913304383823798,0.2965010279632467,24.753847396266778,0.17816606814804176,-15.48744793918604
3.412814262719726,10.496660933654985,0.8986635196438209,0.6258018352762817,0.7655404205995138,24.63241683569146,3.1887677852880065,1.218790193300129,1.1792814124547721,0.7731006567222704,0.033952653562756833,22.967658044453174,0.21033259038866478,-36.13614500924302
3.416004862217791,10.279055202788925,0.9247598528281236,0.6073132438572555,0.7098716959771679,16.617356580885495,3.0874100915810248,1.143244671671796,1.17632681629854,0.7524600217630507,0.34595251518148473,21.84163827876266,0.17808612829657644,-31.648218441343488
3.40884445762881,10.11097613341332,0.6664114225859323,0.5826166749426495,0.7640753048019635,20.937599123390125,2.9857546580159453,1.1342817047174898,1.3744651250667284,0.7499365231082079,0.3424747379394382,20.664348436730595,0.19767149088103664,-120.73004569910425
3.4355691974765525,10.74908374884437,0.8659130813094305,0.5518236275437992,0.7762338522380713,20.2580898134497,3.2591478061130377,1.154801027522246,1.287155890985908,0.7079674013866725,0.2975317673230787,22.043733490376873,0.1732396850604336,-109.33788732080293
3.40958974900417,10.676835107862862,1.0200540398716509,0.6014425663606963,0.7458214171400268,16.068101010444277,2.7489170579311417,1.124956385673312,1.1842978438900242,0.7074304815322238,0.4592152277542238,22.725981421230053,0.21388774811512837,-73.66174811909744
3.41733933390961,10.779019753947049,0.8801580878785628,0.591958005011951,0.7350286684613335,26.173130534106555,3.0982476499694243,1.3141330713381338,1.1552625394543088,0.7612573287108275,0.02797873004717844,25.262306321958807,0.2153646637421806,-53.70167152941394
3.417291504639565,10.560768985729888,0.7219655517524759,0.5659813144283813,0.7071595859166719,21.98315911358707,2.920513198000993,1.3837612904077856,1.3641005311720755,0.7152836412846281,0.37733072220719815,18.27867739173962,0.18128048942115965,-75.69469396702402
3.429553626405964,10.40482295261246,0.8786738116163402,0.6336740158465356,0.7484556455712497,20.21227140646966,2.9327599607851025,1.2434276828696675,1.2495266977097619,0.7862524796028693,0.29080510175886015,18.07954957254727,0.21427431947218312,-14.865254242814146
3.4313612380836713,10.163231293475043,0.9917048690978258,0.6569411839371357,0.7726156786298414,17.337603698149152,2.9515369945057808,1.1658869092804414,1.3390531658604654,0.7692673887688862,0.10842926852679292,15.017611883296501,0.16579336042168016,-42.26945099748522
3.417393191448646,10.202747846826249,0.6725200312952943,0.5965855153641888,0.7683424742733845,23.8085529829028,3.266714118057169,1.3773244718342292,1.274923744744251,0.7164260274234763,0.35390084199141336,14.986152569973244,0.1827121033110497,-69.40836311763823
3.430459093591749,10.24585014386954,0.8776991472218042,0.561320063715513,0.7401238371869764,23.531793078058655,3.1069737763948857,1.3825527306845808,1.181004816321672,0.7214518493478247,0.374097959422252,19.36350985659073,0.15527181723630362,-34.182716055478735
3.4227932342330094,10.812405858746894,0.8463692624284046,0.6867705603617902,0.7631603819581566,24.418192897875514,2.9425294261599335,1.135825748293832,1.198195592580484,0.7698413127527656,0.08951099077110748,14.530368900646595,0.16007238756156128,-78.20883364021722
3.414399322888747,10.75514870064098,0.8208158350992827,0.6006165845506436,0.7543718650280176,19.921222860882057,3.175679580648313,1.3585784997471604,1.248996085606757,0.7131835460912261,0.01460792405586987,17.42002854792394,0.17880711412407987,-14.61958205660271
3.423406904651247,10.104144894375336,0.8898582196538949,0.6869795144882885,0.7553702298327326,16.316795446302685,3.259572010998718,1.248898542688944,1.38346994465496,0.7605173550694544,0.07711002909280058,14.819594245077784,0.19570894860484356,-27.37974561607996
3.41935042782298,10.176526021810757,0.688938975865802,0.6524327219223964,0.7505286710190233,24.726743665776326,2.781766908656277,1.3757053339735792,1.318481880723229,0.7639803850680623,0.3394776867628657,21.589909035497016,0.19997549624102007,-18.261852317963744
3.4019415990298207,10.731760841958549,0.7622052019447153,0.5975906706623099,0.7001789760330516,20.599641297910097,3.0321024429899044,1.1465497857902411,1.276543717820268,0.7419867699045595,0.24793245544452047,14.954975400539405,0.21659882853812273,-101.81866391000933
3.438740562687819,10.787493923583964,0.6794168454403415,0.6440979841962534,0.7068436599582754,27.799295888591033,2.803730895632799,1.1387187761143722,1.2481113576379268,0.7840590347159477,0.304384414247885,16.618187656676803,0.15993571223827355,-89.60492159133696
3.4178236740784964,10.649703706121073,0.6887446801149179,0.6640089097924702,0.777875448729005,18.391632410754944,3.2156880337542955,1.3045080918748446,1.1470013124395837,0.7887550560481563,0.06681191000719203,14.10336691976316,0.1639791248859581,-92.97717855277787
3.409399368704818,10.879999471876891,0.7044514630303642,0.54165227918776,0.7706708217272463,24.97459214372157,3.1848873573936087,1.2029164602668148,1.1629995785514697,0.7424878435005122,0.36010014779164506,21.168835797779515,0.18298389234345797,-73.6180228829537
3.4092238360776355,10.29168441129464,0.907717516221699,0.6973520131615966,0.7353386566343322,25.88933148331398,3.208541145904211,1.3174491102338814,1.3957468163580018,0.7132912635158016,0.11126443594679997,25.475257900551803,0.15652271173119453,-8.602260673805091
3.400354126265738,10.849169883820789,0.8512371386884117,0.5830212293214438,0.7743165683480178,23.935717323505752,2.7487105829337812,1.1017563593607653,1.3567604486437306,0.7530450584667054,0.03389616033831372,15.557305222434653,0.1729911211185294,-111.94538483329781
3.401565321091,10.64164882631574,0.7073977177406713,0.6326789428335532,0.7663718031140245,16.749653222559864,3.002727255610747,1.1218207856915043,1.300683519396878,0.7258011270003741,0.002421930504314076,22.39497277344608,0.21727904171661813,-72.57496567629497
3.4237411726300615,10.737386689453952,0.9214604421092074,0.5755098924111439,0.7137983611515867,27.466680272567544,2.956032117868023,1.1139349526838274,1.2951867921373563,0.7296341977699973,0.3952137460241585,20.943332712751335,0.18683203714129867,-52.964756662035256
3.415548646946243,10.128233963749466,0.7365064179324794,0.6716384818865961,0.7455112311982967,21.4176536064346,2.869374826031901,1.349221149766849,1.365524213091315,0.7255932063460051,0.12523372767386287,23.573390503975396,0.1678161984870235,-113.19511877370694
3.411477813795157,10.567533878213066,0.6848875848014745,0.5890686636161475,0.750370129564119,21.053194735968418,2.943599455496041,1.3649565474833698,1.101093847489416,0.7398579261515702,0.45017235202122263,17.22123437682893,0.19936956051946894,-107.03583205603773
3.420594594673773,10.333123456150128,0.9770917604131681,0.6832887418209361,0.7407666272960385,26.517036355548377,3.1212395388347414,1.3679843528014044,1.2304221697553845,0.7049913134906952,0.4538783560116231,24.964896461887932,0.1575541349921013,-99.33563992077896
3.428013639881415,10.110829187291603,1.0292721307758295,0.5892295387553232,0.7616152193439193,16.352094906426494,2.745380290472152,1.3872111476055466,1.1051737352226343,0.7717507779179806,0.2777285484628127,18.237110998278304,0.18774544419709296,-94.31154566786029
3.432572332956738,10.05213172207037,0.9288731606863974,0.6852045133003954,0.7062971068906035,24.883403138431145,2.9321301989995074,1.332529201219276,1.1745900568165268,0.7226953363480464,0.07730601931010793,22.592106386670114,0.17092783801376613,-14.667669893752418
3.4310898801034804,10.304432375132057,0.9118704646214497,0.6530972228522302,0.7713245456913864,23.225077675414227,3.2582318562882433,1.1031322258957732,1.2576494740885995,0.7248519278067084,0.3307349019357655,14.49408809964831,0.21604942884350337,-5.364326552737367
3.4041327409047852,10.718654872788228,0.8941053111903895,0.6135035577308396,0.7014581446270591,21.146670140959785,2.971143471699763,1.2057789654028566,1.213852098860306,0.7456804768618115,0.15577746704377424,25.74992775904905,0.18247332002023003,-25.380965852178505
3.438831922936557,10.778618586134746,0.9377024330466932,0.6262755053604204,0.7441957625498825,16.82278311830972,2.9507100885785054,1.2706345046760026,1.3893262108974576,0.7938332881653465,0.45071432993334576,23.632298337094593,0.20274360153199378,-55.95237455260289
3.4312043101657332,10.521734900937838,0.9202433222400866,0.5624348620985773,0.7757918594928983,24.332613314902204,2.894560824270555,1.1284855894909716,1.2251298524786653,0.7193777268967834,0.3160339701074638,21.87317222763712,0.21835455545802854,-83.69347287496863
3.435278793219254,10.734944953561964,0.9371328742080751,0.5601633345965346,0.7084402095727106,16.274756798940057,3.220230665446058,1.2309006336030257,1.2118548026513993,0.7231036951737311,0.41574145775867777,17.212733539574284,0.1615753179858038,-3.0082607242031116
3.4012193424461037,10.168605091246242,0.6999748539868174,0.5978788444386103,0.7554937279408264,26.36741354377653,3.1061173905772512,1.104371592803552,1.377118076103106,0.7725678350893487,0.44037763644123196,21.33307583314086,0.18577907465399326,-36.38050250123578
3.4017340307454096,10.433500384903407,0.7480232853840648,0.679979568202681,0.768844327067906,20.943953501791686,2.7364981218465725,1.2772681502089962,1.3004579035183563,0.7256169030235109,0.2646033226378165,22.45658139581962,0.16346194072110917,-56.41159275393822
3.421292006802629,10.259357212618667,0.9893392799661854,0.544440110946306,0.7113389845534723,17.9386161109114,2.933663794540016,1.2936126827742467,1.2964047974018433,0.7536067246672928,0.10538832198182282,19.819259070292468,0.158243190214536,-40.242410268959716
3.417305459769673,10.478806341113268,0.9561500976510959,0.6434978505952521,0.7784002706256733,17.2088430443055,2.899867732857735,1.1789429137446692,1.3030357586223678,0.7991604632555172,0.39826765925504354,14.15634397783364,0.2158196474557073,-118.53831566905852
3.4243251931194556,10.576528422183916,0.9654649864407838,0.6761615756507099,0.7741249963581762,19.265970803083384,3.0531716341239776,1.3481958593150176,1.1276841995428477,0.7662727215201294,0.13756461449461202,21.170686780427765,0.19989377241881467,-68.05938634939412
3.420281893237707,10.868304803104321,0.8478972913466376,0.6410321166294508,0.7526486255963677,18.21197805227432,3.173519395018992,1.3035714762042723,1.1764390691125692,0.7751080880220501,0.286580572630939,21.58778613570351,0.17827734344052834,-85.31701847341458
3.4332270235390383,10.426845404860424,0.7692275339656918,0.6960889835594659,0.7234372078055819,19.061522486540156,2.742113975737226,1.3967972166682543,1.2513565559013453,0.7346935761469956,0.013634871650483521,16.93164780990395,0.18842440354396098,-53.21064408225452
3.4194950524416416,10.888971432126597,0.883062365844471,0.6816140072353517,0.7240507961947271,23.13869522437674,3.241075114283915,1.1879701510211405,1.3421737806677756,0.7395870990459266,0.011438964740960081,25.153977419053312,0.16255561146269082,-9.582682248451604
3.4308351256473633,10.53922695287423,0.7975222494685155,0.6801476476435315,0.7233749412507332,19.052606220624973,2.804889325373534,1.36663075498333,1.1177467815426074,0.7008695371322223,0.2579133043849566,16.643548387180225,0.21916675412565653,-84.95095876616506
3.419759988597696,10.03198967463231,0.8031938078507832,0.6875151028987943,0.7538624262966759,28.316541971349444,3.0686078390160385,1.2076135232724365,1.1684905795272003,0.7946773704633565,0.4921398808906229,24.148128465223134,0.20781783550606497,-122.65171115506006
3.4299989279700305,10.143786474611906,1.004030265578197,0.6697563914767606,0.7465138049559333,15.935002881113295,2.7950929365640227,1.29207620477012,1.3082256587046452,0.7896316460919051,0.2614288820417305,20.196136844386107,0.18988569512531522,-73.75378950097851
3.426838281011474,10.548422463151566,0.6784658579072922,0.5903869829650245,0.7206011904447425,17.881744374393534,2.9365647225660445,1.2325263174865324,1.23779188775057,0.7938413627653298,0.21597811113064835,25.883733862038433,0.18994853630026184,-21.284161695905738
3.425070467711604,10.704652128731885,0.7719953693971491,0.5889670814057604,0.7634936296754937,27.74077531170188,2.6505059290370125,1.37075342602452,1.3608351959471419,0.785833949715021,0.1680383274436097,14.269531327603666,0.1777048279677203,-114.93921394741187
3.4085093533872324,10.070559235219843,0.9776921198804056,0.5646277104441494,0.765485050416073,24.1892012633338,2.7554453773664243,1.3456685524720586,1.3114036818580603,0.7504178042100035,0.41190478576334244,21.515726026406575,0.16351284839211674,-77.18416102147862
3.4201896830871616,10.241013949523724,0.7500428958739723,0.581444681037495,0.7169989294823818,22.235508147436647,3.2399437496321766,1.272383759083885,1.1985706845255057,0.7586353801561089,0.23568295514866147,21.62774258508677,0.15031610370661183,-64.9227020958064
3.4217814953823003,10.029593268239914,0.8472781545500493,0.5400675712082815,0.7783423288581466,26.51568873910096,3.029674769064274,1.2273928582200913,1.1870874837389849,0.7082766386415121,0.006604055592309798,24.29128728490528,0.20412434848369132,-93.82791122023835
3.412174245539295,10.788469411949437,0.6654118665446344,0.6568991374771375,0.7467914286619932,26.413871789053026,2.9928461123507972,1.279205607607496,1.2747286830407127,0.7762341601436521,0.2094802435407981,20.575768509817866,0.19190090980325508,-42.46384972363509
3.4199683879704,10.712162748927932,0.8339588217694138,0.6934286155531704,0.7393329739662864,25.864204753136768,2.922715907588265,1.178657134948443,1.3275861804787783,0.7573133782079721,0.12242630374297553,16.421670112915248,0.18317499607304874,-3.98761463123067
3.4268131939572823,10.532748552255944,1.0281357388677583,0.578109254083044,0.764596278122864,22.076102601066587,2.970638375403453,1.135345128720966,1.3271830558339022,0.7107998133401506,0.08641005819242549,14.620989804010534,0.21754401000284948,-41.79200986339602
3.438975960596115,10.792201606397223,0.9159078910647314,0.6821856916149074,0.7075775729305211,25.342333897197026,2.793385571674323,1.3199712086559856,1.1939793452150615,0.7048798654728308,0.37245702662683383,24.607098450796,0.2077819243145191,-76.68866256298048
3.416528599422502,10.252470406841788,0.7775106860820915,0.6474630998103101,0.7467765831315165,24.57780819560509,3.1409253195356737,1.1489357530955702,1.3987012877018485,0.7903069329064596,0.27615741633578944,20.706000806606866,0.16289845535820338,-112.69337102215471
3.4135297415829835,10.13338047800522,0.9365819101654127,0.6286011643500724,0.7700277338973875,24.212182191982933,2.8474080373800232,1.1910661373567488,1.1321405165953287,0.7930828573387185,0.017436846512209878,24.15424568511574,0.20785085694206384,-9.670256428878403
3.427316768567473,10.390006536712532,0.8784893692883611,0.6483710891163711,0.7107155738960523,19.564691801876997,3.222976880731995,1.372581768465479,1.3772061986847577,0.7457824722080237,0.3325030943814239,14.046269058563418,0.17162181281617012,-56.5029188199365
3.4285424241527553,10.27775073322383,0.6627771768963167,0.5768576673814617,0.7003573227411198,25.13377195290923,3.076273580198698,1.3144404257866238,1.3290701917580727,0.755336755333868,0.09161372114290586,24.337484936218235,0.16338197422002845,-30.537530681974133
3.4370798597275134,10.139907996383736,0.6925302988586381,0.6344660570429962,0.7752438135059735,15.346316712524015,3.0909829151690094,1.3802639009131294,1.2735402956330848,0.7541955529420468,0.30117998032503196,20.0917689773973,0.1712950020866154,-119.46469566166708
3.430323953523854,10.069842462205361,0.8773558196949934,0.634457962840739,0.7398358527379003,23.57525755526012,2.850010584357658,1.1807719695324377,1.3060035755471178,0.7395036546960977,0.3276240302009558,16.54526823419391,0.1976504673420991,-39.79769785893039
3.418923779791973,10.230708878971988,1.0156267195097937,0.6870207980060292,0.7241702780262783,26.376180164363504,2.8866291340836123,1.3693123311369395,1.2121906205040616,0.7717254912167621,0.36453713355769063,15.996043748844333,0.16148261092212632,-78.98946224092654
3.400745087133602,10.315380658530714,0.7521046637161273,0.685198973790434,0.7049511813673014,19.75325711035547,2.7455883407919637,1.2489566820454414,1.2662070109552577,0.7776043523901086,0.33213951796887364,14.112923096259216,0.20921890505535665,-108.53681290828997
3.43805751045384,10.216143928398466,0.7181344840566991,0.5473911312147338,0.70984652207867,15.98606134843574,3.225905769763182,1.1388750011375468,1.3520268253119512,0.702582841201896,0.13598217901593784,20.663228471505494,0.1756099433572738,-120.67752189373155
3.4344571838155993,10.851249143829957,0.6590249393745684,0.6120214500211058,0.7057242247338984,19.995659963147084,2.664909666204392,1.2595113511492912,1.228624071681135,0.7678813315328161,0.4014443296281629,22.383161916971552,0.1848095642437376,-68.51262892396898
3.4398515362664193,10.359358007187426,0.9326448852805591,0.5997708362364191,0.7436260477897744,19.084937668455225,3.2553479491781134,1.3064125480854165,1.1035385431309586,0.7000987846317502,0.15057597021862412,14.021213968643677,0.18356703574809213,-77.88338713401743
3.4053119168961437,10.606128651969113,0.9689286003232388,0.6294291570675383,0.7367392154962078,16.27587060027428,3.182818459490691,1.2202836615722994,1.2405630553717664,0.7919491834888075,0.09599654114183345,23.229491112104228,0.21763378493276744,-8.292210283882838
3.4377025497458176,10.240266343419577,1.0060997015622681,0.645764028166046,0.760842947941379,23.00211213371655,3.170519322149663,1.112437068958309,1.2629985923930083,0.7579561493693822,0.4515443214378839,23.529291878278976,0.20251010632207747,-77.84402910892123
3.417619835863701,10.654746316976123,0.701780495727846,0.6014251845832554,0.7029401038856328,15.710280045566213,3.266401676148906,1.1086002542906999,1.318850503342306,0.7449031598056028,0.35076710044896714,18.638665474339447,0.21178499618100283,-26.926949161381657
3.4128458482559108,10.326614832728335,0.9430620716300869,0.6209719794846345,0.7569567236525291,20.918828952977726,2.8829393058907247,1.284363338214918,1.101712666116437,0.7348258042077012,0.3679028044537435,21.0102676863344,0.2146951282468657,-38.95662125665929
3.439777648576437,10.311017722686687,0.6928249269733429,0.5947748439436639,0.7542580236725207,20.75635980127818,2.8148217340239636,1.158142917231199,1.2402391679998277,0.7083562193742737,0.1813184266875246,15.30928699702348,0.16344102328920856,-1.587810671879268
3.4265118465835362,10.47496759573615,0.7939505541441484,0.5915637481171169,0.7361409616195143,18.442994963041922,2.8250365454049757,1.1575617372129705,1.2947669973000049,0.724972229401322,0.31003592395792473,14.073794853611899,0.156999628298879,-73.96542775773148
3.435313054575954,10.376131572386868,0.973734923739193,0.6688613639212995,0.719238889771701,27.408804549978043,3.07060108721786,1.1057755684992963,1.2810479765785743,0.757138171354839,0.1593178313295677,14.950443805861948,0.17821662357207654,-90.827738809024
3.4373160541724346,10.759683302233077,0.8556960293677633,0.6952464483576667,0.7638639264668918,19.585878464052357,2.7563504303178306,1.1265200323345792,1.3537849192357276,0.7099110207994491,0.34878764146921626,21.739163455293586,0.18616540479610283,-58.72057061551075
3.4028165349065005,10.24167348558062,0.7430913905531995,0.5635642081801373,0.7668534383883224,20.328074842639218,2.6677767330640094,1.3284646918012504,1.1806729530292237,0.7272186129098086,0.11325455677644325,15.46976420596635,0.16898446011155108,-7.510024016867902
3.4263072870356086,10.206989049723932,0.8786433965386934,0.6554500523088528,0.7050419683573828,24.69474749135763,2.925776762032455,1.3037104499107186,1.2265609534158337,0.7193093080985361,0.4403210180688899,16.183101747335826,0.19883234983686987,-98.49337377924181
3.4022456984621265,10.714233427104379,0.8324625797199094,0.6440665093311294,0.7460557768147885,18.29936613936274,3.241622974662245,1.1361678590269713,1.2025823254812522,0.7445455257936108,0.26707213668721197,25.97380566913215,0.15486273176473,-115.65228612032567
3.4131929404790826,10.764822905290979,0.8574965185901815,0.6831118753805103,0.7522012938974784,18.63154871463318,3.072715673990661,1.2383417651034583,1.3934840401363968,0.7537985702015876,0.31117822949685053,24.86112837374066,0.1727119857916405,-58.23186146283214
3.417935108859389,10.609815871890381,0.6592906717639327,0.6126769463582229,0.7296737552072061,26.323243698708296,3.072078685431179,1.2032809566928635,1.1049246014077787,0.7763464825693454,0.043051085880867,21.487639409462766,0.20249649840857775,-90.61638135454524
3.403965862702742,10.209627091174951,0.8593640454108299,0.6583518129176095,0.7146822191519795,23.47718713182183,2.9839037704793228,1.2060233144425052,1.1188986193528576,0.769555291771234,0.4382630045838653,23.638770695415694,0.1881775505962704,-122.42948183966418
3.418936475540786,10.062131162953419,0.7008455656279802,0.6369193153932845,0.7034786871972851,17.56208460961754,3.1835844161474105,1.2027225240205475,1.3966364199926684,0.7812949151066445,0.40380044315555164,20.694844744841493,0.15142527687612872,-17.677041100813554
3.437272693009139,10.261276628976853,0.8517239535766831,0.6078648094354494,0.7386851864233943,22.397866408934924,3.228645807525075,1.1848672273329581,1.1679068872365925,0.706044035657736,0.4568503484459005,19.5449251516128,0.18190152630902331,-83.27928496379232
3.408449652748645,10.045173459734322,0.8677820501699265,0.5816591006615847,0.7792304771015371,26.044025125736916,3.031518985861037,1.113019219328248,1.253053391706099,0.770089926512472,0.09707463411577323,17.432254241767044,0.163993434715093,-84.05488278366707
3.4235890871242107,10.74556727486453,0.911738368477953,0.6403118372968244,0.7609771383262885,25.651014911113553,3.1944923782150223,1.378240490799064,1.3617451319802432,0.7550414227266479,0.2009016211998286,25.937048270350665,0.19586840568320008,-54.706798507648514
3.410207320524102,10.235083241549427,0.7563453195257821,0.5689712259812768,0.7651915999640453,24.86682490533227,2.782358725155672,1.2054875127539968,1.136164478601454,0.7276844379056433,0.2033689242963605,15.874517727815078,0.2056297312211379,-83.31766909253
3.436895329446318,10.670041299071785,0.9503425557903007,0.5901681370805589,0.7232145721202704,26.294460737891676,2.770007720944511,1.2583236984203707,1.3352465237751086,0.7301378223835805,0.20951549186082893,24.09678508863776,0.19599339903318536,-86.09606097541001
3.426301396975874,10.339151201853598,0.8079185814880486,0.5917598887648091,0.7288355438694638,22.407316516882602,2.7796835694138107,1.2472737419475401,1.2012384537142622,0.786149751605165,0.3247297735362373,24.355909859458666,0.21722670832999244,-0.7616086169034588
3.438091692755727,10.13284647575211,0.8400673992810253,0.6080635980764107,0.702388776053606,22.802384326824594,3.0019829027522267,1.3054199901970558,1.129702455814094,0.7230243737768614,0.34884506727704856,23.668335244523213,0.2015069121563268,-77.09850808823492
3.430883723503499,10.15233070342091,0.935456480602519,0.547857758066955,0.719192317451821,25.55557117608189,2.8062765057817725,1.2322174924199976,1.1968948267526982,0.7267871711660382,0.1296968228401763,23.899060649814245,0.19122294050012836,-65.62943913864811
3.4162532546631312,10.528053924722172,0.9338611070296226,0.5662514379592098,0.7132006273843674,20.572335379399984,2.8652717098280833,1.3025640026844219,1.358644132619332,0.7182010850109483,0.4204682548247748,18.690250300301308,0.20571017748252168,-24.176139285551756
3.4355487346708355,10.270951093053164,0.7423620278432416,0.639737272904898,0.7554785826259156,16.65126353797888,3.235234582441082,1.1260969273399062,1.182777701464636,0.7094181375801389,0.19005595746406662,15.636174209343903,0.17140679482020782,-0.021636239351749964
3.4163858296056797,10.445731307556336,0.8839505518959918,0.690008720996605,0.7076894162939034,20.133580476192478,2.77060565474555,1.2194726615219957,1.208482119331265,0.7314472700832872,0.17080720152148032,15.231517687357162,0.16818224612516136,-78.92908907218084
3.418156339516089,10.197507443150306,0.8963899234449667,0.5511200571842076,0.7597233114665297,23.231480331759553,2.7867299202283333,1.2146488520158636,1.3125171835815808,0.7576167952691616,0.14485958729157122,18.79657388756577,0.19986770974892296,-104.46969250428334
3.4190537789238618,10.00321654564197,0.6789803875508275,0.6639240057964254,0.7266819199809423,27.8645971241212,3.1885415676646787,1.14484182268604,1.1004811202117537,0.7319680432560122,0.49964628768506497,20.89275762411723,0.16979589687804308,-84.56376427460107
3.405167132049506,10.201772983237536,0.9349966416433498,0.5454797270182686,0.7390250138691568,21.176417628701305,2.7307832139196004,1.1305707669772787,1.3370542184744485,0.7189968836820351,0.06270058094670662,15.566972855256342,0.1789883981053505,-80.9608365705443
3.4087161230845795,10.652071778812303,0.9653026913211735,0.6422372964458576,0.7186143088907261,28.208176406376545,2.8859935248046895,1.104712158382862,1.3232356013851005,0.7327053646475715,0.2895928854645735,25.335103692540255,0.20824877538518116,-112.74803466363771
3.4229742231729086,10.006484497277254,0.9279460623124274,0.647866233043177,0.7614572643511874,16.979220433522805,2.69061559179035,1.3488427292317235,1.2163041462329667,0.76007630546079,0.06444855084377607,24.04586514081877,0.18933391063447993,-105.16229889099124
3.426460518733363,10.580118985318588,0.6579031672271172,0.6999563846047331,0.7534214260305083,15.447435922994691,2.9476000813379617,1.3508947089896923,1.1820334071965481,0.7212386822717926,0.25857099500042824,22.949732646979,0.2073313540418959,-79.50718515543673
3.434120116950896,10.427812497955545,0.8473755109472818,0.6492586601293399,0.7222521494741135,22.564259773319687,3.1566236671373,1.247166592176423,1.336727939671625,0.7878753596072956,0.24788965535558685,17.76940942897014,0.18777051348467255,-68.07673776830468
3.4395435678898214,10.447354734416747,0.7859801778950279,0.6488231512379559,0.7158313448722381,21.444484034267,3.256972327023441,1.3294330772344574,1.2306203880100934,0.7298520858090419,0.007180834301593042,20.28891351881836,0.21784792519311102,-72.50141322733057
3.4166132143391126,10.805336457389375,0.8247289217175493,0.5894373066523086,0.7340158287964362,16.24705270008199,2.7878092678863293,1.1647540948521382,1.2506410939874812,0.7025316068175069,0.28087025010687267,14.396449359141325,0.21385122228279668,-4.828514605504665
3.4254608789265077,10.133994180109871,0.8689855767093988,0.6748270892461845,0.7439440211338685,15.508313533491611,3.259603367691894,1.2278422967314333,1.1073093347096887,0.7425093402020552,0.1455314560587236,17.60758506024946,0.17531257454087262,-75.7095189979012
3.4104276881367834,10.837122759030208,0.7725574326617833,0.597401351143519,0.7125014766701385,20.282625852638496,2.760961632252299,1.1645641153405566,1.19191828087474,0.7211458351114812,0.48456619721092375,15.360850121989582,0.21494925839366802,-15.498784797751824
3.424774164311129,10.444319650433597,0.9090536207632255,0.5762283663331437,0.7077647677805383,20.26496929721265,3.165020358176733,1.3087454841162571,1.2200303909410628,0.7906989931580276,0.44617453599703766,15.114506915070729,0.16318552695079133,-47.010109110485416
3.4124556325664988,10.629023721626865,0.9412097521275997,0.66296554085084,0.7562023509804288,19.983751207063612,2.930336739170195,1.1341200441187276,1.271787280685,0.7650610754894724,0.1681517022291799,22.509129782910446,0.18096222920330002,-11.262475024632138
3.4307290256234455,10.276800600442789,0.8738480365430685,0.6834769408237037,0.7092176715175735,25.045469519356782,3.1407506960579297,1.3872756633345071,1.3950488505098548,0.7979607354557424,0.2484855953147642,20.78758307229893,0.1605677267637005,-106.83254572408671
3.4321323978503235,10.367160751215373,0.7765119782419632,0.5860423011303779,0.7471946060168906,15.92697989121163,3.030255173675994,1.1445725065640853,1.1012838451782023,0.7628360218365176,0.46931108581760317,20.323985097616223,0.20670514470804574,-112.26578904108258
3.4231703115895864,10.76436426940823,0.8954776537193702,0.5891498908072813,0.7353587748260718,22.846916381776182,3.055429372648055,1.1712496531287468,1.1001787208370024,0.7020446673535594,0.13076875245332725,19.088448521754177,0.1988870948451435,-70.15390550684236
3.421086901604518,10.197661618281426,0.9091382520423614,0.6983036847728044,0.7666181503994887,26.897318875428027,2.8220899249651814,1.395678655902652,1.214364732520992,0.7557590185248275,0.3436727151353562,21.66879025658265,0.2023060896190662,-108.20366840011079
3.424293662927918,10.279746305974841,0.7082788541955409,0.5555444185570612,0.7222083415541287,27.726633981105664,2.8379476376816366,1.1198251099608418,1.1020776800194962,0.7281306814898727,0.3712925649036699,19.90609485893131,0.1516642534390606,-42.61825490483277
3.4251123110780024,10.23012553931713,0.7286286892685341,0.6442329786354303,0.7762861518043126,21.254328483529314,2.947236549910771,1.3884212434754817,1.2287963351265299,0.796265488339016,0.22355764891534044,24.857716125520916,0.17662751487637263,-42.695261580130236
3.408950718240939,10.100953300112003,0.6940562570778481,0.5429711376925552,0.7580969726896453,27.662971978363828,2.755657591507248,1.1722267371264357,1.364481641638703,0.744450475195855,0.40677497275715707,24.538353029316077,0.1743351423623147,-51.9004059768545
3.423974079377978,10.544016369097326,0.9905611153706999,0.6854320776026012,0.7140552818237252,25.473077170647798,2.7661777566861545,1.3515206102206143,1.1898234178321747,0.7461012936686754,0.2897261465745177,21.479232580134514,0.16754073098616018,-43.382186399919576
3.437146114789877,10.632682110450355,0.859203412431889,0.6613530726771272,0.7599572088956242,20.544885645294674,2.7810083835274737,1.3245738227786066,1.3430983426783492,0.7138767440263044,0.4112017541142005,19.07976635109525,0.16976925088120925,-42.93937371227385
3.426166689576603,10.304310539726647,0.9983160792078183,0.5841249064548938,0.7762251354705435,15.440852200076113,3.133892401285346,1.2507231046162839,1.1371442754891972,0.7259118231870835,0.3694697096248699,17.054224013194045,0.15519412832196175,-64.21148219912583
3.4080749834540116,10.280760556418528,1.0046615194460018,0.5486735863913678,0.74936533828336,16.524274804528275,3.178606598184816,1.125559786345349,1.161520843132271,0.7914685682152638,0.14379188631991963,22.938070989269434,0.181495588174449,-109.27591940301392
3.434390717498931,10.170090465669128,0.816871666034962,0.6097489920825794,0.7582744867807047,24.534950319213046,3.0103794494788465,1.2183038378997533,1.1105971279710358,0.7896933953864926,0.426935028861679,19.812087330837002,0.1644430424544973,-32.617464471085384
3.430094715898777,10.424341625030356,0.872396537628261,0.6876143667920571,0.7218507233681907,26.20769320242166,2.8088866270366895,1.106057477977331,1.363638995829215,0.730976052946073,0.4336112908622953,25.806272019310306,0.18371810495572266,-97.86835482938011
3.405001158417307,10.687187298408453,0.7883821836361687,0.5783674329312052,0.7701596068479314,24.288163828833774,3.1149386393397664,1.3502682048853183,1.1856312449160145,0.7429259630702829,0.4013654004873375,18.908092564311417,0.15886983758672768,-85.4680346223455
3.411574093836548,10.060318220940353,0.7881553316822342,0.6297793511975366,0.71385380569743,19.284799328208436,3.144461141004826,1.1860473611886204,1.1912293338827502,0.7837457035642876,0.08738776599489557,24.661739154284952,0.1932469562366072,-62.13748827800175
3.412271830726184,10.771920179555718,0.9540222954679076,0.6796779030891636,0.7060574909887647,19.483860829714093,3.101773994027014,1.3528177819661527,1.3324185050591943,0.706112526586646,0.08041475606196978,22.283332218247388,0.18282280557155436,-117.98476403654068
3.4007231915610836,10.182473106763068,0.7584179329153079,0.5977593867201865,0.7696571348497241,20.498727346106236,3.0021927816542373,1.1253758195746395,1.1575632654680816,0.7724802045396872,0.446886383840063,24.573184306921053,0.1898099782232654,-45.615725529840816
3.435344125349523,10.311735374021897,0.9934596691027608,0.5669195138759174,0.7040366637505624,24.063762121558888,3.2567081877182544,1.1335825225367282,1.166141189630276,0.7615472743998521,0.1689987640270624,17.678327228218443,0.1663923562560289,-81.14737144794096
3.4100889789267947,10.1257406977201,0.9146300177821409,0.6523657497805673,0.7143257780234853,24.363134906183273,2.9942228477157933,1.3256995713035855,1.310774591817569,0.723233935848038,0.4608699642943026,20.385168633968426,0.2125786511253482,-109.35131916057887
3.4361337586593086,10.139204076473238,0.9058734916057111,0.6527567109686219,0.7593781793722585,24.295447425676166,2.9373955546446524,1.357190786279718,1.2737878588725704,0.7680104051380914,0.36320276106949473,23.243474168164767,0.17714823343503183,-55.444776907422806
3.4009204480883617,10.840785862942703,0.8387990485209299,0.6865884509265718,0.7500697198262225,17.722270244179654,3.087720460891821,1.25387380177019,1.1131861228720756,0.7682994878037654,0.27827624326311523,21.88901819163044,0.19431894063544208,-75.41807041959117
3.4259596668845598,10.04008267386874,0.7833556614213616,0.6926626505063667,0.7265083674675966,18.474448208133882,2.6661457363747645,1.2411155421652975,1.3232109357087223,0.753110519278188,0.4887033350040575,19.68806214696402,0.21281464903545066,-78.77767746407486
3.421460221827168,10.300247057476206,0.9625540889330173,0.6450866802387628,0.7764299845036091,27.48837084743853,2.7667168799978064,1.2842020346893444,1.1219546069398985,0.7530392050534382,0.15304305743091953,19.532706693080375,0.20528179162277693,-26.047151818082426
3.4367351903671457,10.234628119884812,1.0125196826940317,0.5611568015875077,0.7780364756623391,21.329364051186587,2.9140830544305594,1.2124491955748469,1.17462104399391,0.7157121681295927,0.43534980395449224,20.842535728779865,0.19951499626320401,-109.48267807112113
3.404161558907269,10.762892002782893,0.9722102422687348,0.6831021097689383,0.7090500602000727,15.383336477171351,3.0190210402006117,1.357307769896844,1.3166763847421061,0.7635884214992446,0.2346812816894971,23.41701545960097,0.21029553606916024,-29.177619410424
3.4103494864737898,10.446425506103566,0.9014177627174288,0.5722167340908505,0.7494677704772388,15.944957445557188,2.849219922047078,1.1635071898431095,1.175072278809452,0.7178200570417637,0.03162678049141675,16.638778936221406,0.17926371695897134,-21.51503841452248
3.4227726731075805,10.385887667134542,0.8559148624998603,0.5954340597169465,0.7682428615489449,22.393654504508785,3.1462442208708428,1.2886388659527113,1.3583717630781855,0.7639220628691437,0.22612270747503108,22.47357287202268,0.16768368575888692,-60.53958323083665
3.4093204519002467,10.051952059297884,0.6768443952119946,0.627057025630641,0.7056758509167911,25.468346336789857,3.0827584606023986,1.2691600915652264,1.370330387710172,0.7783807372844557,0.3435281667054441,16.499085813550067,0.20120132812993474,-10.47860162501209
3.420867626919429,10.333439907323976,0.7746115179691672,0.6265044117057066,0.7796458088078115,18.829151403000704,2.9902140182514017,1.1689523158953077,1.2332012198740188,0.7417333890491802,0.3885372471816889,22.09204844233419,0.19808381714833734,-85.33851873374158
3.4018317849551005,10.649524512319736,0.8941437447334174,0.6135798061420896,0.7315872685208773,22.42530724650686,2.652085795642892,1.1643795612415055,1.2155288145914436,0.7558747979033664,0.061746023305595525,16.227645038762258,0.20422281388197555,-9.413147444990457
3.410198135663955,10.06707811701759,0.8942340141285341,0.6797540558138689,0.7294706542857984,27.528357834039586,2.90173487192994,1.1453936924260892,1.1257261574655184,0.7934784101177454,0.36200008154832686,24.470275672432873,0.1748549937747676,-95.37420623435696
3.4074560849810696,10.760316112673875,0.7097104488207673,0.5880888264506136,0.7776618795234498,17.867446357737137,3.1838120833332546,1.3363588547627203,1.1089753406352796,0.7142183978157028,0.4339654475874315,21.901868081554902,0.17190386419921375,-29.842620652947588
3.410105714614327,10.559734235530962,1.0111032975795375,0.6660227759705435,0.7080493362278866,16.947678200838133,3.2362534114333967,1.180462711454901,1.1646127925199663,0.7300747338942869,0.16471062802715575,23.616710474295807,0.2052421312491735,-65.53777415082172
3.4223254282118716,10.2410683055221,0.7704917025254355,0.5531225111242956,0.7761458823655933,19.554011312253003,3.2718156313050404,1.298538990851509,1.1354153706328078,0.7922954383255683,0.050878129042659745,21.553869484448523,0.15073204409762894,-105.38249603318022
3.4181686113600747,10.622716486801849,0.6969314080186236,0.5746627846698663,0.740575134007998,17.674854959457672,2.8729151874162207,1.312210631966421,1.114063205616323,0.7589699026665858,0.027591397302405205,22.838122962225473,0.18407044628888902,-62.96697066394709
3.4218175875186883,10.128099705252419,0.8652917419461065,0.6008728489686173,0.7396637403873256,24.93436257355754,2.8230969752357975,1.3494092865888139,1.1893276045382224,0.781141209256093,0.4784734832162826,19.876088619837162,0.19209927587013287,-69.21885525263124
3.4065756614053884,10.591404998845922,0.7386009901369586,0.6530760286719829,0.7586335437315445,19.366163830846673,2.754964132218848,1.1746721794775756,1.1774640960813212,0.7321311927218023,0.4115205594912581,19.75514551007665,0.15440816079622277,-106.99681615316706
3.4288290109208974,10.038648154466156,0.7884013222917142,0.636369538008485,0.765442954858471,18.78196444336625,2.846068603508265,1.1969354286586824,1.157439540315195,0.7187710881897423,0.3600854980572452,23.373448895440575,0.2059013929549352,-27.259456708327164
3.432920106570211,10.443433115302879,0.8633444883419288,0.6665292279691533,0.7024693799135793,22.86559225308873,3.12523521438506,1.2151903820596386,1.2266224066776497,0.7450665800326766,0.39721812507287896,15.069590570259482,0.18812855026658418,-92.41632565080356
3.403628931855539,10.64822876464945,0.741723273541997,0.5623497830867715,0.7498514413054284,25.46452465892148,3.098776920900548,1.2530942682981119,1.248488610067578,0.7598034903370847,0.3759817598115847,20.868788690688618,0.1749116369129007,-6.105785524439
3.4028107310049602,10.015447663639604,0.870636345428354,0.6443361651853895,0.7078278316602346,26.16169278036756,3.188191385150324,1.2254158965906332,1.3692035090843986,0.7659079040375445,0.06938379285889411,18.84882461420809,0.17060078722520222,-43.44596228219282
3.4220582428418576,10.39483091249122,0.9419630928942897,0.6676936323731941,0.7310104855869483,28.157126248521195,3.0290493957689804,1.2563789711862814,1.1873426071006876,0.7443721433163925,0.36152593197196337,16.57768400312712,0.1947710569270092,-99.58505672904545
3.43510461695434,10.7231585541956,0.8800410941332678,0.6665685957320204,0.7565831937139518,16.789339876006057,3.058414000516716,1.3309578073215853,1.319900138394368,0.7746797797669932,0.15039596098135702,18.169734322864436,0.2085266071415529,-3.032171532937369
3.412672480666052,10.6906128493067,0.9386280446560309,0.677570039878969,0.7453889280829107,27.613730571919767,2.794275060059256,1.2525452680104812,1.1512265162929565,0.7589845724929145,0.2676592780371548,18.292693484897946,0.17352092968922983,-16.34326101465831
3.403311273191535,10.354360493662902,0.7338828977033716,0.6760888285109705,0.7311816005164744,28.263077259474855,2.840175110789128,1.215547273750523,1.3904652388701202,0.7140804026069684,0.3329823801279994,23.232217699241744,0.16980814998629715,-68.46993233792726
3.4063793580096706,10.292911215614245,0.774957305559315,0.6201755665297516,0.7555727374761493,27.30372425607424,3.062445590451826,1.3112957673352392,1.3449854509108332,0.7734064261900739,0.010189093741016229,15.77651442216225,0.19886088395976495,-54.99754239697424
3.4007330656494386,10.38420461771643,0.8495791391138483,0.5763606050017699,0.710493338760324,19.772912737023503,3.12274849423773,1.3582917253769637,1.1114670401155848,0.7631380934496245,0.11918376335457748,17.638586540806468,0.17715955472451578,-120.95965622702681
3.4128779225419517,10.629965369668543,0.7825340125411422,0.6466244725386259,0.7786951797724947,23.63961443105771,2.6569507198885933,1.2653494940202388,1.3933350728389686,0.7574281282154228,0.42650712048631884,19.628496097849673,0.20813655234791661,-9.481981335516636
3.4202915586179348,10.808531977811349,0.8618668076446847,0.6414606904613003,0.7026315198964235,23.946697678736463,2.9368079095342727,1.2773624567508834,1.33706647364323,0.7020335901845751,0.18888366106738805,25.347361877901527,0.20741193357963056,-78.64272004057307
3.4062387008375423,10.371232651704966,0.713518990304426,0.5906023116580482,0.7181326031218113,20.048767854767135,3.1087671300465227,1.1340578078976662,1.2079799942164582,0.7304746876778019,0.49690903951491794,23.289991283695564,0.1903109603151254,-110.24721802119598
3.4346454019633526,10.436403382783439,0.7523985837637368,0.6922995641451377,0.738286452794751,18.825912057040263,2.872448044748163,1.1588118199508959,1.154858082561332,0.7514640171536472,0.27911521934116135,25.774542686484192,0.20105557977862626,-1.7766749724760729
3.4076086059823596,10.21200522161878,0.8274734724937686,0.5438713879962025,0.7568229524087641,21.98531444246553,3.1596157568986634,1.2563998011073643,1.249453385882541,0.7845520726446369,0.3061321767169914,18.62183657538631,0.17704090821979243,-21.892665883469874
3.4283753209394465,10.349348419696666,0.72039342858166,0.6457316760658683,0.7047927742509766,16.600077049504574,3.059968935425281,1.1532628715882554,1.3301414317684503,0.7245739370264752,0.21772292192120993,25.7664653851343,0.18781290410057594,-110.41819142948327
3.4029834425412093,10.555115366797574,0.7241361254912142,0.5656462784712487,0.7733583887025856,22.438907556817224,2.750975946506765,1.340967733445762,1.288634277510388,0.7653942898856934,0.2573368348608531,18.681615857091685,0.17348601732677194,-96.21472372858626
3.432339158918429,10.466095422890406,1.0018238075896937,0.670198045370551,0.7261855181838438,17.97946737025657,3.087980506526074,1.3980112136310812,1.2259939048237922,0.7129883229828622,0.16643313483448552,24.597732574602595,0.17927688356142613,-65.68863682616833
3.402052384197696,10.387098086862112,0.9859718992338979,0.6151584575464586,0.7765802083004857,23.071142542402082,2.9032493877606163,1.2263108327509094,1.2557256375128183,0.7754353808767657,0.4874137793162694,15.33860338048399,0.16554583753801727,-10.172402965120881
3.4232453128754234,10.155408525548868,0.865224178266861,0.6837865300904047,0.7477497425385821,22.248262003752156,2.6492501389677856,1.2828148401796038,1.195224411351362,0.7181451193243448,0.19911395821049574,22.143656334297468,0.18322410241315082,-0.5611469257079307
3.4317001084960475,10.193136996052994,0.7015645989676357,0.5995180024068666,0.7141441860739149,15.597919996803958,2.8029562938107335,1.3621934235549031,1.299042947239507,0.7974372472687589,0.14647821390163143,22.12676513641731,0.186459608850136,-88.86536594827572
3.4050747077342174,10.687972226246409,0.9944430732461284,0.673656020989579,0.7065720451129718,19.398709930347447,2.6922390476837395,1.3718884880846007,1.215804756211036,0.7022983837569864,0.058978373650664974,19.725034370685727,0.1791995073146785,-121.30823559895595
3.4021948146646523,10.166032230185781,0.9607005619465245,0.6996943971224753,0.7043738195696494,17.53666730765875,2.900562468818653,1.1920464777643958,1.3347322223033244,0.7120421646995928,0.32177039531973894,22.594716361439914,0.17593374638475953,-69.77353973074123
3.4379905691837336,10.485353285519345,1.0096929041499336,0.6502422958081673,0.721759653602074,27.44694743916548,3.1389772054155087,1.357080364722745,1.2729974055787807,0.7613034157743617,0.3029674446882923,23.89818442060727,0.216462818419824,-42.71874313353001
3.4034307624789535,10.058368280431766,0.781498717813205,0.6041938013309561,0.7791566503371652,22.93004950222207,3.09024241260999,1.374364369961949,1.298257617870959,0.7577766377506433,0.2952872274171271,24.618551208534573,0.19915040999933104,-63.325256882602915
3.4097653342687395,10.886136354178184,0.9529787626802075,0.5902038399726419,0.7077731349743818,23.415617800284526,2.88654290345346,1.3431225361342787,1.1768550720059885,0.793825170449713,0.45065367188656397,17.473509558866464,0.20395844657513434,-102.81576805229179
3.411895087074603,10.680661746663958,0.8913416760701472,0.6074258197218878,0.7725054132732463,27.024416919711005,2.941401873411883,1.3070230868542463,1.2263886964992108,0.7308630819121609,0.47645504783646203,15.479640575213296,0.20956364858238197,-27.65008910082254
3.4295805705166433,10.509112357184144,0.7965436521674467,0.6096593937247854,0.7361570862111403,22.90250922306195,3.2434202913677574,1.258901093724655,1.1401421689361628,0.7934419556916079,0.10383473526630582,14.434330771460964,0.18967262192534073,-27.09859507919704
3.4018945334871216,10.738698784772785,0.7222438939158021,0.6652366551230815,0.758323602317012,16.9269124596464,2.892082787873694,1.3219955794178122,1.2736924749539877,0.7963582550155006,0.11035755431945558,23.21513472228331,0.18481459788634585,-122.07613135348164
3.4179365207355037,10.120014528613364,1.0280474925885146,0.5434264244940312,0.7226384603965568,15.390526334315258,3.2498316234620783,1.3840941032871374,1.3097702611241107,0.707479457557986,0.3383884518042023,22.544158832109623,0.1581249229259558,-54.79246468904192
3.439101876340934,10.19091867381083,0.891427951454923,0.5699622351113891,0.7506066287052872,25.918750264571706,2.9822414626898146,1.1981992989018742,1.3843329125597612,0.7643467151167007,0.23216352025717502,17.170250507875778,0.1748687906269267,-0.34316925927235786
3.411287629254745,10.163130631027466,0.8843295266735707,0.6123987376566148,0.765026550550618,20.382079455016292,3.25517833875403,1.1632159558173503,1.1650573996257994,0.7934572677238166,0.30755276645140117,23.200553868166345,0.15041644515991442,-104.41365938977336
3.4113327684125085,10.788111371610183,0.8890094491610737,0.5950521681718551,0.7446750548238128,21.94722766113326,3.160497864445136,1.328913462222052,1.3656084608115049,0.7930379183887479,0.2022829873792904,17.92395147930742,0.1736665293405131,-111.35517196774714
3.428902927673559,10.557995809501639,0.6908837190790533,0.6254969276869166,0.7201372567230971,16.000380249201264,2.8140321116569824,1.1840543716323721,1.1592168036536203,0.7635927279338426,0.09847091518278313,21.946771652233195,0.18530107184166,-45.6657997689549
3.4395041436422886,10.558768754527469,0.6848286314645189,0.6955453201277324,0.7520917615043526,26.783815530703635,2.8236980857304883,1.131732976600833,1.361281631122698,0.768657615128824,0.03856813248848225,24.103140338406103,0.154424782843147,-85.26234041526246
3.4199938434108295,10.863946196174355,0.8810186609643497,0.5567023045250845,0.7770033147920876,18.30047628168007,2.7306596652737096,1.226291858657023,1.2056484009629083,0.7927618463545206,0.09409578306784169,16.134783405683166,0.1648670461403244,-2.1364811920910824
3.430586639858724,10.293751425997346,0.8474517426925052,0.5837472755211568,0.7334461935641772,23.380266710078907,3.0639883460679314,1.3222385504553071,1.2633935240163476,0.7004004032836472,0.13631627439503893,17.70780297174139,0.19567671841940498,-123.16023916207652
3.4377332899823,10.897352538140874,0.7484434973018701,0.6323467872273367,0.7403318458751511,20.860412887254896,3.13022615461191,1.1941709331782628,1.3155033469059547,0.742249562292387,0.24326309473392357,25.242732607043123,0.15415157171371688,-116.78546484565035
3.4122875430008253,10.283462202352446,0.6586245741149188,0.6999867943182457,0.7649971322793394,27.83274779573463,2.9189624980904147,1.3817763596888244,1.1748435783708888,0.7373234694012505,0.154079250803762,16.48741780739763,0.2029608089925089,-113.33685913733771
3.4139328605132406,10.716397076771045,0.8468968800706727,0.593427570743481,0.7254643913658384,24.897336774764163,3.166327278970181,1.1826320929288974,1.2876063563353206,0.7249353661618908,0.18011545504658372,23.04441922289388,0.16686230188661907,-108.77069002749586
3.4369303978842862,10.478008194922312,0.893884534056266,0.6473793432402626,0.7100937816857971,21.570373104959668,2.849109973024558,1.2562142163212426,1.3296335245330761,0.7034133073830774,0.44319248732300065,14.50484018772874,0.15213838174535113,-30.26695787080419
3.4154708845323,10.072058041346462,0.938699359878595,0.5787211301708561,0.7309441815432648,23.735328492341903,2.8352173607319693,1.2915381187333206,1.2950565464823722,0.7194451800027182,0.28532567655634716,15.724987296937968,0.17739261816471016,-107.4474713998254
3.429040796918632,10.18745251286771,0.867931752383069,0.6993425675039913,0.7435641680344122,19.31133467043851,3.10630214659044,1.2598375493516676,1.2755026095335604,0.7084157386996007,0.440858985179172,15.122197130446914,0.21421714900081001,-120.63748213839945
3.434059440138611,10.372383931941965,0.9382090775445908,0.5748920743076669,0.7559860478526366,21.874624159597204,3.0079105218567554,1.1411012620894698,1.2380052996118924,0.7587206675057054,0.118930083766008,17.342131645087292,0.17871135876588648,-17.188619157501435
3.4143676964087244,10.510440767036972,0.96053960815491,0.5786543793049755,0.7499204709774572,22.42708344957699,3.195278129166333,1.357671760295026,1.2373688139667718,0.7197555710121998,0.47262805565762656,17.72509072653212,0.21732109891545198,-11.601926109282559
3.4330979373864317,10.530139392609728,0.97058042944672,0.544053269884805,0.7442198187016166,19.339877737531964,3.105683539262442,1.3993081424105431,1.1911056622737302,0.7866590950795275,0.329354153324711,19.37480472760349,0.15994089876416093,-66.8653915760536
3.401686367593194,10.813078879602168,0.9323681791621169,0.6117263734302919,0.709804099484304,17.7119688395297,2.806786805442236,1.3727908696401936,1.2145891364747654,0.7520692461168129,0.22598818302926865,14.408680602692106,0.17403283838306355,-54.95553660557643
3.4368635747155047,10.173447298321605,0.8807730762383525,0.652933272957104,0.7303119862711722,25.550768827850405,3.16925882554205,1.339944024690299,1.3220829387952582,0.7699937074577465,0.1936119871838488,20.476333499904275,0.1806158005488735,-86.67140716548134
3.423430797407504,10.561171093733611,0.8715629094961395,0.6731206292991546,0.7092568708716184,26.9600123940478,3.1732292464046568,1.2271640727083406,1.2680902767637408,0.7152168441989555,0.29283820055132775,15.608995343063238,0.19584628386331876,-64.53631549981765
3.4207845517137367,10.605596548907126,0.7712087896637105,0.6270296347263772,0.7634156074743764,25.296060269564187,3.2675347151897736,1.3824975268019548,1.1473304623763765,0.7845209848153135,0.06191552912350441,19.330399977572746,0.20088632051040833,-80.6351411148882
3.4305092096340433,10.383646611594488,0.6710619355274213,0.587857311849652,0.733308741499687,26.301215943794666,2.949535174988052,1.1278050824535772,1.2757284678807195,0.7451159286953658,0.29380080241267414,16.541297765359808,0.1652538494663756,-29.377781613532846
3.4134007285960677,10.594040902444576,0.8313285313541695,0.6401481234772328,0.7231776395431697,17.12994573021162,2.7780257811894042,1.2748737142024196,1.319649177851104,0.7251636463308279,0.14006007456449837,16.434365042280813,0.20350092096211658,-90.72440373309229
3.4340963673986216,10.219653883051896,0.737429976435003,0.6522053888486375,0.7134845901793544,26.852317126220104,3.26693286296719,1.2457361865084697,1.1040121909224068,0.7059494980218055,0.09018341018263855,24.87773158893291,0.18448097625342524,-31.63312419589802
3.40629147284064,10.754848179152205,0.6564126026964389,0.6247323271953902,0.748491735833379,26.365493363020235,2.832324018099649,1.2713174746186582,1.2013582196402302,0.7272752117488576,0.34139520622240954,21.92436277555484,0.18884882760561328,-76.60948803633337
3.403874523397458,10.62551615404716,0.6965819209244699,0.5898140373535172,0.7193359226857202,21.352700606689496,2.697996179924907,1.2831406389321085,1.3107148358838403,0.7572123748321403,0.46866118812575047,16.375466453256564,0.20738176641617237,-102.13261330068386
3.4353298798479956,10.695794666301799,0.6992487084148664,0.5445156325032844,0.7244647585592505,19.610170875045778,3.0821414473562476,1.2901823967137998,1.1801519328944057,0.7986997852886042,0.06317614648345427,14.308815962406882,0.16711995259304152,-115.30802074433471
3.4026726487282097,10.195073200006314,0.7091029907495457,0.6935694630234026,0.7701901279742374,15.724150729690262,3.23052609751157,1.1478589959440537,1.3187075007085285,0.7599080584568652,0.24414731313680418,18.911915768340382,0.21205397391580322,-17.092364339607357
3.437664390144309,10.422739961376514,0.6624437865477466,0.6807485603994416,0.7471613776635201,24.655286393498105,2.766654010607424,1.2378101478678425,1.2183264048736901,0.7170686806276926,0.4048304843075313,24.78761513381371,0.2009967419991236,-20.3073538340048
3.413492384358496,10.014855566826961,0.6892333648243338,0.557115152398647,0.7157053668515048,19.918075457413416,3.1774633677931132,1.1296727849566606,1.2988453962929212,0.7831716162177054,0.17198313507415816,15.779324020925328,0.15893039183245716,-116.18696187452181
3.4168086601064016,10.665341712007212,1.0076711317763296,0.6548250070886927,0.7040726922306482,21.015788898615693,2.9939153825018776,1.3721531787032166,1.1730717974400318,0.7392353483151517,0.010285137831524184,25.75713783725775,0.20577901591873388,-62.77325491502231
3.41028454804815,10.101195515614933,0.907159506539478,0.5432261813594352,0.7152372080957974,22.531282452379024,2.8343005594321116,1.1413986567488024,1.2055450676278177,0.7348529987111776,0.32653549914069385,14.659481571361507,0.16629049624320255,-15.567586647076354
3.4184738916067934,10.773890842931447,1.0222841282422843,0.5776204384066871,0.7039189541764848,23.679057363715508,2.916712189219996,1.2730558861887482,1.293287959811325,0.7370985559124178,0.2837456825521147,19.41952400907988,0.20975389095820265,-83.3054751375821
3.4191827802590864,10.199206833453882,0.8046714860779373,0.6130975964954699,0.7718881522961074,28.2832812464304,2.8685251367169595,1.353891429700983,1.3687850182560466,0.7772315693128727,0.3053897426566699,22.118126158847964,0.18775525818205893,-45.69455969179664
3.405570857028623,10.74004902798805,0.7403380790126545,0.5828509149479034,0.7669661888853584,16.29545169178899,3.137416201689983,1.2449661174222728,1.2146852606259053,0.7696590441770397,0.2267699306716933,17.91301098232658,0.15502906865367388,-0.14910645500445696
3.423692659211973,10.696117305570178,0.7932287174357551,0.6054566237731853,0.7451057768411189,18.15081873118078,2.9835243936929023,1.1996554768711343,1.390537956879502,0.759764941222926,0.42414864251478146,16.608980928176436,0.2151100269995003,-13.7003824240671
3.4284236684832377,10.095206425007047,0.7965207248881557,0.5879150122395622,0.7399774776777699,19.670181825063665,3.235479155407673,1.1131578267925835,1.2465069531559652,0.7990670542849683,0.02214565225048793,15.514797347425977,0.15577032562341925,-92.23140027870448
3.4372807898264357,10.214023549966738,0.9811718823646716,0.6600308128623787,0.7417180153999304,27.870216724029476,3.162035268176678,1.1559491507589952,1.1120957365718376,0.7696264591823383,0.14218181611409977,21.413291747512694,0.1692532095108279,-1.6941041876726501
3.413425831037823,10.576566311946399,0.8342350398452094,0.5560859643300876,0.7594874418006841,22.89864630800604,3.265113352223896,1.1024923065425631,1.3850594120353674,0.7657890651905837,0.18332586988040098,17.991669376938823,0.1649159232955457,-7.462818713369714
3.435462148426565,10.629658073016504,0.7027449421511649,0.6281470437596622,0.7597152748850327,17.37334688518219,3.2255575225142903,1.138263998217682,1.3173949534826448,0.7668232692330399,0.15415366468117475,18.125932961303928,0.16907423990327758,-40.39725897082532
3.4064212180719484,10.012814493855538,0.8688005074134982,0.6298258651869328,0.7549694917786033,17.379641791444463,2.902859737913699,1.2557232651415684,1.3214925656221825,0.7982721511670096,0.44383744157865046,18.850820404892264,0.19457680270771366,-2.8068057153300714
3.405533033372305,10.628054837806665,0.9358433073300533,0.6156218858264815,0.7512639919434213,20.14647553225819,2.9269754879731344,1.2515443720252628,1.3588124103294628,0.7619065826466878,0.1739241632903222,16.006268756567334,0.16112698387618332,-65.18784691635683
3.4097690369323277,10.583820280960186,0.8733587774245493,0.6252025325690674,0.7111174835732293,21.597133705938788,2.9883883371327684,1.3219217767348574,1.234699132353145,0.7329287009097996,0.3488595583048907,22.27571313410585,0.1594683985514634,-51.09493742437046
3.4006206630414004,10.325637227211509,0.7566649165888768,0.6121651213950299,0.7321900357895317,28.136128087378264,3.264354581782249,1.2698811261180352,1.1466299084370335,0.7768538579668732,0.39109642611234485,17.6754426143109,0.19871829016985595,-95.86636548694432
3.438617647103026,10.84925903313134,0.7464541105129451,0.5704233953669848,0.7797115321394062,18.801198893321732,3.1726051144355663,1.230539647543445,1.1612819829410042,0.7570263129521065,0.43936686536301645,22.104998581640114,0.1680287164163102,-24.568116784830337
3.4004857610457506,10.788916857455236,0.8540182309534765,0.6840772180493955,0.7375548658516953,26.31121526667375,2.931282151958418,1.2052605781118955,1.261170251847516,0.736039755488702,0.4313216356819236,14.118010024202334,0.18189541115603253,-35.46958950844093
3.413781993001684,10.81921088893289,0.7477511096368616,0.5684638638977406,0.7766137982521341,27.750143928650843,3.2701640995232975,1.2162190353792524,1.1319462790965134,0.7481613877468535,0.3071885191985898,24.72929153919509,0.17470506725166474,-37.56104537974814
3.401984949396512,10.742101323738526,0.9723435440409292,0.5562817020742181,0.7696260781804242,16.286537524144226,3.04223567409964,1.223238663580823,1.232718064239287,0.7064149230872195,0.023539895921317687,22.07953200497355,0.19460949929929353,-103.64847317821153
3.4288881107633626,10.125851246295012,0.9098133261492298,0.5696320417626654,0.7257145377297681,24.435853430366198,3.249045489668886,1.2547228183392984,1.2544211134951357,0.7369760796142244,0.44820496391347736,14.706758897023269,0.21932589010506995,-25.203665848108784
3.4061785668612647,10.067574106402933,0.9092960924144531,0.6594959956568648,0.7482248102491109,22.310900494255314,3.095574758047525,1.232466869724036,1.3581196093832875,0.7661131125164958,0.09378738355867472,23.99415064253703,0.1991558481536695,-106.81210535179618
3.4245210197220852,10.588341975061274,0.7605925871060648,0.5895191683073224,0.7038896181012907,27.03744060978416,3.0613146819779073,1.2536152781864291,1.363002852616272,0.7564220673302864,0.2349995567214588,22.496364286411442,0.19075273315439426,-60.556762698096485
3.401222355316135,10.092216614891113,0.7090015528382511,0.6510540023965903,0.7369349166079193,18.60868200457735,2.834836593180259,1.1588915269304143,1.337858628418499,0.7758503409035135,0.01483736611251049,23.39039351724713,0.184099160565933,-93.01426820893201
3.4120824965941314,10.25917329088436,0.6961206095667223,0.5881135409012782,0.7383523822636443,20.93400353637603,2.9490406997549217,1.1272521655190206,1.2952870019772553,0.7490194865096658,0.393186221914993,20.915614724709208,0.16838585833996156,-47.749732391500885
3.430141575819824,10.428102635262618,0.749751144287269,0.6738702309829212,0.7689004784489488,20.074232221338825,2.8546114122554376,1.1702413439210804,1.1486529008538124,0.721402788397251,0.21171694722074025,24.530560049690987,0.21792661676658895,-33.48050093156321
3.4132896030071267,10.899682716192027,0.9115230544926848,0.5702292424276603,0.7146162050870788,25.277232844222404,3.1707978090416495,1.1054263197682113,1.2840080935645257,0.7458418856367363,0.2850656051203955,19.29280296508609,0.1927372338500488,-35.902859286662874
3.4223454243147016,10.760929946803225,0.9884232203667978,0.6929286499689912,0.720066777374852,21.554161889310485,3.109836467835963,1.123301963710564,1.3409453764322679,0.7041028884372181,0.3585877846284944,15.504212338955925,0.21880052782695036,-65.38322796124075
3.4380316378293436,10.610152696904033,0.8162970389169827,0.5749192032983785,0.7346314755926424,21.49086598972573,2.911067788690609,1.361102919527394,1.1816475437679146,0.72571741763264,0.08245491315444219,24.30224554610945,0.17361362236303055,-2.2873950886248764
3.43179764499518,10.564730615248564,0.9619196778577499,0.6095653889473305,0.77535684394171,19.812609149889504,2.9263812819408095,1.271090070643364,1.1642388537018349,0.768494750874481,0.26790155639575286,25.483676216289588,0.15692277680265107,-31.826495063631427
3.4390229685881537,10.035438998199723,0.7750443706631344,0.6178556485331611,0.7648778622365832,22.967960687890667,2.994438421890648,1.1227459725410447,1.321072356192943,0.7637214202237851,0.4095603786525661,20.621543723139972,0.17653245967144626,-111.58438543447147
3.4318672998462927,10.625077844744347,0.8358066258562123,0.6130748982016172,0.7460941502566014,26.989769752615324,3.0187075606587612,1.2632905497332227,1.35218867081995,0.7936811436423917,0.10809046648466362,19.368045401626958,0.17946607104253773,-94.15996691923138
3.403021312170881,10.69089644103184,0.8727495497438773,0.6577904202484258,0.767747351679058,25.05690444873874,2.812411461592493,1.3937550735905733,1.3991794977695942,0.7438385061511589,0.3141452823274688,15.455120732078406,0.21305299729362698,-11.218275082035845
3.411179372911312,10.119773779194869,0.7718790382196588,0.6664702025392965,0.7455707836059611,17.686853097486487,2.6487640062820126,1.1577464125128891,1.1627030667297946,0.7876473194478314,0.14057698662581572,19.79145929639932,0.19524909081778377,-61.19933302296469
3.422811698371492,10.373643162169147,1.0121677144513583,0.6866058649755076,0.757814567090529,20.633331195608513,2.8314985779602693,1.2489854450315356,1.2036135422283205,0.7620892836377315,0.187421536132863,24.561719488469222,0.18944976509526198,-57.99224410196065
3.4329018276427377,10.505955714827936,0.9545497491046993,0.6043901172953884,0.7571689727661431,18.796658043481102,3.1912200745388457,1.3419756355701005,1.3594757380653317,0.7856854555488407,0.03534449121085934,19.992172900937604,0.1707692535213125,-98.39811607213548
3.4054388791726895,10.69067617095862,0.8901517784679338,0.5985096350038402,0.7094461175320028,21.718988983906637,2.9991468726859516,1.112466708581415,1.3705872137498742,0.7397962202111111,0.4244223996728277,23.705867563179087,0.20960884847303757,-74.55448158225184
3.4161793280497985,10.013405262716532,0.9168121340555069,0.5751776522894007,0.7049820005803556,18.751400423346464,2.702741532117739,1.3342533407544734,1.1941548625356977,0.7251257463135787,0.3173858430055071,23.131764292917758,0.2101147087176677,-95.55809016766763
3.4096368150675387,10.352925512969183,0.9358057181062167,0.6894449934719286,0.7535584320986375,20.641508547062905,3.109168120013241,1.2880427662995322,1.355802756087022,0.7395694299275819,0.37593944998557305,23.09934483325816,0.1958167264047691,-7.230817076095079
3.409579537183778,10.101760161636216,0.7081044049669739,0.5839707783765292,0.7276194739965293,24.425022261632833,3.118781502010709,1.1971943523902127,1.136607036765014,0.7637552828224211,0.09626459718380734,14.026159269165381,0.21515903003279954,-64.94504431273663
3.414416560859726,10.51450856978656,0.7784772234148741,0.5702755537597614,0.736226710027812,22.418620118705384,3.208974499634614,1.140171213108993,1.1309673449125646,0.7309831964030911,0.4572569630983583,15.347598880631006,0.20866417236226348,-14.800429047950189
3.4039457433534723,10.800198661896498,0.6802982010920132,0.6714769035237248,0.7646349520907924,15.528708940295695,2.8611238764127234,1.318156109315986,1.232405239416635,0.7735193705487355,0.31506631775715516,15.661606279794189,0.2184860524023931,-112.02434705744972
3.420586354023501,10.645411745065612,0.7024655817585461,0.6446006373317545,0.7149937462515499,27.99738757256838,2.778478607969605,1.2899873539239906,1.112031085591426,0.7339384677288523,0.2359380113726577,16.918173705650837,0.15863703217608327,-7.850775822324891
3.4374542658790896,10.657631170031554,0.9846513293165613,0.6619007927165115,0.7019648509779807,24.769747150713307,3.1724308186013244,1.3450721761789992,1.1190404960666633,0.7127075222867668,0.3103063043732428,19.20033917947224,0.16862426735707128,-55.27270221529005
3.4059177055596765,10.285347015020687,0.9478496701639982,0.6564706339005735,0.7169148860510819,28.3818915486779,2.961135051018755,1.2781906619715036,1.1381657576576907,0.7506224192824192,0.43730839266165417,20.57712442920906,0.1853187157759191,-79.78539876058255
3.405517644037894,10.008338185846837,0.9005968685108936,0.6940390266034686,0.7220553266555595,23.942197821780496,2.9371329708193166,1.2809649247135513,1.3047707270599036,0.7448012404563017,0.08585467384937678,15.716095573588408,0.16706483364649546,-116.62148766242497
3.407771718912066,10.40710744878749,0.717260406874068,0.6735973543957312,0.7076579932916428,20.673537963294294,3.026291634459038,1.2022260970075391,1.3473947173435685,0.75973989916698,0.3463547405083009,15.185476757732921,0.2196794597252901,-115.19035386573404
3.4153741948001928,10.328521952729787,0.6938007184504629,0.599314734023758,0.7042888747215592,27.12719579344194,2.9708890409938364,1.250130120022242,1.3308793214601553,0.768206954275678,0.4286279071654052,20.75541831916832,0.21456914837105168,-46.45632052547272
3.4212130761872466,10.615254617192166,1.0214036995896847,0.5443227847166979,0.7735249752073077,26.359504948672516,2.728617691915252,1.3085001126272973,1.324398834225069,0.7663792333607718,0.3373911330078134,17.656436628839685,0.1857413778687541,-58.995306925460824
3.4100381017821597,10.052338872760277,0.9979043252867984,0.5682986897896466,0.7726587782648217,22.6065557271601,3.0723967637392633,1.1084153406057653,1.1630132604543453,0.7989344228239803,0.3352836349108634,24.502230864374575,0.19965123588401917,-84.46470711809653
3.4057331292698807,10.753352699052199,0.6874787959547028,0.6074729146871742,0.7232664947007831,27.276139010315756,2.666718874204561,1.203849678465684,1.3761955483734023,0.7207083924314905,0.21618971619108596,22.20761348853376,0.1534460651783675,-19.29779761859504
3.4053973685784107,10.356807855925652,0.6877235297853694,0.6481309693771062,0.7643224667761627,18.408322362793424,3.045714089768715,1.2444459502386334,1.2219869132381962,0.7814156196966411,0.22781531129851837,22.55090678348605,0.17712569365104763,-50.64303093186682
3.4042093979543933,10.388993656680858,0.8362290007882516,0.5543602034845283,0.7617824778167971,19.730547642122595,2.8543445162218375,1.3489956454885759,1.2410751636238921,0.7244109691417719,0.02232857361437678,17.01347151296372,0.21824609759512018,-49.69827422502708
3.4005100773775494,10.801429621870852,0.9905451163062672,0.6035462053285647,0.7227285515636664,15.705103511475649,3.056736269428589,1.2673502789770497,1.3142858046203518,0.7001881762060251,0.31808934578109316,22.146312132314293,0.2119164824654984,-28.035107520643678
3.4072583154170273,10.40362675228102,0.74128568979767,0.6658905865646426,0.7248189307988144,22.657624690350737,2.7356952009095132,1.3694059930852915,1.164119777699563,0.7443562583987741,0.2144162486763175,16.909862769777536,0.16614040078305464,-107.21468963330975
3.4362064655589832,10.1374561581775,0.7617995490100008,0.6131998644206634,0.7356743409241036,22.001379071577563,2.657172396036315,1.21674806268744,1.138291437623874,0.7301511868742153,0.10431376150076681,20.365183946462004,0.15260929308566887,-57.83653812560746
3.4165367236351036,10.403876449078266,0.9395720179316296,0.6482207723695818,0.7594039473951043,25.002826541744717,2.8074504366879323,1.1770837636926255,1.1736150614156822,0.7388180673595612,0.3793265261323291,23.425583149921668,0.15714217383463697,-57.61420700500793
3.4038080870722225,10.608606013283525,0.8427724801444858,0.589342838826709,0.7191826837910281,28.374652817202318,2.6419215381946493,1.276201379496117,1.373998975302561,0.7432902833195129,0.40586751030976254,16.06245633045701,0.21846653801072582,-69.54921778607901
3.4039965286097265,10.48895222267409,1.0192973385447535,0.6339957853928773,0.7052647106586178,20.64659589740566,2.8680621902226924,1.1579786865791077,1.1328308096945934,0.7504596333278664,0.12312756009461827,17.99115120454987,0.20314096073733542,-120.04070888624943
3.4115392868678662,10.068234290089801,0.9299886477268955,0.698373927754822,0.7221878568675036,20.142614961094274,3.0578685551851104,1.1059446222797482,1.212977319036783,0.7135476845297484,0.47960292250411984,25.642661156522504,0.17853408047743952,-101.90032999569533
3.4200820557897336,10.197183244849581,0.817524016644327,0.6573261893105445,0.704004007648013,19.01707852608916,2.838156469318697,1.3748183448707323,1.1363827974289595,0.7045512808078997,0.2137747718496497,24.2018586827436,0.18540138293405847,-31.32156091316463
3.4384206038790808,10.54897310061821,0.8068335808773914,0.5920722431724202,0.7236553270836258,25.54470611410286,3.01266150663568,1.1237706295631742,1.2069706739579291,0.7870888137643779,0.35577772554913556,17.661308320907796,0.19409355469258197,-98.827529899983
3.4017600440783164,10.237036272061076,1.0290221311010546,0.6338958143751293,0.7601160804057798,22.833308428415613,2.733965980297833,1.2629908609413205,1.1516370468404034,0.7454164640134621,0.11155880668911347,24.333508636278662,0.1509078189880518,-85.87960099686066
3.4359571774424302,10.245396485884472,0.7921333769506931,0.6446155311032283,0.7019383562638734,25.280760405140605,3.0196057271727863,1.3029066633102473,1.11808378028458,0.7369236915396506,0.2873817067233056,17.71469943261388,0.17344998463878936,-44.00067438833071
3.429941770806329,10.744622774248658,0.9430301641857818,0.6760731446634551,0.7198038705015967,20.625960744718704,2.7407934729460117,1.2108146590137066,1.373908273985539,0.737745029332768,0.3209973631127088,24.52743934827461,0.2167985864524665,-4.61108719987368
3.4106186932683435,10.538704664065245,0.7039360762082733,0.630969643405242,0.7154067934518814,25.664937226609336,3.0500620432001964,1.1300020081878173,1.2454392386407436,0.7919835005318745,0.46704327969285103,22.69390726810586,0.17871467293026694,-99.8068403308821
3.404971718291654,10.43443039177475,1.0059841422818074,0.642266447994737,0.7454754626251884,16.133308186273815,2.7275222508785024,1.3968975314772285,1.2067771997727974,0.7882393898816623,0.12590352735192636,21.230436209511964,0.17248263594850471,-99.92526666167905
3.418497662812224,10.883954615861036,0.9553657758447368,0.6373867175512503,0.7658827208277443,26.865679762067046,2.8231703313101875,1.3236008227886744,1.1002101623267657,0.7717172171651623,0.37844116312271553,15.909912871600746,0.17240423836207813,-11.864490220841631
3.4017733023068053,10.803398576907211,1.0202223586143133,0.545988278251702,0.7185824576187485,17.17420392301791,3.2044055354446073,1.2748025437658483,1.2502559417221157,0.7193166469300247,0.02616414214768107,22.781717416458456,0.16664123065258984,-80.86089918722442
3.422990281799814,10.121391112343636,0.8131496027601506,0.6359230708269794,0.7313301228576103,23.892118654216283,2.770420046905269,1.173640517983014,1.376107104172116,0.7418084509000918,0.35815082923851427,19.148513706527936,0.2056716701614587,-104.83723796520178
3.4175515106682144,10.55388406788067,0.8317857219312041,0.5710099508015153,0.7224305606361204,19.969044571374795,2.7048790949681543,1.27028290210517,1.226992745355028,0.7052285303769763,0.4019626083287802,23.467656421461026,0.17720966643934638,-10.499907560248772
3.428872294353866,10.733476740769847,0.7775573815334641,0.5561332169003951,0.7608833358934136,21.914735164604895,2.9220565675831094,1.1084585066184445,1.3796008445531907,0.7642796990693249,0.49477996272317926,18.902208818729118,0.15746540558849081,-106.6165362480928
3.405770209712584,10.801719325205415,0.8026426911857093,0.5611273607191833,0.7585058727674656,19.60405729160724,2.7397908380801557,1.3252946573250495,1.2880378436809359,0.7494233067227795,0.47844749986646185,18.28357430314867,0.21704704357554416,-98.70429636494771
3.4217684993349735,10.486773456520122,0.6818580129523347,0.658040659153955,0.775284408015099,21.980426149375674,2.8780992784429467,1.189491358638547,1.3380142343482115,0.7697696485355944,0.11062636240694809,22.596376847764756,0.2006580527116647,-44.931731980071106
3.402573802824953,10.16180344496055,0.9725460228827237,0.5619295386149386,0.7291087615099506,17.774952384172927,3.1891246270512847,1.3271484277224033,1.147138553982787,0.7145548033621448,0.29900340836657435,16.9930196132199,0.1680612220814331,-23.960072272098472
3.414590467702188,10.30262579412551,0.9147468727028846,0.5772813110218438,0.7246202790638242,20.554663666728104,3.1926127892437433,1.2358685683435697,1.2384670475852373,0.7220247786148538,0.12899153981057046,18.36775587277706,0.18024918510723595,-117.10312619344431
3.40129069275795,10.742238188601194,0.8888665702779812,0.6645809435788631,0.7567570162962817,20.366856281978816,3.110552426218432,1.366683739500663,1.3874705730227277,0.7365780224233356,0.2584412333187025,21.52431491302981,0.20671495196030865,-54.55717633466446
3.402683329090888,10.395724577606432,0.9451534384873742,0.6764227379012615,0.7155567170179744,23.818495049369375,2.785277295923447,1.308209130999811,1.2113822733803326,0.7505422671156655,0.2251910805105346,23.82916815894769,0.1894212539433353,-112.20575780066314
3.433662005535081,10.081876262429573,0.8214883267038354,0.6991650136067534,0.7371474233557898,22.17763555407527,3.2554229627547215,1.2214853987658418,1.1487242547975367,0.7974644679647349,0.27577335091114996,19.552160678727592,0.15269565280316233,-23.140826524654727
3.4178148432879145,10.757791075614525,0.9636302311951392,0.5711488174940349,0.710888761438833,28.276506589317002,2.7539144720862225,1.2895325267896913,1.1719121861666286,0.7168921518844831,0.4469711993110049,14.09168740200702,0.20926456698397028,-12.49107273746992
3.4146510695294805,10.35368063423409,1.0088266243326407,0.6848766199194558,0.7146087676339545,24.916947203482316,2.698663662404778,1.1960508608633706,1.3861681206426084,0.7577027500446897,0.06055366301581274,14.775435765358745,0.18332582255251184,-45.591913004459116
3.4023611388861146,10.496742717508399,0.9683123863060514,0.5545300336750462,0.7632796838201603,24.33556465882043,3.279401384038703,1.281867825890592,1.2412357548474438,0.7890397206481803,0.35992670928938014,19.71052880942988,0.16764343174370022,-72.12638667194395
3.438104040449679,10.289638337503302,0.993143267691645,0.6959575915038182,0.7381349547713683,15.39769589191187,3.2616043045234377,1.1423674126285461,1.2194260833996808,0.7682553418403782,0.29516579830584483,23.894793392608623,0.15296206634027412,-84.37660839117382
3.403036485119916,10.875167430231869,0.9407501955486169,0.666656374153309,0.7519085861972631,26.39465677984869,3.1987735596592186,1.3833906239773794,1.1773520641073514,0.7666418322722456,0.09168323200011687,14.613629556192468,0.16568702845697827,-72.60239549439922
3.417130884169246,10.05071546914853,0.9002391341678762,0.585718244406864,0.7353791874421228,19.501954305856838,2.9021772525279834,1.3022012975772128,1.2258836322702205,0.7146888781108249,0.2979646908220944,22.30588451868489,0.18446239004143472,-3.6618985183141035
3.4325621419686323,10.877952619522095,0.8529469636315142,0.6096213975006227,0.7507012254326326,16.032672316147963,2.7824166399407972,1.3179435991824138,1.124091775134289,0.7037629749192401,0.36037569990931506,17.766800218928232,0.18138355782113336,-70.89050069905376
3.402306330840192,10.709876995235161,0.8491399633407207,0.5720207841282952,0.7225130739078712,25.09575244648284,3.1633452258109482,1.297193468579183,1.1700119896187875,0.76810602488938,0.04512775347640712,14.283841535476423,0.18931315190829887,-44.64399744818634
3.413584537912226,10.105160612886124,0.7649950660533817,0.5635194140583031,0.709298549935902,26.596338801734518,3.1626494246480275,1.2620424567829593,1.227259951713875,0.786861898876403,0.25596178828819016,24.416018700396876,0.16127697814174247,-44.15948872303569
3.4368391596698187,10.306475470413998,0.6511578814579259,0.651983541375783,0.7604997499979935,17.837818430554318,2.8577754085473415,1.226486960084471,1.1467454235730146,0.7988310522064155,0.3223200363552052,22.982820029693293,0.18879379984404324,-119.43163546274485
3.4397342462859872,10.536634180052571,1.0134967131101331,0.6606599917614355,0.7257552806601243,27.227800647658015,2.6587864411619386,1.3620381605859122,1.3572700450537933,0.7028658572208811,0.32918224033708343,18.341876459149937,0.191883356957668,-119.28347467342418
3.4195918227633726,10.876356092372315,1.0024591126807323,0.6674132388686467,0.7220612568488473,23.75760580130141,2.7784309749387415,1.2494921167024664,1.148502024073031,0.7536496615616249,0.2986487783062363,19.371918647993674,0.16692861349266314,-53.73901790127812
3.426985315000266,10.702296985444304,0.7976516617004672,0.6983269895568425,0.7144387747910463,21.253069485319838,3.1518751149222646,1.2813637913517648,1.3473283117972648,0.7023789982450793,0.46979505021155615,18.898444068702076,0.2135151077066626,-55.17965053652175
3.4082446021978745,10.737923452787014,0.9483261658053931,0.6524155385562349,0.7049238600667169,19.824047988606857,2.7781069642440723,1.1531790894238738,1.3339442268180541,0.7429738760264655,0.10742260306135133,25.570885691406588,0.1672333856598756,-89.26847314253737
3.4024178660884856,10.724182633669324,0.881469396966934,0.6850918633193162,0.7180038988809694,24.39720288053895,2.787379793986245,1.2048579317584127,1.1190617338409863,0.7738447125217952,0.24696554518117086,21.638100364229285,0.19302283663730818,-24.542063459201756
3.4181997103084547,10.880362095418185,0.798239155686953,0.6843140011193849,0.7788481448868171,18.312234562051415,2.758530467010848,1.2205945310899837,1.228834357156293,0.7968304962525066,0.10495941392577876,15.961345196807525,0.1798791851907577,-86.19398936911261
3.404377887332117,10.096590861041488,1.0290534889286904,0.6684291681201854,0.7790008268535795,17.545536992115114,2.6916282296866694,1.1148447718398142,1.3173077186127982,0.7352364410350942,0.12936841822900552,23.90344674210821,0.1508902498795198,-17.291679884273734
3.437097439623766,10.463145690050645,0.9917682382842432,0.5589333739410758,0.7535023425086219,24.69630135170469,3.275486598400107,1.3177958379825745,1.3625027981197104,0.7719074877062043,0.006475783494759303,22.788002344349813,0.1847860027615201,-93.39966899090797
3.4108297117494173,10.65333805994274,0.7447308304785423,0.5959928600807182,0.7270552916787717,25.32865727318144,2.9040519042172455,1.1274190134752218,1.1384147219363274,0.7907153655560737,0.3225965680381181,16.323547196048033,0.17572863124615556,-58.34862144810941
3.4052467642500943,10.500984463055554,0.6527851956189784,0.5969560555556611,0.7221515160382621,26.92024937948017,2.7871868990973203,1.25378946013253,1.2811288626160375,0.7041575776184118,0.05915363132914871,15.388370281901018,0.16884731765746624,-73.48154200752043
3.424172504326821,10.713642759816286,0.721742012579464,0.6953375981373979,0.7449784357802055,16.104490661317335,3.1511435269520893,1.1400018090480966,1.2379337776155532,0.7148523666489298,0.34064801980390114,14.904327541133135,0.18556075987923035,-100.75555547803539
3.4099615383554953,10.601780197531912,0.8831762117555031,0.6538910715258074,0.7551036751321121,20.392317579390138,3.2573654384972137,1.2048865848154413,1.2774462260119612,0.715810373510316,0.18142871742755612,24.94097886769672,0.18700817459704777,-6.622005974522111
3.4070298316819105,10.669361367739725,0.8896804825562501,0.6369769124954713,0.7426029352015695,24.691934790145094,2.9708138353134363,1.3892192238312497,1.1054537108664597,0.772896811115232,0.4284494101158307,23.311994191171483,0.18849625796990357,-113.5065482305388
3.4119806097054184,10.057557856190753,0.7398051014114231,0.5522840025535629,0.7731111338425344,24.297346393359568,2.869144867410177,1.2741948901863616,1.2074096898833444,0.7871636295617211,0.026121295554291404,17.608700022116185,0.2163924396774703,-112.65949859446593
3.4082356705690646,10.73240152747587,0.7746684908435457,0.6481238813069728,0.7134407250683295,24.944830101605696,3.0194535998516634,1.3921566385108162,1.2237931543906437,0.7305467745298209,0.04026393560706723,19.989990020651163,0.2080279536571221,-35.61065148060635
3.439149683144379,10.899910160108817,0.8388220679871049,0.6522686666659392,0.7650061520252531,17.923969986782023,2.743466700217558,1.1162485996030709,1.1838464001448403,0.7249272652350265,0.0757736109923837,18.831168328475144,0.20913676687527805,-74.26537979577097
3.418624746762537,10.704906122203083,0.778600341495048,0.6243207441223283,0.7551878039943907,19.433456684860854,3.1740207184259353,1.3429495866573729,1.1217833611922454,0.7527957179741533,0.06900100696436845,15.50237484065436,0.21745176922391213,-60.820708443109496
3.4341056216353176,10.442190727192068,0.6873521685423758,0.6622590802730696,0.7018206957291347,15.531769302605252,2.940933624425635,1.227813726531989,1.1065531441698278,0.7836271913833395,0.030708609903706156,14.404232745383805,0.18081944941697337,-112.34185352426094
3.434065947468024,10.890902186073875,0.8021316663423541,0.6756079689416559,0.776927122923748,22.18683018684719,2.765767702950302,1.122050234819444,1.2694271205696948,0.7092481746124891,0.3271248512857938,24.48633725119948,0.1930806140392482,-0.14438322769386502
3.410476088091819,10.405822926406953,0.7110358792587326,0.5781171150747613,0.7221030890362852,27.553914953107963,3.0454005897824272,1.2937721822545065,1.2971607113376702,0.7675903359678103,0.23754737160002476,18.34572620678918,0.17132276547650804,-123.37127719637942
3.4384449050885375,10.111943376288183,0.7369840315158712,0.5874180408904625,0.7556901671546382,25.132159445432563,3.012920180798748,1.3288164173001513,1.1831463777505977,0.7726506687246434,0.24955991316770232,18.32289980836057,0.18432704357383906,-54.42683705950857
3.419411232452682,10.148185649302894,0.8784061434534566,0.5616838909785695,0.7255754979136709,27.781643842166623,2.888549050401927,1.2079915855884276,1.3207314531975298,0.7070713287456734,0.2279316187321941,21.83304287882919,0.2057190557929993,-85.68793308703036
3.4270130092696043,10.210694814587791,0.9679068124926543,0.5762070139621474,0.7050253399241591,22.180346567339157,2.7898982502861918,1.2219240388384396,1.334407056874283,0.7222719764561478,0.36943409213233397,16.268526059402774,0.1901575910722117,-37.90258518869943
3.4347922019674986,10.304103404159624,0.6503812530071964,0.6680468651068165,0.7120957883323321,19.422075477862766,3.150233872285438,1.1960668213165753,1.3229762309992124,0.7022647610944631,0.06400579088273059,15.053881554424708,0.19497457779574945,-120.91184172958847
3.4210760350803873,10.752606982148158,0.7982252368604456,0.5999848083802188,0.7509978529329004,17.07757284566894,3.1454297409567804,1.3821747862750429,1.305228972814068,0.7667670478363298,0.39055205893737105,19.621681859637267,0.20932069420364435,-40.63488974816218
3.4118981968002204,10.017396193273994,0.910472295419891,0.6814295071517057,0.7190446019231106,27.321306900277854,2.965022276239032,1.33118439545002,1.2377630310037793,0.7676555610170461,0.49930115415430015,25.523356045312298,0.15500012911680702,-107.46107402188514
3.4222241776348916,10.412153023189184,0.958442082168275,0.6213585760407866,0.7270440674886852,26.317667943062496,2.8467873351382798,1.1095755550352722,1.2686905599982439,0.7339674576684031,0.1897426796480206,14.666115960333757,0.19244593690787218,-49.74381178854097
3.4180697704119734,10.107740395191245,0.6539077413101588,0.6912785082484254,0.7061977873919071,21.89663040772038,3.128872225142389,1.2024850946679366,1.150774137746336,0.778695291671678,0.43114011886013653,17.158034664670367,0.19484814586365606,-8.677564776358835
3.4291854674048605,10.028798512995635,0.8701706777253861,0.6836856701148653,0.7384192935758074,25.73351665763672,3.1665721263385427,1.2935237786224518,1.3785707248431918,0.7913452047174991,0.28760932384059695,21.10344144534654,0.18572689340832138,-39.99643873736726
3.419297452547094,10.199112724128717,0.9767989639784728,0.6077256586148706,0.7163326181225614,17.805035153774213,2.864508599033481,1.1656373657673385,1.2460226917454715,0.7128068438993358,0.47168395538338687,19.677967685144473,0.16192441667163415,-86.79388662447991
3.4033235408898204,10.114072215884029,0.8928822018714293,0.6574240581499572,0.7575580618649,16.338242844261465,3.2725232324011335,1.3229594042904855,1.3476274700506965,0.7061935825081818,0.12095591614502096,21.377774397374615,0.17661814935455644,-86.36293690501384
3.4029543511382156,10.348765361878772,0.811353332174698,0.5894442678927017,0.742859845648475,21.906001050695135,2.679216775301812,1.2919081683868052,1.2720351109757637,0.7846672805108201,0.17912374463560635,19.69248816307268,0.20046816859378874,-6.550378270769585
3.4382317912574867,10.778793518327737,0.9716210940464933,0.599543286623353,0.7763085304389982,21.61276830477376,3.2697034785128265,1.2247084128613248,1.3605434904449405,0.7526370170584711,0.43180010321518225,24.14575820426287,0.21036707531151194,-23.160843337013915
3.406581218836093,10.757668083108076,0.7336811497494102,0.6427997555757953,0.71098239643001,18.593285020364405,2.9881790967715425,1.2425426515144797,1.1058671250771974,0.7502318232536497,0.15806031275769303,15.412711607401429,0.19007480171670066,-37.70453023651291
3.4168728336046263,10.063429769672027,0.6851558994443946,0.593158135128899,0.7036058067238573,27.24868262263969,2.9229997719728567,1.3605147624248874,1.127910557094697,0.7013385102483407,0.23775437906804986,20.54172639711531,0.21180854304984423,-89.03699468396272
3.409696300515168,10.322685997425157,0.9061203975722554,0.6618357544784298,0.7659768479699486,17.045364524708045,2.7265634547083577,1.2832899061645593,1.3572848415934953,0.7477484497891402,0.07789804901027804,20.146364972218663,0.16415597149118538,-116.40053939207513
3.4073552508937754,10.186516835621012,0.8586986609446345,0.6243811836755233,0.719634056052717,20.579660328202586,3.093111026426771,1.3768068055407439,1.3826425522237638,0.7653660259982494,0.35026820803472947,18.312273530560393,0.19617953043917014,-82.55582684729097
3.435567470446992,10.450953229587604,0.6676538560197102,0.6644737062676459,0.7660668842957328,20.300014814144365,3.0752632197337357,1.1028770728615198,1.3292840464723437,0.7985938576437251,0.21499926393556434,15.195425377330503,0.18316957877129458,-39.933250935829975
3.4204784844281386,10.024036000052524,0.6853604068499267,0.6495354820191158,0.7188730269936594,16.24156954723237,3.0240667432661312,1.2004903961106943,1.1728510022720708,0.786553747353516,0.026241155840727653,18.512421030298448,0.20574192321463836,-100.91973297310078
3.4062478795185474,10.21366515122867,0.8879280088298682,0.6719870066330683,0.7741346337703083,18.988426845590766,3.2760477287096634,1.1694417635696757,1.1886512852282178,0.7103216869950698,0.010643872975186769,21.180713143238066,0.21664431349874375,-28.36264956641834
3.4302076979559066,10.573281677729433,0.8001638929154459,0.5604407572147795,0.7774732436494447,26.034025590525047,2.99170743766304,1.178546696344809,1.3980074580831718,0.7238779010255174,0.08973334253318065,15.778385760060086,0.1716038483666698,-121.46805817243356
3.412004140960829,10.397797353424453,0.6794908342248653,0.660198447665395,0.7106282702176595,19.9598957756165,2.706356490776535,1.358211230615464,1.2037519955807303,0.7108007813138748,0.2349132655123048,18.619537803375437,0.21591168172098035,-68.91821321040459
3.4014685452717224,10.313537470026349,0.7605740187931838,0.6461130657683876,0.7790206671446008,21.85468334449773,3.0483314528459675,1.2716060010908996,1.363205421483499,0.7938620126588115,0.45723166470221066,16.053576780549058,0.21965384282126263,-51.24664544297018
3.4155639223547896,10.35724551898635,0.8608935142076675,0.6915781148921181,0.7702785312871667,24.904920267179328,3.10735497996833,1.102188463733009,1.1396016655547134,0.7526675734205803,0.014265955824363135,15.496833619229598,0.20256364147502257,-111.05076937279118
3.4041208705152286,10.814035631922797,1.028622875838678,0.6938832236112041,0.7353654636071524,17.81400928229631,2.909028570549994,1.19740985500984,1.1426112551210341,0.7730894930537658,0.39682565748175563,23.970199569081693,0.1645628012872124,-24.759480985533713
3.401404417592427,10.793779003893668,0.7298431968262784,0.6205429884511456,0.7422963530785761,22.3311342092191,2.9937892881103854,1.3513825751613973,1.2407200956178344,0.7556979995270189,0.2286757285362288,25.127449591876463,0.18365999812836484,-93.84876815035187
3.4065628467177773,10.644660712712232,0.7748621458057905,0.6580738697148436,0.7192290048882355,25.6744936642363,3.2570278534216817,1.3154022167020005,1.1019296947386443,0.7137495195270872,0.020354403046652786,20.702328651576213,0.19428485553355315,-38.85796582492836
3.4108041264694755,10.635972307873717,0.799956732284791,0.6476062237926825,0.7721008626421384,26.87565188589035,3.0571548172319685,1.3504535285333432,1.1879361854274388,0.7893382710890308,0.24771439562024386,21.135666674533866,0.1567093388979049,-8.890275900384395
3.4024656453542934,10.621701840615572,0.6607190802378751,0.568051367790199,0.7215840111625502,18.811629300828173,2.921069420837669,1.1926477906020787,1.175783337348108,0.7382276147563408,0.3233126651984405,17.162193405599545,0.19028468794728448,-77.52496054223182
3.409059879049448,10.524149308781407,0.6752129278663417,0.6185565252860659,0.7205840326151249,22.460326032895956,3.182688969918292,1.2645554392484768,1.3396589917091533,0.7522170592297085,0.27457693647682585,18.85574309535735,0.18521410431358262,-21.829885079528808
3.436943722045175,10.409524950363116,0.6551641406412514,0.5505679367453731,0.7579155048717565,19.12457055102082,2.813932968396741,1.2331034223818529,1.2442552005684495,0.7902882560429116,0.05490943634618323,15.866953560336968,0.21196207734826228,-118.43571020492794
3.4205065530935155,10.856991344155192,0.7333186679228828,0.6848191917822419,0.734566714246017,16.389549281769877,2.780099974960008,1.2843971192137917,1.117050494286564,0.7933473556986926,0.2575444821428048,15.251581464307433,0.209064039707154,-112.484095073828
3.4336790894304476,10.70208541806741,0.8807925570367399,0.5404124917637548,0.7719351071287448,23.006259204944378,3.221107449476004,1.1339909106902497,1.1929587913574597,0.718715979614388,0.09246089055156907,23.769149805943705,0.15547571990797782,-66.36364799127404
3.4224049881716283,10.396730919207627,1.0147318391101885,0.6761238617243608,0.7196750416876722,24.918561693631037,3.0142223450039958,1.3336379209471128,1.275198858589042,0.7519489565211146,0.21858162527312608,14.57716527230515,0.19662880769671065,-70.5415352918368
3.4059945388059014,10.3724423964385,0.8874801952007914,0.6314592412216452,0.7416902080799098,15.937058854528932,3.021310579324338,1.1482270137881754,1.2684895441469608,0.7133855846868911,0.08069383555843795,20.29433046471965,0.180004698516366,-32.25493864191742
3.4055277523114578,10.822806789723208,0.8330877402156508,0.5827546804087909,0.7021822715655656,15.575884205572196,2.967939813649897,1.343451821755929,1.2339114094838832,0.7224592190229215,0.41238877682528513,18.056157632831553,0.16144414833250542,-1.2224196039116322
3.427314940898732,10.26922030013902,0.7361773943922412,0.6911570819618456,0.7681398580939227,24.190815691273407,2.8824891803976618,1.34170043475913,1.280039552484562,0.7463640938809156,0.217806115822025,20.737663847062947,0.19218882884980742,-26.881485673391282
3.4282420553173014,10.42260220358158,0.7917153370858485,0.5543302998104673,0.7484039245903963,19.596479045129087,3.134454432136776,1.3115647155543702,1.3002158354248021,0.7764337100006113,0.1444674341465657,18.24160819784168,0.19595450329287328,-22.575013200515443
3.4033764005523968,10.880610738192754,0.8971931195478622,0.6760411149495685,0.7536852196243681,22.09211179231046,2.9423268945896774,1.3234672891548636,1.3303601303209112,0.7423446939968484,0.4888489846035537,25.372969018717345,0.20099100653601343,-29.8188265120164
3.4322496944127416,10.525106251410678,0.8452431820005868,0.6876637000190442,0.7455248166868352,18.32300010577205,2.7210386430686717,1.1859431628865877,1.1625909509047254,0.771628875686611,0.23740329762106754,14.559459948658787,0.18889594983210659,-13.800577021715768
3.404296052015602,10.203679823784347,0.8288184804336739,0.54973947539903,0.7483245962968821,21.675418420182062,2.7025992023201857,1.3845237794459004,1.2006357905556742,0.7433158867081672,0.017740546901304416,25.09854236936284,0.20384372571551765,-104.37438538470798
3.402007976575406,10.223302064716078,0.9516261836340528,0.608632604243822,0.7170266687525637,22.55589625645137,3.0711966460370363,1.1979992900120622,1.14727280324658,0.7150945562931323,0.3320648867581101,16.640399770301716,0.15496376946410062,-3.1662621238009905
3.432719729779841,10.408043023750682,0.6829973894470082,0.5820725743440113,0.7502269095123398,17.84547396330369,2.6408159189632348,1.138163333583582,1.3515809154507321,0.7889916188021195,0.06896309647376257,25.88228818594299,0.2159609840054411,-86.30828913438886
3.418539003369568,10.766301481630437,0.8967100408819175,0.6340275296170141,0.7262326705554298,18.90500809529921,2.888226525918609,1.1037675085884087,1.2793446886630317,0.7794237716911426,0.02031854687378226,19.184699278240544,0.17008765369579498,-114.09995590741927
3.410232619651882,10.326435063531628,1.0050121893637625,0.6136851649097471,0.7318092006524497,26.029883674912583,3.0515324893631663,1.3937053454703832,1.331237336299437,0.7128661891273274,0.08255592009925317,16.01191073364419,0.21917354556573224,-5.065331420609752
3.4219552826574793,10.3260029958868,0.9383141903665166,0.6313927324992744,0.7503595183678846,22.449780620949912,2.9926195580346735,1.1555102729031692,1.320389191943947,0.7474040952640335,0.34660208407591503,23.458127557397653,0.19871166703306115,-16.263880266959177
3.419829994690675,10.35346224223118,0.7102887057335822,0.5948772804856644,0.7162706689723853,23.49167798610199,2.811689374718191,1.1240218238712278,1.1372255567418534,0.7142377977612481,0.35937616165291897,25.58535486119051,0.1701559462842342,-79.2831404505398
3.4269463068279764,10.859865488950472,0.9428241637797505,0.6918569684888742,0.7497317138922435,21.06224619624414,3.138929365942903,1.1240787042854092,1.1245582505154201,0.7118296528337944,0.0030100900041660984,23.170751900662154,0.1899763786389339,-105.71747537943136
3.40856853090749,10.739529519355887,0.7695489882983628,0.5461418754582961,0.7443126959665892,24.48339218711334,3.199022096735262,1.2347676916295365,1.1262588970780256,0.7423219600789966,0.2743042561574055,15.9377318005491,0.15924206904421367,-49.628138240999036
3.414568085344196,10.754227314256871,0.8498579139650784,0.5910994204012022,0.7473487820159668,24.498928112390335,2.9960501777509996,1.2431137826044119,1.3847371627475242,0.7907746726391158,0.2307840793012026,20.533185666288848,0.20963189637307722,-115.36154568774461
3.424215714492282,10.413997132747355,0.9316993142555701,0.6716791274228613,0.7378455185383604,17.60235166647866,2.6742126364708643,1.106496133248288,1.3652318147196145,0.7234272088550735,0.40306917069492015,21.956671671912595,0.15396897545951144,-113.40146277134819
3.4081600919762502,10.673386442146466,0.8299455937022339,0.6417145899115726,0.7662698867485009,23.975866387270184,3.1932338042061135,1.2853925033805582,1.3700208254289667,0.793967377998069,0.11250759728250524,19.570365789423146,0.16142531052720127,-39.410037552858014
3.4098051696399785,10.16626202552691,0.9189467302305052,0.5631088876071336,0.7394011746278072,25.058517881359926,2.811153099477223,1.2055383081269309,1.216875652883477,0.7538962629176093,0.125981306371184,20.283057430662403,0.18860743215440023,-85.5472213933225
3.412011218493181,10.440801697734434,0.7986531368712612,0.5733643648146423,0.750830392424837,27.08461612610322,2.981479446565949,1.35021283292601,1.1722215429101783,0.7191891828790264,0.17064417692093148,24.72773138241002,0.1801910558945331,-105.9073484966043
3.430598624260912,10.748239004525074,0.7612939125370504,0.5825801557806898,0.7610293317910449,22.242893617932122,2.7768537534170252,1.1257311341493308,1.1790724554121919,0.7254417605480438,0.1794440378494203,24.248580376522398,0.1589082923222699,-105.70653869147563
3.4000698772864903,10.87747851321079,0.7331857876944405,0.6042264147084971,0.7526864282176798,27.766389795261496,2.85588453420692,1.3877031598945253,1.2363083598998614,0.7463833814513465,0.2927779114613246,21.47214184125694,0.1938916747784425,-0.92473654187026
3.4239496650752717,10.884264150152028,0.9437040932200378,0.6441150578223115,0.7461554546697743,22.877142370996378,2.9005425689780404,1.3533528871116616,1.1443954027331031,0.7097104846696094,0.383565309173308,18.433895267707157,0.1707137675387475,-3.832512561019527
3.412930244308329,10.466523161540541,0.8501584230227727,0.5512013963867188,0.7769308257440491,25.966003121691635,3.0424052103434516,1.3563629945776334,1.1902050373886852,0.7666767717927805,0.25249851602807777,21.0271314336493,0.15934002386408946,-73.31290678378747
3.4154967335382103,10.419796070723185,0.7643272043522791,0.5517589436223888,0.7548603488945684,18.895338918159382,2.661179460284883,1.1042708312736864,1.2829914640579752,0.7333027026722005,0.2527806423357549,25.926064577291065,0.1746446175219993,-10.391935850790816
3.4384548192946727,10.430813760518385,0.6923990209376549,0.6527424264205384,0.7557005834600224,24.586774135118397,3.2795848979303965,1.2035675529067311,1.283980533222904,0.7877373588235865,0.25522535931993917,16.82960639347176,0.18577407685838404,-90.27373009042938
3.437336369192904,10.645908043476886,0.8400090490095714,0.6187674660005187,0.7011695898706056,27.584393890821417,2.8998275296575,1.2089728534412942,1.273215781663608,0.7718791180936017,0.3282564730306521,14.060474406977262,0.167986487286052,-57.10966220658315
3.40587723999224,10.866266254201342,0.9145130321743173,0.6102385048010882,0.7262027911418537,21.480987942049087,2.9520586215816875,1.2973211731308671,1.3840836646148111,0.7916464814813099,0.12231512737104235,19.678790264741835,0.18621171738224762,-83.25058383176037
3.4357281514265394,10.52240196672677,0.7218444239440435,0.6131293598127207,0.7293897818826045,27.604395643542976,3.089474375687869,1.1611471206438664,1.3376972820071615,0.7337807168493732,0.3087404136420063,21.019531831082713,0.19448170559234249,-26.963007216012443
3.400760786345048,10.365477357769073,0.8502436028369407,0.6819460520292274,0.7757510761471407,21.712027876633442,2.9708601673493407,1.3185900600591103,1.3469570253252385,0.7432762335063327,0.01542875137183965,15.30008938170917,0.2115867122656173,-25.73272657543818
3.4160534488894525,10.265899771117361,0.840226828772379,0.5464739129033724,0.7142825257543632,21.967821070668403,3.252650641703613,1.2689388491474003,1.3285867144305517,0.7156536221591464,0.31016485599918003,15.210559069793527,0.17268400877264325,-6.13249640048717
3.419975249299678,10.536761147883798,0.9346381866626556,0.5411266750800208,0.7138347584680774,23.826026117084346,2.6673095203995993,1.276649377878487,1.2178961942991313,0.7016658733078109,0.2362623634839242,15.204167687723258,0.2075764916456639,-32.51191252244793
3.4283340716899184,10.413223971763255,0.8175914188653488,0.6036176684960957,0.7147769161894567,18.651259471332676,2.6525140831902396,1.1828036741326935,1.121626463959684,0.799364219210103,0.35473985020532794,17.945862794019938,0.20723694140752186,-31.675879521264022
3.438085821791947,10.416944157880007,0.9620704401473907,0.6452305492914143,0.7084641388429355,21.74373649980631,2.8719439354223812,1.2864155559576342,1.2075822925677873,0.7642051988327032,0.19533461570622432,24.17627861831179,0.20321261083469827,-0.5414377611969741
3.41633502468306,10.026172808405118,0.6861962627409055,0.6861437143997143,0.7296111907737521,16.622066222254457,2.8077739401360193,1.345359419271926,1.2019797185842,0.7820544664827618,0.45412720925561056,21.089299820655757,0.21073236376337914,-100.88099190405848
3.405754303733161,10.56858703969389,0.9793747329290123,0.6209533181574465,0.7320252717340283,18.846875773307023,2.875906708199452,1.3954962881409616,1.1546807092916034,0.718475877450256,0.10540863630600594,16.15514141174154,0.17910575238941645,-69.97786366538404
3.4032426830550384,10.804567608989998,0.811708925761783,0.5730465604052492,0.7521780759356471,24.921528320081205,2.6892290095654032,1.3818901538431725,1.3346678501325993,0.7470063552526157,0.22126880218198863,21.784993490013,0.17773601761179128,-14.215028896769141
3.4255214410867216,10.111150900445624,0.7499841350460458,0.556013952306113,0.7513568612603718,18.361087453726583,2.7606869652803128,1.2910243109912587,1.2937187371033758,0.780038818246612,0.36258900245255493,22.783268351821285,0.17411364591739567,-2.9047548310962554
3.428824464297177,10.00265776123905,0.8741258859854155,0.6132293719579787,0.7626540250236084,25.530264793348316,3.1319084180308656,1.3514351864916148,1.1289206029892926,0.7861637065213848,0.3004846159480388,21.73050330834798,0.15726009032210891,-27.691465335245667
3.42441079375777,10.561584623239408,1.0141353810666944,0.6599637919773134,0.737950057982598,24.678949553569186,3.20100259366921,1.1769501263249214,1.3174572467306493,0.7200140803444308,0.4206573976586248,23.972962625284744,0.18563128760967984,-15.907542355149744
3.432442349284635,10.818862108299525,0.9696559304241695,0.6612555779361828,0.7570348382307149,16.752267920505368,2.87479062758015,1.1653801204575525,1.3929020944953603,0.7494885112314187,0.19927273435733298,23.031030345149713,0.15416550775557086,-64.43784343448291
3.405493435666419,10.095233496830597,0.8420903133701801,0.6110024136520209,0.7095124000760062,15.847670772022102,2.715913393168327,1.3171067590636991,1.3935276619114736,0.7141065982181034,0.1736155335048942,24.07422327080909,0.1590449784588912,-21.303567362921783
3.4203152364493246,10.225965980219879,0.901208481920182,0.5685498177160484,0.7278385667448676,22.300487733900006,3.027431568195184,1.3295606945497485,1.15652661324797,0.7126403365067074,0.35114349149435153,14.367137027057066,0.21418818833573866,-110.82730239172629
3.4120840686625584,10.694125500722778,0.8353124309654848,0.6150548277068684,0.7331891828880044,23.257340805992683,3.2436665505548414,1.3025353201180547,1.3527370288355356,0.7672720819051791,0.21902390097811872,15.715855753605645,0.2033951736465422,-58.841528443551184
3.413550671851456,10.299162604745568,0.6944881802779115,0.58718125881504,0.7270221987500155,15.96643972021314,2.8178964347512463,1.3780845248571374,1.3249856475123263,0.7122161337190007,0.24823029772259075,23.037158714261956,0.16824133548901118,-26.43512109885556
3.400030421715333,10.759939344248137,0.8748020533941965,0.690073490916689,0.7610880902098225,20.697461906388845,2.730128238378308,1.1624602090408998,1.246065607266179,0.7559072636334201,0.49137081834784413,22.430380951913712,0.17012356380241164,-57.19430265450089
3.412504957977428,10.039467121556246,0.9170786978200306,0.5887416387199026,0.735063446143796,15.407673892300556,2.9967129103659786,1.1441668324002092,1.1503254789749215,0.7518748411472871,0.186744550342351,21.732415506952513,0.1572304083475359,-70.20532765894114
3.4243728217523643,10.45412235353483,0.8584587160893355,0.6277998005644189,0.7423177000078535,17.178187703588872,3.1351240701952903,1.2290509081850414,1.1655529448262048,0.71555809305213,0.1752164566055987,15.176266705333934,0.19342268436948662,-2.755700790533396
3.4204937616744084,10.569554140428242,0.7635458265560953,0.62122774303019,0.7760501728051525,24.845017385307628,2.8183797324243054,1.2238042324160308,1.1834895629239413,0.7691944815142961,0.09270058633214007,15.543783462125367,0.1884175320505931,-99.19550030143449
3.434699694750627,10.204680936090703,0.959983879162426,0.6969945967396088,0.7669085760160828,24.79561081734699,2.7984560339589453,1.1221130730188191,1.3557156285636833,0.7610217483820746,0.35925628647526475,15.814930294293557,0.15508646370460866,-52.80680606799281
3.4168822528368503,10.681083921084603,0.9933978273476544,0.6314183141769764,0.7772978225782379,23.87772918613478,2.6452970913332523,1.1877511142883388,1.3858921114224392,0.7072912190803522,0.08940989833552794,24.584135842760084,0.1937052337210767,-123.35042853486338
3.4058402747091323,10.586177341237649,0.7173410463850823,0.6698889189720372,0.7733764849530282,23.43724439007888,2.796579293781195,1.3621143970480283,1.333712003778848,0.7381905547608861,0.42730042974111393,14.560647281548603,0.19147509629201143,-114.55804547513875
3.4040637970194934,10.591732190192928,0.6833215250444977,0.6240041009147107,0.7219087181219072,16.623927038653356,2.995759892577081,1.2872986658882344,1.195281932695633,0.7594093920448779,0.01465357386544743,24.092112105725356,0.1940584916063943,-75.13463559664726
3.435770536939536,10.76007878931335,0.9978415912041347,0.6575419834235322,0.7541920575562888,25.273097708131207,2.905642762552346,1.1361423527227466,1.1087134841371005,0.7832837769042498,0.33457407506774134,22.427573615675918,0.1801034829064066,-117.92220137336197
3.406792094357183,10.483750721059518,0.8004392673308409,0.5826517911374821,0.7431038996545163,26.5647710541167,2.787598838715744,1.1666769354945101,1.1903282509110071,0.7534979344801868,0.40941152250931434,15.08102818419791,0.16203606278773922,-54.38469491874554
3.4157592358139968,10.279645909707389,0.7206423310208623,0.6279086858349423,0.7513893460116504,21.69755880249908,3.168575121951561,1.3960322727412116,1.1514883364866346,0.715176876465432,0.07452512147574172,24.17051880239338,0.1590029422902103,-69.6111198113218
3.42633341997262,10.144459630551783,0.9438438996145795,0.6815114466710459,0.7075335703253982,21.125017911179565,2.8012228421625536,1.2955132208091293,1.3621394557556636,0.7847486778765802,0.26376417775666594,17.59756137438661,0.18508708112544353,-103.48893282855173
3.4365005229366687,10.155705635140464,0.9872454370895847,0.6667135136413024,0.7797577131541997,23.47183321697831,2.810771191289209,1.1323186581207663,1.2830697991301199,0.7055233408861936,0.43506715480656694,25.089405861939426,0.19930321984598134,-16.713852219104794
3.4129979346396095,10.114792412695625,0.6768819427774582,0.6514506774673738,0.7373100269300502,24.792035424650347,3.1451989940279734,1.1404006427885316,1.3868149717519478,0.7363859695387248,0.08233196470407621,14.85552303027116,0.16933015509139138,-29.280828623625595
3.4049251490886587,10.251646446874505,0.9656138704734502,0.6007469718188587,0.7197112903882514,24.876093190167218,3.0244360188502184,1.2092035274644577,1.2210016940666382,0.7406787438288343,0.42823642776098503,24.601905874708887,0.21543205418366987,-12.605261525482348
3.4334798209368174,10.602341383110616,1.0233793487556158,0.6650057286962416,0.7592344303098444,16.776423879820413,2.9867379431337646,1.2129609547364908,1.2190714917236205,0.7899816882417587,0.4664285363487363,14.477950742698935,0.2001383242606859,-23.701108581411418
3.406020014575088,10.393132739444438,1.0252634823950908,0.5564544032119729,0.7407591082248768,24.840002219060793,2.9652585076209648,1.270936122703066,1.1312735425733,0.7930691668237297,0.04700457784560304,23.20034896149551,0.21941927336074746,-23.4443386947934
3.4115175915182308,10.079411070737631,0.8539569166606356,0.6577317870072462,0.7253597850737071,24.627740985355903,2.9525024048204247,1.232041643810542,1.3498969572307633,0.7845491074982511,0.3372839078403202,15.775250606433858,0.1941264733946903,-52.49831678463373
3.4202302464316685,10.34053720130145,0.7476605157336602,0.6654912267947002,0.7611974830145045,26.342729418440136,3.0403700699979725,1.1216125486086794,1.3130154205438904,0.7688742221175622,0.40611208199976473,22.45521714337856,0.2104629531335048,-39.40579516999945
3.4311733737440573,10.60532433892183,0.8728006072865004,0.5683209022169934,0.7290833279573141,16.251190106856615,3.080079630925576,1.2104998186513554,1.3271224483900774,0.7068528327263237,0.36525768068796155,14.652380073784819,0.1903414804009106,-70.10966875394888
3.4334519875907876,10.188968503123847,0.6744818021452726,0.6566974079927201,0.7385857470195435,24.55008864366144,3.117729182198396,1.257758646790155,1.3617940706381972,0.7271440719491078,0.43541495598455726,20.551262638442974,0.15083952529086014,-60.023720078544955
3.4041782920444703,10.508106568171593,0.7574460606952752,0.6202936363248008,0.7536335943613821,23.323804872179295,3.0541034218699403,1.3944254674992584,1.3337952486013498,0.730685761633324,0.2013017720783884,21.528932841583536,0.2062785481715082,-19.87910705066092
3.4188926510653976,10.400222077251607,0.8873910603697752,0.6094827076555925,0.7338829739143126,17.16145108585655,3.1103520434540783,1.327972249488317,1.2182466927425741,0.7719493919542528,0.4048519971754604,14.286304275031076,0.17679137010197365,-52.41420586012521
3.4116475535554343,10.307850960924599,0.8205396838328035,0.5747763746083676,0.7661772529685221,16.940265639906023,2.935490338972033,1.367121660370981,1.3101576688338412,0.779406030540641,0.297357140889759,24.010970500338342,0.19184512664163203,-52.15988901213129
3.4242599645350684,10.210376372597501,0.6700276576946227,0.6484906322272032,0.7734877185938174,21.117003526236246,3.0464198261138473,1.394883917463994,1.3186365721855167,0.7494327920012402,0.4219961152468825,23.273316079087977,0.20305176599654642,-62.46372150160901
3.4129856713803535,10.244675185765244,0.8443846040215366,0.6043292133929182,0.7588339802765334,16.572138436821163,2.932884386437101,1.2085656336688682,1.1153386322056529,0.7195557931040755,0.18224833230299425,20.993721079308447,0.20497634759827263,-18.701914077986018
3.4170259942398804,10.075617306273893,0.9948453474262704,0.6623341401212981,0.7524104740066263,22.251555987692104,2.7467784363925185,1.298837607102702,1.3550663230185362,0.7524237786543466,0.016056054053030767,25.11533804585961,0.21652605571970235,-119.53633984701352
3.4070791872368913,10.514758648126008,0.8960778446127083,0.6951370262490869,0.7465976644448274,16.854721103514713,3.028217283464326,1.1995317461095107,1.3641468838261555,0.7158903874243616,0.3797838482641792,24.97723509835566,0.1900106425639831,-15.141170430540214
3.4183024165951466,10.506612865122936,0.6911949500272713,0.6484467959172814,0.7042383010196539,26.698089730771752,2.692949240192656,1.1202204229135733,1.1642202673450612,0.7793850127872795,0.17638299662305404,17.888571819428055,0.18187042661881678,-119.70631571212839
3.4382772280766956,10.217761100806493,0.9305503149903955,0.6996766871057234,0.7787495459934901,15.348600461093486,2.7191882404883603,1.327284218442524,1.2870706321971646,0.7159158783759687,0.04728428928458965,14.426307138750596,0.21805469253435425,-2.3013573516870167
3.4324677426884467,10.280634383405982,0.8055640842872915,0.593527416204279,0.7518328302026998,23.186225104214707,2.6648178135774483,1.1138210102463213,1.3429084996002172,0.7467224098099091,0.013736844843390598,17.003664055489914,0.21021929566206055,-43.3221747210207
3.4391789172557767,10.810734612247542,0.9745068894945951,0.642084813783316,0.7607499251487234,22.179732681199557,2.697201551267657,1.1662196418758626,1.1982765182564468,0.7441472218688074,0.26447845329019354,23.554487310199764,0.1851554723873871,-63.924364609897005
3.423511462270932,10.323877375190538,0.6649428188634139,0.6148468429867996,0.7102651142410976,27.107161212466124,2.7484119435350984,1.1620990582530584,1.3965847832168086,0.7395290492915396,0.23332209582228408,23.625284450734668,0.1972331279198204,-90.17593925301642
3.406596644608834,10.226952783332361,1.0226320442119659,0.585708882282779,0.766348170173327,26.820980798034512,2.6696672985101078,1.1957352459357957,1.3440378094911134,0.7110972786265458,0.04300259511333091,20.6445169503258,0.19960289697777991,-119.66051237945096
3.423895062514469,10.660862633266516,0.699792925246131,0.5702548914985685,0.7037313073458035,23.763956534442897,2.809514669678954,1.279440859246783,1.3196606902639099,0.7454987724657673,0.4032767373600536,18.94435758908801,0.21896458537666735,-35.139525944238684
3.419675343922124,10.589826237138201,0.6964205688091969,0.6505618812519537,0.7459047826974963,15.344827566924762,2.937309290340762,1.109879702978021,1.1547336430109623,0.7226797501785629,0.4981326052995092,22.52439093056558,0.2071986590291067,-122.36579203484669
3.426856294876413,10.527705775728379,0.7152494548780558,0.6548623056097997,0.722530892538224,28.102813477517913,2.801353812909947,1.309524678737421,1.349977048376505,0.7825146543290276,0.07387251052771333,17.086523745207952,0.16902060264784277,-6.310581011475634
3.435803162756596,10.638499212893802,1.0183184463477688,0.6531968512523164,0.7400920230065628,23.840081704540914,2.910616599806719,1.1000906312813568,1.3592025675533717,0.7103168723415305,0.04264350839286672,20.122793949373964,0.16366813406376002,-69.79193373836114
3.4258823179453235,10.348293361410978,0.704097440153691,0.5872851058625081,0.7760153128313,23.448763271667914,3.2606416404885126,1.1787158988966184,1.2600191702826093,0.7914097641057073,0.05418808755301966,17.76829813951862,0.18705475516648903,-83.0329244813262
3.4018624959664994,10.3231313141089,0.7850767357401185,0.60050883463801,0.7391422527174305,15.32858964694632,2.7249607153016053,1.356285539905247,1.2816602020596564,0.700063813135307,0.44728161599743943,21.702524098582586,0.20700383531110794,-25.35522149537185
3.412470951664935,10.05515007038472,0.9255490376407403,0.6649370088803663,0.7329228997859015,26.218248571007095,2.964870933531964,1.29975845107425,1.2458274088461052,0.7102156715927681,0.40032067458088055,23.855899261713056,0.20056386050541006,-92.26096561373703
3.4329129533191862,10.005095242098676,0.9985057897618568,0.6637578658290126,0.727946374435668,19.97458252766624,3.0255274738057105,1.1464982484788284,1.325050819067062,0.7045113285862421,0.3554774858904804,22.27086988223909,0.18334815734464388,-32.34116139723312
3.4349297167806574,10.50484049075525,0.7507488171611153,0.5453004309498479,0.7560852020545445,27.692989926263966,2.762316821184315,1.2669879844315837,1.1614837935895315,0.7147008841864777,0.15394272306033277,22.812338162375504,0.16703481175819865,-107.69068689645724
3.4115782887613832,10.24117287512247,0.6525409231219236,0.6173055033698768,0.7683863850191416,23.211933634661797,3.0093548848004383,1.259184598887122,1.1715059306760693,0.7286017844869227,0.16512973560034255,23.96571597716192,0.1648471890537606,-27.68482038677574
3.4206555342399882,10.886625550703878,0.7339253206848109,0.5508441947033754,0.77778843201046,21.95343940986018,3.094271088476586,1.2044281612865657,1.1618041565751842,0.7848415715804212,0.05715143179592627,19.92351086870419,0.1933736747254812,-39.05892444854459
3.4351395543146874,10.544383510080321,0.762002516250823,0.6941943067160317,0.7041525060980772,16.020269483888562,2.9898886601303385,1.181233152933017,1.2588133051529669,0.7421002158768624,0.38339138135911527,19.500575349190157,0.1887743943366605,-84.0339426028842
3.4278722669036323,10.141561408817411,0.7540946225811319,0.6996178987793253,0.772785652929662,26.736831967809213,2.9711266288693237,1.176031022120814,1.194040036154136,0.7656159291547159,0.20477655176716417,20.608729223005994,0.20655627329063536,-39.72082044027238
3.4162741229797224,10.350267291840053,0.986357500682447,0.5832390862377492,0.7535404126867029,17.777000752288185,2.7253853677783693,1.1470329003193256,1.2342457799438966,0.7080206405313134,0.4246719590821076,23.89199861498154,0.2030738133508414,-97.82405337773723
3.41475953274168,10.060862615842018,0.6885698714899321,0.5688137786116914,0.7084846486840692,19.33796862672158,3.119555430852936,1.1841639925457317,1.3179113469932888,0.7467448119914559,0.0029747981974599267,21.407362457116687,0.1633387879772458,-73.08108329857926
3.4024029248434178,10.435947649585618,0.6601039503408759,0.6694971527456655,0.7199709925919232,22.940060684791995,3.05922606598791,1.1723485930106003,1.3554151612087946,0.7713569897359293,0.19935878185287165,17.56831501571034,0.21556696961577282,-88.06424059285858
3.4227112112493208,10.055600784569313,0.7171608237366904,0.544271519306112,0.7150751501230922,22.486716189539735,2.804767766109375,1.3417411487806554,1.1092319011973895,0.7957306503727986,0.3550659129836045,16.95048081446337,0.15996403084203162,-65.71403443737768
3.439184096545969,10.761396130984785,0.8923200135497275,0.6065960594609515,0.7672309031429752,22.63221079654651,2.8306879535654903,1.1936270717996538,1.1283968926600816,0.7743376570894628,0.12143304533035357,16.947687482141625,0.15367943843331724,-115.45499337494346
3.4068323686235793,10.837255376706247,0.6646696838719248,0.5532555222857672,0.7654296518940162,20.52281851370246,2.7042540803343034,1.2529845920513147,1.1584201798996296,0.7247821725642035,0.23438714720853449,16.390916105046042,0.18613230419491097,-55.565730455435826
3.412760986223893,10.614726281629288,0.9843181762050754,0.6571365993186444,0.7507537177885868,23.133936694657947,2.655657398136555,1.2830607057695937,1.334597282461272,0.7183977488903636,0.41982745801351223,25.294484644225786,0.15978376223807392,-1.3745603845089391
3.4236523697335266,10.802496431759455,0.6842789186299816,0.6552962131644924,0.7488028006451769,26.050800883472334,2.8956645891207486,1.2258931326253673,1.3880966394143623,0.7307794432212183,0.0992922421363062,21.642225001607763,0.18152775273145516,-8.730903390083327
3.404078829517252,10.532109932553508,0.9822450116115542,0.6528398394158242,0.7700361536344072,26.446045435375652,2.772848764523357,1.139435086294607,1.364173462260683,0.7468179987775646,0.2723864370573461,19.882790594249727,0.16508536466020177,-31.450703148638084
3.4381295015573095,10.80485458352858,0.9040997019623499,0.6284607503475657,0.7166937657193249,28.163480209933596,3.117279296843965,1.391071884210926,1.3034106746788177,0.7228590246906833,0.19612306933475876,25.00266671132429,0.16326547110825537,-22.47759596934084
3.4086561048370396,10.27117192242011,0.9310899282349909,0.684235279380883,0.7510627907157316,17.538435440079354,3.2649061731670304,1.192919077257804,1.2863106334906935,0.7324250461937287,0.22963685993973315,20.614707867791523,0.1929947705755658,-109.13706516944976
3.431855459151272,10.103248161678998,0.7879698052006506,0.6687831846254594,0.7440951681530917,22.288809285942914,3.0176421474223054,1.1986456398900056,1.2053663761266353,0.7107450853498233,0.39615128388024956,21.206354416897227,0.15386595408064888,-11.888246643094433
3.403627491729204,10.751610681147627,0.9109300735828594,0.6702839211752339,0.716594897325044,26.661860778066107,3.139385443667567,1.2628525726425144,1.178040744156947,0.7325506501078144,0.3582962433853376,14.605908951873339,0.21969878137512122,-65.00031638729565
3.419405974752177,10.165094061772256,0.6747885844452723,0.6845311172377496,0.7795593162036041,19.187568002352084,2.7203434899811687,1.396523578432113,1.366127322973902,0.7508262392435686,0.46096056343742736,23.850739504777255,0.17814066013043678,-76.89003534725572
3.424129941087814,10.448611909513989,0.9515655918517634,0.5599314677467572,0.7078327951430615,18.126828484210083,3.088915958506381,1.19759315856631,1.3959369505018602,0.7791302779627132,0.13083936900607396,25.39951914811209,0.15958582981785638,-93.75377796376455
3.4371092106261947,10.842676523537058,0.9862259340305021,0.5458808489812443,0.7522924234833119,23.370791063258835,2.7368461515936087,1.150737613469304,1.2573126135975694,0.7130338252366908,0.3539721445529113,21.265748783514727,0.17083256552666393,-94.17129673202427
3.421171828960253,10.130662856896754,0.9737853616532608,0.5544641013766817,0.7520421499806131,19.352638674918037,2.9390757154507905,1.3235824299266081,1.3227889544722615,0.7511663046065056,0.4128550502405466,18.675205561931676,0.21254839733741704,-110.29560840393577
3.426840779885007,10.183585509837393,0.7589875794256296,0.5578873291995317,0.7024268806336343,26.06864955585456,2.8463299253745653,1.1631745538506633,1.202771668272399,0.750446374870758,0.45437872001770735,25.05954498247211,0.15734632496384277,-90.161572271914
3.42647105591317,10.465258509983588,0.9595428893924773,0.6588393326835388,0.7432618406334373,22.265277349131274,2.847601296885741,1.100993661109061,1.1445425963651843,0.7090962685283335,0.4109604476934588,22.60192289002504,0.20900087684619054,-87.1330579105662
3.4052860938295293,10.011666363676236,0.732759940506893,0.6546615048874497,0.7485946798329487,24.11558949626489,2.8366933736658004,1.1843591447907684,1.3466579625201058,0.7252666680012839,0.10279379146073966,21.320343520473678,0.20737183811676801,-59.7195482436112
3.4211796882294445,10.46661331420436,0.7448674325172815,0.6517858241629396,0.7032958155102409,21.058555806352544,3.05130551461128,1.2361244662261426,1.2736431228574217,0.7569708763344113,0.23555759643521548,22.282004240384907,0.21334184477411594,-114.80043258430892
3.4393625797387433,10.49313051504606,1.004240738254614,0.5750329940845429,0.7439772296357076,19.894884717998888,2.966283069724828,1.3015794118133466,1.1453533894023078,0.7987949809520604,0.3743278408058954,24.751433305274887,0.159352866916658,-74.065015086693
3.4064348441703824,10.420799117716973,0.8858392359187807,0.6443937627551519,0.7663072125529116,20.55868736631927,2.788380419219899,1.3664601570035582,1.2163555152137682,0.7150225722115764,0.12308316669623823,23.587461771658838,0.15516756066656207,-120.72545024268443
3.4284967039783285,10.845021429957262,0.9960709258955194,0.6005680183572341,0.7569996127616698,22.68361838528195,2.646586526643924,1.1368266095693178,1.3941443392245254,0.7590482914677893,0.45145977313845753,22.803705648728354,0.2032539321799996,-31.978526376202183
3.4094622327681283,10.205170224483245,0.7077909938490571,0.6338482796679432,0.7055028577404004,20.82218387425298,2.6626056194257814,1.359999567136041,1.3056933959976664,0.7451942335100542,0.4702802752290926,16.699148079936023,0.16618007901276882,-85.12789833847698
3.420115646636737,10.445840825430816,0.936096141589809,0.6171213357428679,0.760214897128765,21.739484555128513,3.2358332866290342,1.3459049266051177,1.1332290083011034,0.7189656388694472,0.22041332899631558,22.514204195942302,0.19341656797356113,-23.73785043105245
3.4226905801386405,10.578699060192708,0.6545390585333906,0.5710797487974972,0.7701261364379233,25.185116600977558,2.6836604876136123,1.3891728296621824,1.327994591915467,0.7144243720840423,0.02567275377777931,19.482401845774774,0.20059889949582316,-4.298535229692192
3.4028666055745584,10.194124193025122,0.8192112984437313,0.6754693835928449,0.7163665877052079,23.20752418039603,2.7889099928839536,1.3781007521185997,1.2642879632955204,0.7791443827646028,0.16499956545502104,19.22914725254089,0.19203229073106848,-107.25254807860567
3.436804950240851,10.673366007536224,0.839792836540933,0.6594158106751451,0.7789900881164783,18.40617059466575,3.0758741325230012,1.2139802187223325,1.2773831024682454,0.7004191854241575,0.29324122299808864,24.716271503160726,0.15595529339865027,-108.25251149858505
3.4383291666207305,10.659159357237112,0.8365442615245571,0.5577929268564091,0.7643804992997372,19.42854004289125,2.8453851267654593,1.2183305581660298,1.1023984723951934,0.7511091249279559,0.06687094245581143,25.040282410784933,0.20685987013958448,-66.09915113429741
3.4037035026279283,10.278129223842852,0.9699397916797319,0.6707720179959856,0.7675486203110536,16.181691756878013,3.231661188504203,1.2408617179016428,1.2086612335137663,0.7239145790124625,0.4973473816609674,19.76654053758874,0.1692351951406581,-73.01676709294435
3.4178731730916483,10.826224210764337,0.7095258803924223,0.5480356427667102,0.720331275354544,19.411082364147838,2.8394592170687214,1.1187787797569069,1.2201215521182156,0.7427007137215081,0.3088028350488394,20.84048487434775,0.18420234724213475,-97.79172104625093
3.4322979070498216,10.676174486686664,1.0015106549224315,0.6649780072120361,0.7666826538641017,25.81092420774077,2.6695888174670457,1.2565268079701108,1.3021131992254855,0.7322315487463946,0.14953304278079066,18.464568488317312,0.1769957935276595,-29.492993265590826
3.433342651147725,10.709030861710026,0.9602758499122133,0.6511360199610017,0.7294524953962667,21.142704533077936,3.0185084428952442,1.2217827790258813,1.2069321951316336,0.7872277843618349,0.3767008324324925,15.045493357234047,0.1880805004882391,-9.011908457504035
3.4342758638236375,10.138414197135969,0.7894768834360606,0.6242479409812448,0.7377538138608275,15.373194677615784,2.8602565634810326,1.116123859745202,1.266516268963907,0.7455416480725782,0.003938542079584546,18.444415377277146,0.21298481021236187,-60.5734083873372
3.4004270374406502,10.529293419158803,0.721695810862742,0.685039675408161,0.7394824597559762,25.47366667352634,3.1413103439691694,1.2756918137375524,1.3815879274225085,0.7357705578844866,0.15145922019052052,15.45740144550611,0.20982002895876592,-77.48725004937992
3.4041240864077786,10.423760137410486,0.8013588331301454,0.662934668169531,0.7283835537332352,25.636857861032865,2.8959954499979133,1.3442322806905767,1.2031014922679804,0.7283723202312063,0.14346463567400045,18.480099279857154,0.16960094017231186,-5.1739675902947795
3.430106498552748,10.184875444509483,1.0104098416273748,0.5573902449772091,0.7407001092424353,16.410120859427497,3.0498740977018075,1.2516466204235415,1.2298089639514171,0.7510739506968903,0.27094105241409383,16.869797876381902,0.15271113467312233,-92.93254478653495
3.435393728444063,10.328712809161415,0.9023064958475636,0.5940010586295068,0.7138603144983868,25.092809141965702,2.716047246392269,1.2603236302525258,1.1212155207931684,0.7973079504718148,0.34588902835133933,21.982559330325564,0.21360987425659955,-4.96046816554329
3.40229038261781,10.040769564128617,0.7665803888905367,0.5560299733159957,0.7779734790209025,21.077137110439374,3.02912851691377,1.2125160137812934,1.3556864947031526,0.7425497682916378,0.3049072757407954,20.539322159937193,0.2194450899178555,-36.602849884165636
3.436112760570079,10.302701518472883,0.7270423911391868,0.6929744032919607,0.7013524645595126,24.948869161107517,2.8510614164387102,1.2390794136033887,1.180751858957715,0.7908974105833573,0.31287619922744575,14.278788387395329,0.1975039846893481,-94.768526988606
3.423421942099319,10.450286756929994,0.941714962958154,0.6256034112626107,0.7517565441732266,15.342472640316155,2.869511079474869,1.2276531512956543,1.1956924896955181,0.7942318728546622,0.2596932743751033,15.919613415981456,0.17690142394747652,-77.85355443496847
3.424674135692166,10.038901664059294,0.8569566464660349,0.6151984368654185,0.7655622318283127,19.815799039575726,3.2179820027162553,1.2340034427558166,1.27586468980056,0.7709724467491085,0.3631992607173844,22.784231718522108,0.1637196799677802,-32.3348596757925
3.4360242752352828,10.273126649111305,0.7092267412859525,0.6175906952293034,0.7600749258374385,25.637068877040512,2.7088215470441828,1.3221238291192494,1.1526004828509047,0.7805678662402723,0.21346084366024615,17.477146025278966,0.19343172114620444,-4.702576282801502
3.4376769302044026,10.051387759976484,0.9817159787528001,0.5421989870620338,0.7392850821092148,19.196333674128,3.1337060954548672,1.1265656397872397,1.3537591498141988,0.7264392544690692,0.36059608605659293,16.709270127235698,0.19381506203604668,-33.67047594389021
3.4005018631190778,10.1019136754728,0.8095854974971701,0.5469696699189776,0.743390060025516,20.713018043207857,3.222762802373936,1.3047269716437504,1.1106820083900872,0.703495229142272,0.05693851502711966,25.867569728321076,0.17511251542540696,-7.322922434939869
3.4247396684673674,10.716412516358458,0.6641511303298738,0.6306000057630863,0.7748734832970067,24.045349525058,2.7455154922581615,1.1369073002177894,1.3231674003998857,0.7529029935886407,0.01514613529745869,24.15566102768895,0.21034754704598332,-63.094186857741114
3.412075973442605,10.08516080953498,0.7383101392053044,0.5591243540876153,0.7283410999304524,25.845968514215627,3.01806080327599,1.152323934602707,1.1710896023211146,0.7912389926037615,0.2070057949401057,19.674663192334506,0.1727998160778904,-74.11730227398431
3.429198616627677,10.19683678210005,0.9633575006996069,0.5835892920746266,0.754737018942873,17.354752189029085,2.9799476119506845,1.1330490757184808,1.170554315143252,0.7234596900809613,0.19226144374313994,22.790795732338182,0.1537076340534003,-46.506754117018616
3.4154280993839174,10.622293049104641,0.8787410926828476,0.543454742655772,0.7384408289313092,17.650010272076532,3.1299313725814355,1.386123621341624,1.1433410749405803,0.7449262230065485,0.244425267809718,22.62160313019786,0.17269680447196656,-41.24620738298586
3.4329463467778565,10.374327469493226,0.8979903411390846,0.6304854194582032,0.7112032941269816,25.74216039621637,3.128099702597572,1.1145516761050596,1.1842679768713902,0.710092601720172,0.0011931639817559872,18.563431149026968,0.18305262907986475,-0.6906060021069464
3.4399954492760876,10.15361362238327,0.7151807618643394,0.540899580878804,0.7114346691568586,15.576507725646305,2.7772623050190393,1.1864732999497782,1.1115884895496229,0.7698039524395104,0.355193531047888,25.57194761428473,0.1613914711258056,-34.82691565994318
3.428879881847469,10.844888516015567,1.019690902782988,0.6364277288811441,0.753292272975377,19.76544993606145,3.0495983255674775,1.3395340161992406,1.3723790397804474,0.7380924862360684,0.33236178999174004,16.73081694163448,0.15439054692454884,-16.49568338155396
3.408755269255191,10.716899471175507,0.7196891069920015,0.5966072943688938,0.754004382845401,23.3899948250787,3.2055369717617355,1.3231539525616345,1.2207227519052843,0.7485590398170076,0.15784368181367286,19.981781011652245,0.2144238393104535,-81.23986669046022
3.4368748791988355,10.23014974970581,0.7645326618500425,0.6499658512706941,0.723711684453877,17.3024940328025,3.17589643980373,1.1898542268163304,1.3704540909719776,0.7292014812689798,0.13490751141847454,19.62035409714225,0.18463466239845686,-56.33022902245928
3.4219708980935293,10.233789220209072,0.7016829162023263,0.590954229410597,0.7110158566506414,16.099082617986113,2.7981793033327924,1.1622452098825704,1.1043897384554004,0.7587859189864213,0.4459485907009192,14.89197993491775,0.18467769897251646,-74.30514526260015
3.4358256589274565,10.008190186651602,0.9901479935070991,0.5836344422369764,0.7706595439978635,16.25556188467349,2.8028244470509738,1.3373973023315018,1.1533336446410132,0.722426261985582,0.04534361856136723,23.971353986888516,0.2097882060987397,-100.95058182923378
3.401896673761893,10.290549640675403,0.8919040518623451,0.6925146912634466,0.7789265810540351,19.590641707833655,2.8971823727582056,1.1772804781767814,1.2569001871746581,0.749302620042102,0.023426404052072924,17.740837692685442,0.2141771774153748,-77.30302372931729
3.410594130052386,10.791525861845729,0.9186257972979808,0.5742623168220229,0.7013839649055221,19.746745257605003,3.163205789956951,1.376220322152537,1.25687899892009,0.7384232875910782,0.026065203517216994,16.014905690923587,0.1907363216278951,-84.31400089974387
3.4270913374148244,10.585344413375372,0.8866910043091805,0.6340720840616686,0.7555470994667823,19.640659662479795,2.9511990585380175,1.1061712132388002,1.2531599204534867,0.7461781882406442,0.49761781810230366,16.292138560736653,0.19040682630357195,-16.27379629698244
3.4135201050250124,10.64258599409263,0.9230158339501464,0.6748677048046972,0.7744101117255175,18.561776110761134,2.8126757988985607,1.3403241366783925,1.1870249310083543,0.77659041225615,0.18458056257387553,25.00683481812715,0.15783314218238392,-90.65083376378269
3.4132430329037406,10.453909487879343,0.9988367427784595,0.6628571915180939,0.7553770996596433,25.955787574860228,2.822497116314707,1.3500703998744792,1.328688176809143,0.7305562385646742,0.4060175308850682,21.760352560889686,0.20112202530417067,-115.62014372250108
3.403594369047188,10.02004796360338,0.9861830876945628,0.5689804084628436,0.7162497157243918,23.710271406693522,3.192174675448105,1.1931517373960903,1.382042721191969,0.7094930165156242,0.041402164251034636,14.656634082568676,0.18482095804170007,-55.07805156024604
3.405898341222628,10.74153401863848,0.9969742627672092,0.6204224930691071,0.7465757515431498,16.985629106128314,2.790125372080171,1.3147747068437912,1.2549440386292068,0.7504686743293467,0.27051883246644043,25.691030316391362,0.21138185186723077,-0.3310318178966867
3.4058502183323562,10.495732286115109,0.9359611324416426,0.6071298081441392,0.7492187641472826,22.704460401050262,3.147107492104486,1.2614597131723135,1.2324679027052652,0.7760665265854988,0.3434615310504037,17.582794008821175,0.15217339266821,-16.906386963740886
3.4271745963749978,10.215798072293966,0.8477522741487098,0.6475286636815916,0.7458506552382637,17.86522588273371,2.8744625410187976,1.1318436979367255,1.146354503378185,0.7141527237268273,0.40019431624075696,17.164917732849077,0.21182317559940875,-101.55025736678195
3.409775929577877,10.288805496591984,0.7864692180795793,0.632927909003893,0.7315478177513016,19.605502349358776,2.7427777692195106,1.2147788312334493,1.281358740999498,0.716447550975667,0.09654885756320386,16.54356498849765,0.1606628757884211,-11.622060896419953
3.4145996365857174,10.829908642580488,0.8058178647642876,0.6579634365671274,0.7185722217274967,27.31340959826951,2.8361442398579944,1.1278828656287658,1.3254322751402774,0.7879772059776607,0.07019331947385915,17.55863851281892,0.1816448151814848,-95.483101076296
3.40410729700254,10.58346111642864,0.7127993067404221,0.5909391481708569,0.7527156673774417,20.742542439044854,2.806964100031617,1.3605809717673987,1.3928748293406437,0.781805212299478,0.48245363774548783,14.180778809227595,0.18482546452146625,-0.968141517507064
3.4277355058670267,10.634817264812543,0.9003797580466608,0.6491860658671145,0.7638544585535667,21.77669560016861,2.774737576932178,1.2707728540252723,1.3242214050995775,0.7110175083570819,0.23100166135236402,19.585591524145332,0.1928582860783384,-9.028684511681504
3.429077512622184,10.485412487463249,0.7882599002154965,0.5544551668027253,0.7456103955741534,18.496841462124095,2.747991896922664,1.3038042292250367,1.3072060070853866,0.7285055223395656,0.44092610676177274,25.436943024164552,0.20758807220175546,-58.015885522878264
3.4038408887327196,10.839564650300835,0.8022513535530846,0.5919870733050059,0.7307666405729322,21.949555619989596,3.1746193159027674,1.1545401700251885,1.3427485307743987,0.7962047499527171,0.27043587722932705,19.928565924610496,0.16062972991362634,-116.4930830797957
3.4345595091602292,10.679644797106393,0.7554161392000871,0.6083203194606377,0.7487617953449192,16.299921402236233,2.886764573408009,1.3987362979223674,1.273326666479566,0.7912092926623493,0.195274142458528,20.756670702736947,0.16578938392891673,-89.98346165865047
3.436748192154126,10.790171292586555,0.7906133197854465,0.6896014909346648,0.7773561106267292,19.69494180830025,2.9144091086053616,1.3404605809458128,1.2235276480128285,0.7984804617635769,0.2760996073597629,18.854636108329984,0.2151289814283937,-65.73580980378233
3.421932318433283,10.723804175880458,0.6664984570569366,0.6287373999726746,0.7052912591084585,15.617322782485404,3.156768530953408,1.3270529664313908,1.2226354740010503,0.7567089325177151,0.14850665481671127,23.675370152159132,0.1734801456120669,-95.07006808913945
3.4154193204361976,10.003268108070388,0.7977837025689565,0.6018350144929284,0.7464183710630755,25.601630673373307,3.0405040184497203,1.2089014015755246,1.38875481304908,0.7781952078215875,0.32317115459142176,24.16282809745612,0.1621755983805795,-11.134217030499272
3.4078094596861965,10.604706941642718,0.6818219481637409,0.6396012686283808,0.7122128842446963,27.61124200345383,3.0526991177904432,1.2403495549721248,1.200894315220337,0.7858486740872132,0.4593406850982702,24.42230604159353,0.1889819969161655,-52.20421595632919
3.4370666888965826,10.148607906057366,0.8024345538724588,0.6097402595221352,0.7173795445353108,24.735404533391403,3.0249554448093066,1.2197601993681644,1.1316485554092295,0.7391073665253836,0.09969397963446551,20.945999325256846,0.20354819247531722,-30.289043404325
3.430047976486302,10.476573559905365,0.6529811776451488,0.5507871601132011,0.7535723630331649,25.949101890601384,3.0173608219302355,1.1471989067167772,1.3192332283718682,0.7366966283499182,0.2240525655902869,18.30979987143599,0.1629775976462477,-68.27427506707525
3.4120618655865345,10.095638003062232,0.9958420119833243,0.6400225224716977,0.7780780991471589,16.860650318866803,2.6502337341733218,1.2106511194880905,1.2692055388425882,0.736517106030907,0.12377270133640594,23.28827684356811,0.1866340282495627,-112.60837601500891
3.4261930814862227,10.456896044067339,0.6763642280203619,0.593873357107465,0.7381272710062144,17.17446962182783,2.664857426834139,1.333203974101892,1.2783557895905004,0.7470817570902158,0.3890916050315671,23.96083840811124,0.18319115898137622,-80.61899622456538
3.410503759276983,10.2372278638028,0.8589071546330529,0.5809760864359503,0.7677051373946543,21.96640541981692,2.9401419264673336,1.2898998998594502,1.11529324624479,0.7266359063038432,0.30957066789957915,17.956896884465152,0.1883636177299811,-37.44261106095625
3.432280916819187,10.562327096037114,1.0210745371858878,0.582546592000002,0.777895946648719,26.47473054304701,3.2379706087505973,1.2739254074867452,1.346075357412809,0.7312814015869212,0.25096558436018473,23.264254636429513,0.16527789132896004,-80.93195738810664
3.4261626010980804,10.809765393045739,1.0245456714354626,0.5738587893550259,0.7054477845062184,24.828638808614173,2.6904148167559,1.2069384275147974,1.3126154954697067,0.7679916806797628,0.36929702546714055,25.0856252134306,0.19415436593056412,-23.12447766413875
3.4343935309854827,10.37398873981933,0.8313608087860639,0.6287590855804579,0.7334802781101567,18.273880276720046,3.0562897904934885,1.226616810063781,1.3019544781570214,0.7436213678843658,0.1970669888615951,25.66565995077533,0.1719260941372343,-12.65725992340164
3.4114107948898864,10.16588781018787,0.7147439314839076,0.5700012937977518,0.7246379236729396,16.37956353152427,2.833002670926575,1.2616327000212688,1.1522384038433726,0.7714333988798079,0.2393213337024648,17.60210070543276,0.18631773675811947,-114.54561012412182
3.4028370873382223,10.73223715082421,0.7634250484062166,0.6201824426459649,0.7527575643014515,19.693844058514582,3.0653436987127365,1.3781387534846903,1.255345030581927,0.7303219476473906,0.44241977106545277,14.733307420577757,0.1567771980089607,-88.84968546302281
3.408721605593427,10.020950847243677,0.8323850615228989,0.6232118275463043,0.749394283553992,18.27511995646682,3.272692402011445,1.2180164163324196,1.1057911714430209,0.7082348382487332,0.18399271588556232,14.74192576231058,0.19805193370124496,-86.08660926217158
3.4348575639305494,10.04691544011145,0.780496351476021,0.6373715792971725,0.7480203298107504,21.486666197103272,2.7550897336861606,1.3771554934146484,1.2454009757598412,0.7052300073683978,0.12799843544064737,15.091136425798064,0.21533561442207244,-9.25955802654829
3.400285711306688,10.559585035256841,0.7950933669928397,0.5837730604758387,0.7125820888641403,28.007569764325176,2.873551765856794,1.235490856626408,1.3407002182689953,0.7430266346131157,0.4296655703693472,16.623014772936678,0.16774036799641817,-47.02690494620617
3.4335777074199405,10.223010074236935,0.700747692679958,0.5651140427458863,0.7011230237151331,26.023916764681566,3.111163002218411,1.1066029251305292,1.1306974128161558,0.761684062045064,0.3420374587495938,23.82766895112245,0.2069644969551685,-49.22286220154197
3.4338521153343673,10.213638829179741,0.9879791610559802,0.6316425696280911,0.7328615074794748,25.44792334516952,2.763646136484071,1.3409317309390139,1.1086529052552343,0.7010024540000082,0.16028387083926549,25.530384929914153,0.2044882493574914,-53.714006075430845
3.421813976114531,10.469709821806132,0.6575720049343697,0.5589640697409881,0.7048691876350649,21.58048985441066,2.8649599147870135,1.174072304191075,1.1540930874958057,0.7572603993194842,0.2298901964117829,14.74504644006559,0.19123037841240587,-34.470295465713505
3.4089198578051296,10.375463211490956,0.7207005376869933,0.6952032947964393,0.705647618586774,26.594990935058814,3.1268386084398236,1.1955527056376771,1.3884845180588772,0.7763975703714859,0.35666373280483266,14.325559355411057,0.17945098450222374,-49.531602617854986
3.427819106371339,10.860466341999915,0.730624182024524,0.5789575749945941,0.7473745783994818,19.96787377150644,2.8080685344364977,1.1686280663378645,1.1798496989982203,0.7521735211900574,0.29609230246581725,21.248765642272577,0.15730606856362755,-11.343592855337263
3.4032331984012134,10.347487232344001,0.7639804872254581,0.6893088085609786,0.7328690037396802,22.667311983721294,2.6870233836015185,1.2967094658872875,1.3041387131937594,0.7549489494398836,0.3687693381095812,21.322592270757937,0.17169517307627769,-120.5460343744392
3.428522081275377,10.862129917953501,0.8660304292136002,0.610246523958274,0.7793588896874365,16.56477418301755,2.7504511201628095,1.2700478103020014,1.2690433537042343,0.7490998216569896,0.35995024994059666,20.657246376399534,0.16760036496801112,-65.11078280354388
3.429487565334606,10.435842387259937,1.0075526420205403,0.6172368134630795,0.7175133886824832,27.304956180702362,3.0747706492036824,1.2761494896592156,1.2595747511460043,0.7186893534327827,0.16126846934227354,18.612123414163225,0.19120384009463293,-104.55889143057799
3.405441849170695,10.815322365755573,0.7881846905803703,0.5728491351042705,0.7437349276788945,25.49752351730949,2.9132549893992485,1.2699259607040474,1.2361470913894708,0.7453589380168395,0.3836840909519999,20.87169999780081,0.1769348909514706,-13.987675409318697
3.420386631354749,10.23558017773148,0.6790278757543696,0.6023566636100053,0.7490991489556195,19.94174958773686,2.8683926792884904,1.116980594660766,1.1157194136116324,0.7926583356559552,0.3134694632471322,20.070853238443945,0.15092795445493273,-105.88876956664143
3.4020221239402564,10.460216402738022,0.6686143775896877,0.6411457474075157,0.7075955880226539,20.688124420824423,3.13634241050221,1.291850778008494,1.171114717656428,0.7001336746423449,0.4191790146529387,20.527950623822537,0.17936936460046207,-11.731677833484724
3.4096163983818055,10.399935376340649,0.9443280273199972,0.6388116439004228,0.7088000982301766,22.35341885057234,2.6885575549802616,1.2308309066474372,1.263270998006256,0.7474735706098545,0.15138319962070437,23.132509005995544,0.16938782336437733,-81.17922779745084
3.4044574593439614,10.002070653388882,1.0132377173909557,0.697067651980354,0.7295870616360298,20.759393759434303,2.7527053661053595,1.2652961403599785,1.3218724405661972,0.7506934476381979,0.09975217026217739,15.235202666314132,0.17324190078207713,-87.08134352037618
3.4187989890997135,10.246359488802085,0.7685097717300526,0.6544153260720753,0.7120272802924307,15.746736287256999,2.7299597096996804,1.3982152706978328,1.253934091743621,0.7724569258514002,0.17693600105454949,24.54812323822972,0.19703190542470767,-64.16528426016545
3.4356843221506006,10.865344729294005,0.846673550135002,0.6003453936334664,0.7507337214067029,16.196697586686042,3.2585702290158096,1.2639809730674876,1.1804496527714403,0.7126055037367767,0.3484762336645047,17.672610074545304,0.20548682672689372,-44.47751828637587
3.419071542808913,10.627910926515893,0.6600298076712668,0.5573623753544786,0.7755639063596843,24.260266060172206,3.094096722922195,1.2611433926062012,1.3596879060368867,0.763411328032706,0.11573674283853436,22.074147998517912,0.15996920337576864,-15.0682115038952
3.4118734170345313,10.467295893617612,0.7704017764355476,0.5707007984791913,0.7219915739721788,24.27620286608577,3.242077717992148,1.3137918586345116,1.1973467880839146,0.7538427934941727,0.46648085894546093,21.71744198151088,0.17214591328077572,-5.622033568637747
3.4247532625894794,10.27952050717769,0.6756812725773642,0.5482588857880663,0.7407261825020107,17.55527812225703,3.206175145003945,1.3337853962598536,1.1398672401793277,0.7962828103514683,0.2414590866783708,21.877256745516355,0.20714198528565156,-85.44937843731611
3.411353476212281,10.5129743264086,0.6625046727124795,0.6064072819247555,0.7425406991126883,21.014466666709897,2.856707319895647,1.1353349114694482,1.3790802821646813,0.7875928355153625,0.49390329418721446,24.890176677849457,0.15578512224795893,-17.684899054407765
3.4173170901787895,10.805664132617608,0.7156415624400404,0.6516941755714313,0.7623847536815866,21.704060660309953,3.2244447728067684,1.3601599580454655,1.2703171020705109,0.7336626140775832,0.46244197456647296,20.58107633876986,0.1855342875605973,-63.25856373172105
3.424412992686827,10.4785599549454,0.7135764785686228,0.545864257474254,0.7549657743550806,18.56807686043732,3.1498244914693303,1.138839849462072,1.1841667721351758,0.7979256749290263,0.32929912493009483,23.728054297989182,0.18993510291864033,-23.041051203482183
3.421947093703348,10.217424999652916,0.838543402674862,0.6685182843867068,0.7691031428742492,15.460112462804867,3.134367403881557,1.1741742672810935,1.3063801181684447,0.7118367867332328,0.4985875655867954,23.766309209992507,0.20002597655324944,-93.83854696464013
3.433029904437395,10.3415638442217,0.8348769086170144,0.5665040445749828,0.7265026720357799,19.1279705158255,2.7242645548968625,1.3204693941880676,1.2488794831201537,0.7128205440616275,0.41137679518473325,17.5803113828245,0.15455113030916065,-26.827896070419683
3.405618456085175,10.536048159698996,0.8000824486212343,0.6983969438719992,0.7347729411495869,17.658607788817633,3.260967514081585,1.179955929262934,1.3253453574595895,0.772280774198886,0.029907179913458874,18.852595607614695,0.17430124281561998,-93.71916757645151
3.417484481751956,10.139680878999823,0.6972327732427711,0.5687988719554252,0.774094013548382,27.174024638276897,2.924932095465814,1.224340074438738,1.1294578066463583,0.7622135522119609,0.1931691944952095,18.214904010061872,0.18025966328830997,-90.3592432413879
3.430100656755185,10.848982757209889,1.0145326320905759,0.5467287010872045,0.7768490754927577,24.328451497760966,2.8784715644363383,1.1103261253462084,1.345936089202634,0.7973975636845928,0.2729416387701079,17.348925048971367,0.16854527677119788,-8.434034460680081
3.4245432625678482,10.025784714211266,0.80126320114919,0.6386279320061636,0.7601334744498924,16.67300232660697,2.6453755512975006,1.2924209267425362,1.2824900980344407,0.778476361292785,0.2498468267833189,24.83589101056521,0.16461079614308274,-74.15105045521318
3.4225306189669844,10.571707399679578,0.9128574789616122,0.6301407504959011,0.7017154413864222,27.452094032452006,2.980086778406798,1.2461045645571989,1.3608703091548937,0.726184586605315,0.18211493170247392,23.091620113390164,0.17942460921968634,-75.03935232521326
3.400054228537129,10.608357260563313,0.9002904765532905,0.6082293550620352,0.7796491115661589,19.98595994341926,2.7044675238975984,1.1324094701358807,1.265416816020245,0.734656504969821,0.30767239524103346,25.08254291308112,0.20144658390034012,-52.885151779931135
3.4090619761716905,10.248155922651987,0.7969580927617779,0.6539062435269344,0.7279286488550327,18.379063785583803,2.9602414125587484,1.3048112061003583,1.2226984459471857,0.7046151483151566,0.27595893680509254,20.886311775970615,0.15944633380348822,-51.1881020909108
3.4297633668168443,10.499920465350575,0.741235221176625,0.6156702315382444,0.7439272539055897,20.031047013403438,3.215201383680048,1.258712653515569,1.2905855039031515,0.7967848177833787,0.4263202100054503,24.140301949674786,0.17713686751330968,-35.355094105054334
3.418861409666713,10.327354675665463,1.0189995907607956,0.5916870452201723,0.7328870433122012,25.481670487885925,3.0166542008217156,1.3659987146728039,1.3714394539309471,0.7092879096600403,0.29370119924194676,20.173525347821606,0.18067906333330247,-122.44132943022962
3.433366667870588,10.757896823984627,0.9739241956745313,0.5550951283094823,0.7616002871643963,21.81504856078078,3.0192623322361296,1.1156417070351647,1.3932720167200825,0.7856221733251231,0.1741810870222295,24.966828666810187,0.21498019123117798,-50.09787108530173
3.4027247802848204,10.62941635481913,1.0203676221707716,0.5780335965219073,0.7356611439876547,20.267642205757465,2.672661099157227,1.212258973544119,1.3429910608987201,0.7258623910995021,0.11226401238396227,17.496577720008233,0.1957171457260965,-14.033115802777132
3.4049139971622386,10.826701162997379,0.6709339993969161,0.5840240740986736,0.7742045215212672,26.58850336847592,3.1312205867099396,1.2115733344435746,1.137569774666617,0.7615135407437537,0.05196385462781005,17.066386407050295,0.18736895815548388,-47.20823916786247
3.4077455664862626,10.523531762583108,0.9339003423234665,0.5568094412647452,0.7216703677780263,15.857602407157906,3.0072722558016345,1.1857445079737603,1.3040219330652012,0.7122806128427013,0.07167936456986261,25.073040008326096,0.2029193414784281,-72.27603216045381
3.410774262581598,10.629844179428442,0.8315887177334824,0.5863685914316199,0.7659107882975958,20.43417926503654,2.821526963364494,1.1697891250652113,1.3266284116997256,0.7723384025066972,0.31324376999994813,19.546152382908257,0.1937233173226365,-17.2703394766676
3.4121658023120296,10.474523432811846,0.8750648768147755,0.5554211501762546,0.7413137337049599,25.8247075122894,2.8429225295454352,1.3296124312039836,1.1702073972846265,0.7977196586933175,0.3808455674814044,23.837953740125492,0.16852105035334686,-26.379878385294447
3.4060881053807814,10.677570428038537,0.7649191438202738,0.6789699921366563,0.7258417218035392,21.362560940282343,2.7756803747155283,1.373925722823822,1.1168425236751602,0.7964729354637813,0.01986723856252539,24.932949697077845,0.19775743747525745,-30.803077910475054
3.4167724123579193,10.73476246336209,0.9975182410841015,0.6673627477981936,0.7515844873203856,26.449161629582697,2.859776728226498,1.3684986370440784,1.2474835538923565,0.7060698550628178,0.13615446896324987,20.798113459015443,0.17339711508229488,-119.34229200807003
3.4265894482500037,10.617657718868598,0.9973030442534911,0.6897184755964052,0.7425123848354744,24.136690903246333,2.751479860198161,1.1340340824923816,1.2870823583555357,0.791513960426088,0.15073425358998774,20.31879184321566,0.17358741836776106,-100.19653759368212
3.4159972589463394,10.372573379787857,0.7786772650034665,0.5927133247252488,0.7716231661437535,18.20426103094146,2.753099841345999,1.175109791199408,1.3233900462151824,0.7814045287070516,0.3723252118753513,19.918649662378872,0.1584904150028181,-15.120710493941274
3.433078241354047,10.277034777750737,0.914141787718119,0.6337997292698277,0.72858781146137,25.29354044186521,3.246840281957904,1.2619972607152121,1.2930731005698646,0.7166865197881465,0.2827282164455345,15.799029826836495,0.1956376677634687,-23.082251724796393
3.4057803326510774,10.258973104978745,0.8835036941284106,0.6711370858404314,0.7719206200845472,24.92435033460268,3.2277114621423486,1.355663347138676,1.1700515386770214,0.7211278803802698,0.31683043801485145,17.954083090661925,0.17617260943580612,-103.63720148719237
3.4337725800176995,10.738083095164843,0.9039048325038612,0.6398449999075162,0.7082383086792458,15.532840262081274,2.9093260060797292,1.2907783003084259,1.112431727245309,0.7420695083827817,0.3852849412636371,22.312306415117362,0.15251770005699877,-115.42379005712176
3.407172258663095,10.104853748240808,0.6820483763268834,0.5647357226050944,0.7116415755582655,27.76802675214733,2.7366623368300482,1.3890857288973812,1.242963446732991,0.7533002379846852,0.45579350487261977,22.825691072430008,0.1546834364204282,-68.21930802231527
3.4064161521169827,10.811036142286246,0.848059683165386,0.5587675210414281,0.7195802278415251,26.732205751550254,2.6862421535488474,1.207593508778044,1.3065772134587097,0.7477318211124163,0.29313939719795273,18.29143074589551,0.18890472178585935,-115.39765772498482
3.4231781680743167,10.414832901550508,0.8338192251511385,0.6240732019017062,0.7391042595020373,17.300308562837394,2.7973072511238732,1.160344374858701,1.2782997389461794,0.7182692517519845,0.14321879996131753,23.38447134921978,0.18352743661480211,-52.756294328747444
3.4088701506060106,10.322514277017035,0.7495777476443586,0.57460959089827,0.7021440388567958,23.113242490249966,3.2267373071566303,1.2022864859622815,1.166614961681458,0.7869933709025114,0.44723608606920395,24.660101571089058,0.21760426071482147,-84.13122393430393
3.4306709863885354,10.750066048864857,0.747895690158951,0.6641962889079809,0.7662724346542074,23.179570958496868,3.018989785856934,1.2380081374337928,1.128479068302736,0.7170060279324546,0.17058992958724725,17.611503110380163,0.21727422265041924,-60.277594044440384
3.4154150106184904,10.42598204432118,0.7483109986245876,0.6315283557654119,0.7756742620536003,28.38578917452132,2.942128403572764,1.2296745134042637,1.272242095293505,0.7762421771159319,0.4173268598089133,16.65854782911795,0.15889205737909662,-0.6360417210722886
3.4279262422755585,10.436026000725475,0.8844693358017122,0.5577051423155998,0.7572273991367698,27.47947689157242,2.702247064763337,1.195142555704188,1.254319523812233,0.7671091456680431,0.3164818575941798,18.263702665647045,0.21990952993239604,-36.03712694926038
3.4182438185761463,10.003975296608639,0.979572371596007,0.6583072986042584,0.7421370261676787,18.789300268773452,2.681313673795873,1.2813044403664204,1.2333110938578966,0.7440076964094336,0.25868950034242866,23.351849735134095,0.21624436553634302,-107.74195235159195
3.4259549904642697,10.572877022239652,0.7021210137991022,0.6121943377905857,0.752316739328642,17.974215099146477,3.132132754557641,1.1374408744329554,1.3614494637908954,0.7329647318988421,0.1789376112362233,15.432697311120966,0.16427807513766582,-16.76787116803382
3.412548882512037,10.417771373181795,0.6949031231442498,0.5486177881516262,0.7686997278492317,24.971116518503983,3.2667805820170948,1.1546258453486593,1.3008013882815228,0.7807537999996634,0.4585165094092926,16.52662035069638,0.2190586218580553,-67.62154244504546
3.428303101230824,10.658737148827084,0.8372742707402457,0.5753869366559652,0.7030711356427193,16.119090801162333,2.863437667857734,1.1833781471354228,1.2139516728276964,0.7552475005904458,0.14224016789130156,17.70071207303481,0.1861503457122575,-73.0968768294029
3.415021971978822,10.834546798045459,0.765912313324989,0.6164395697209402,0.7101347949270298,20.62487859127496,2.687461978007557,1.1967712485727675,1.2462754940894496,0.7966568211289917,0.3650192999075859,25.267604063427402,0.15066374091580378,-60.26622780766919
3.4376603160749624,10.654951739833216,1.0198261066531453,0.6065536880515204,0.7467476878941252,15.389010972280323,2.981616173187981,1.2655993201237157,1.377179722127516,0.7255183092845257,0.4933743050291904,25.733650914169544,0.21020081447208475,-52.23815008195821
3.431099140476259,10.159501739875855,0.8696035316848343,0.5844858543756705,0.749404119017928,17.539289738433947,3.217157639196325,1.2935810625647293,1.2910122545126708,0.7039131731412925,0.19089541131378715,22.98540628523014,0.1760825466047542,-107.39594310763019
3.4332850147725806,10.20530308202501,1.0174925089654117,0.6480742616219248,0.7783150032664574,20.868829146988787,3.0915488353012375,1.2414130173905347,1.1779063007650523,0.7988694674028443,0.3734560568542557,14.621684422640893,0.21007964017534522,-87.70925738477086
3.4188703797466498,10.487004979371864,0.7459529859984126,0.6058521761762343,0.7729819683360531,19.443018654130746,2.763289769574861,1.1598019441769836,1.2425274770476427,0.720877336275486,0.042782812404161215,14.075468252120668,0.1737649201995485,-87.80463438509904
3.4105406858302967,10.387843806396141,0.8891769628023907,0.6272527102693265,0.758813008433341,20.45956912947447,3.1827595769409913,1.3959782963804175,1.3063288055170021,0.7408909313181322,0.15517763009068505,24.958774569794983,0.16753129359274624,-60.48582506958969
3.4249039880345236,10.118084104091187,0.7853826100007082,0.5912367247221522,0.7124396431878768,18.98199157306985,3.0167227233117515,1.2075230919502817,1.2967914445955722,0.7995835180882338,0.4292414052092379,21.35228670299072,0.19079303476354928,-52.346688438009465
3.4058871653512237,10.372607063958535,0.6532106906129399,0.5932086464954076,0.7329296080577961,15.619501385279493,3.198259266519222,1.262068967403362,1.134447228601844,0.798405549201723,0.36052418593512103,22.3922135474623,0.2053269711180801,-107.70274187866815
3.432371596363991,10.732579305611338,0.8921694088709534,0.5818786818118299,0.7315004911933161,18.931794580017694,3.261097946734541,1.3103516246354414,1.3213715621445816,0.7189527101359666,0.17900112937066207,14.831217368576063,0.18550771353528922,-61.13386461424114
3.415928911251836,10.85812729800994,0.7895378666631534,0.6944469300360165,0.7056620876063406,25.988113884812577,2.8939938613134757,1.2659138033853239,1.3259441868129425,0.7133208768457695,0.04340516365580179,25.47255477223676,0.20799769227954187,-24.32001420388913
3.4091743802750765,10.650435984239436,0.6532979078891679,0.5727310702414347,0.7066359604773913,25.603032279878214,2.8320030258923223,1.266271181642527,1.328656135774637,0.7063588132932488,0.26807211167042244,16.06151628218222,0.15738637021317597,-123.87390606190917
3.40795708483782,10.473474644158065,0.8726756123050609,0.5460024448272454,0.7279972425482681,23.123630606096356,2.9047068808906973,1.2900756095517651,1.3049239399940853,0.7654441946170061,0.007022476400731478,18.39421377048931,0.15471215030656635,-34.76512739485965
3.4321382648588505,10.791932608539222,0.8944025473818603,0.69431097254783,0.7725021089526979,24.309879703530097,2.777207124240687,1.2961827875848981,1.2302650405727444,0.7510416066844722,0.4871335655667594,20.013123198568678,0.17922753178716105,-7.053542183302653
3.4119967594735394,10.073027694586688,0.7165267222137828,0.679696645144029,0.7798983422140777,20.124518801191634,2.9746804876598385,1.106947838004162,1.272185987787252,0.7071481609625253,0.13272526584894798,16.05220448901118,0.2016107070748201,-117.71583988076657
3.4123881756739327,10.27649500742788,0.9508845407755766,0.651492812384014,0.704284117230372,19.108676999847564,2.9305104860011246,1.1071344203013833,1.1049028610661897,0.7163436118273702,0.03899984625743656,19.134234251325864,0.1851001078742472,-118.73686135179587
3.401177767309555,10.75319410422718,0.9231608924425689,0.6943296477032649,0.739051565042022,23.587711691957324,2.8865046866855093,1.263144437859255,1.1747228036425947,0.7191391892163439,0.46958352819358884,20.52996555383726,0.19562726948402254,-6.2109106046683
3.4105146101839385,10.01216037300967,0.9152050419417703,0.5673033506259676,0.7287961043791609,16.647351198157832,2.7011109692234028,1.3114861246529863,1.2620795868854346,0.7567542452590189,0.03576751342463941,20.57401628150466,0.2176958791111166,-18.275480184472016
3.432967687859717,10.061374500881753,0.9777138567080783,0.6802701188126584,0.7125609219424073,25.60683768017475,3.2050889482227594,1.1553924009832852,1.3395987162138943,0.7856453332991906,0.2738978538384102,19.298173897862778,0.17869162206483075,-57.358986874137756
3.414748370126969,10.540268928900534,0.9344735242272917,0.5801860798363565,0.7249653388966348,20.49408248040729,2.843476859034663,1.2194579171602329,1.2726046959374517,0.7639425660642648,0.21663221501758056,22.001205982859748,0.19797677993312146,-100.9855322921762
3.4218835711456492,10.432647684644692,0.7811857734522659,0.6587711570535826,0.7006835882167376,23.669297509553477,2.810152107429161,1.1847685423296426,1.33334609141684,0.7145142996842728,0.3003995934172631,25.845926490839595,0.2134853439808213,-34.64630684470768
3.413795128974668,10.633560059328458,0.830205168871854,0.598043184627133,0.7489614946133445,19.617423309150823,2.965814354441425,1.2184091028249187,1.1483305651175097,0.7124564059684079,0.3177021945910292,17.451730468701744,0.19743602619827846,-98.13165225030868
3.4142521715881684,10.678066213322872,0.7570355093957892,0.6789348021517114,0.7148426703050325,28.288526858045522,3.1663428107581737,1.2744200139705077,1.1297854659578457,0.7188815395887715,0.17601749171347342,15.287765621511301,0.16708290427897937,-56.23530089428327
3.4100190752411548,10.401480324732175,0.7343462465583891,0.6397971367220017,0.7749742816958087,24.01135854155614,3.1864970830000074,1.231223970546228,1.1568380656820394,0.7210275928819015,0.42901673888048664,17.408616591211057,0.18923752588770418,-64.83053648987618
3.406630721297176,10.573033867980866,0.6585223701465475,0.5836683902948594,0.775450352242805,22.6098401111762,2.820164782643018,1.3001701578042966,1.19565507901139,0.7039232493064791,0.3089886253803763,21.202553523560255,0.20980078676646757,-120.82903466098239
3.4116183870118033,10.752086841439269,0.7961048869102489,0.6702926484751095,0.7564886494455644,22.326795584559118,3.188023768681791,1.2965075253247376,1.257983207463781,0.7593057489970915,0.37212507038255,15.617656622286017,0.20206799337422063,-33.1869293428839
3.408728518850603,10.554434739658523,0.8325283651890966,0.682685235541917,0.7313722459198586,24.045823764940643,2.8591924892394958,1.3377930649930847,1.3412037043560041,0.7880720335051562,0.025955159248213937,18.64357213403667,0.19647771602650718,-71.86573730770539
3.426082071517416,10.377802264140604,0.743948472233641,0.687532011791786,0.7777289792561288,17.967446785734342,2.761559803517898,1.1425210691759657,1.309049912666195,0.7044636207569804,0.011871729606757229,16.874313401975733,0.2185317552456344,-29.63645508230779
3.4036536412675087,10.072876349405915,0.9064029678244645,0.5714941464672993,0.7065810374323964,22.011794095428083,2.7908383195191417,1.1276909418242025,1.3577666985830157,0.7033409384951931,0.1015849617363748,23.485096095369762,0.2055945085458637,-4.523122898808168
3.4030834759701154,10.220936991378657,0.6631744559082382,0.565182204007322,0.7767260221351199,18.93934005790474,2.796325137293617,1.10445020642415,1.1934358619753913,0.7690392577913101,0.408455189995889,14.172187946323222,0.157333104109801,-116.56837928132619
3.4126165059270144,10.879807918365794,0.9927329473893776,0.6754325589176331,0.7500739232121987,16.09180839625915,2.885486727764079,1.2851027235737393,1.2644421541271944,0.77849245299913,0.1482229617354114,23.807105275586494,0.16541797316638296,-69.28758480953715
3.424234434945381,10.277345261928366,0.9652258136502352,0.5771660854955677,0.7055093524916496,17.445913303726837,2.8349962648537135,1.3851349864042055,1.3287416475786427,0.7814623669368712,0.34432868484613066,15.87375654262257,0.1745735138229091,-67.4299736796927
3.4224901137899546,10.137259147527512,0.9983524204392511,0.5822877508927985,0.7180493326143491,25.446026636790734,2.914649464382835,1.1020694943719698,1.2664315318887467,0.7914390485439553,0.2647526694576861,20.658727001152492,0.19898066409750043,-108.46562680196519
3.401585892183828,10.40293178530608,0.7891545987276287,0.5736173869109878,0.7256902212557037,16.16853914341994,3.0241912081500018,1.1686698158930167,1.3944101888393936,0.741458238860144,6.90386548475563e-05,23.539511468049547,0.15414390252156568,-58.17126506460791
3.4246567404414274,10.430466972169361,1.0023958056323776,0.6373473864928112,0.7299813793821354,23.812604715490785,2.979537688792594,1.2475402394782367,1.392220822102312,0.7246096136429024,0.16046916150980708,20.75243066513429,0.18351374015492622,-113.66963511074613
3.4074018235831662,10.82372467502899,0.8663528624197441,0.5567507638344421,0.7141202597330801,24.46147069824501,3.156366012815363,1.24711909482708,1.1779962990602082,0.7439162764687888,0.18303198614009375,14.730247798939173,0.20196082904217044,-35.406235362975494
3.4018497432684747,10.099301782527377,0.98583610789442,0.6841199187297811,0.7620665655505784,25.48857643472703,2.799980417526459,1.2875453264616565,1.1393464991503588,0.7072272050341777,0.3274197368682997,18.284987198467412,0.1878523577628725,-94.99996083834057
3.41755288723789,10.051001623838124,0.874247733675307,0.5802309677081667,0.7715797221290439,24.26354544829388,2.7651072971350894,1.1092371857552088,1.31897892154688,0.7946836960764955,0.04947962374915306,17.783308340170784,0.17254074759201832,-62.45255608304911
3.4343373413950324,10.704473999434912,0.9869098366168892,0.5827288702706804,0.7338430218989177,27.715921731785713,3.2048439912112947,1.1712009079900665,1.3402866411395264,0.768325574566368,0.2886730627985139,18.172084446955907,0.1994182952317092,-60.85888128059829
3.4007027673230503,10.17783179928758,0.7127612348643765,0.6682342926631695,0.7449136432887825,22.589890338276483,2.737170447089781,1.214116691252137,1.233237479661725,0.7747821775443304,0.46363170611661464,19.102192374879635,0.1897186847440044,-84.54539327529463
3.4257782380417297,10.060558766780925,0.7735909569240507,0.6825297665704543,0.7146795562336212,27.797983895535037,3.086687663319249,1.1058358873542158,1.317484345787611,0.7564117639520347,0.43518943420146017,20.942146471881493,0.21405335574193246,-115.24293263455186
3.4280578522413645,10.006473904838135,0.68419899763501,0.5742000102261027,0.7639594677493905,23.72313011710264,3.276971534587872,1.1053169873682078,1.2674435772667052,0.7299436199023704,0.48499130137840973,17.128172484207234,0.185225956606277,-116.28791552268854
3.435539113681051,10.228100514881175,0.6848602502607234,0.6822264815974556,0.7343492279597902,16.54857305896067,2.8770928916079486,1.1184227777676339,1.1182596555249906,0.7478039418739224,0.09785022591643432,18.599140181062666,0.19053580117400296,-26.62717245758877
3.4252067843192586,10.814248877626639,0.9466202184167143,0.6070098491046722,0.7591977640986002,18.307362626687823,2.799146376615869,1.1633120083794117,1.178409631638395,0.7436740412255435,0.23406691870508495,16.362032473076784,0.18732577964634112,-26.773210280357745
3.4197780529650736,10.200764147552551,0.873400987182331,0.6174997905884803,0.7553194985327132,19.602333853213082,2.6705219024479017,1.2830258542743171,1.1553772366204633,0.7683178894938656,0.4538142548176962,23.75750208291711,0.19532014122400534,-19.80230356253456
3.408367116397507,10.297068926844057,0.881842161398635,0.6126442413408718,0.7593097935543229,23.79994376526613,3.1750895616774875,1.171185762156073,1.2380610928696685,0.7113063746252564,0.39531383862984193,21.630802141374765,0.16701425718802854,-22.67365987756537
3.4223824522675317,10.085952759022536,0.9310008639260782,0.6839954208491122,0.719172911519063,18.964710865406012,3.1493416719856113,1.104093590755644,1.1862842050470175,0.7262342281942965,0.4792901117406784,21.106438652575605,0.1876495432557992,-58.83412741579667
3.40545863820015,10.84735902459579,0.7933773622020692,0.6341761224337757,0.7201622333242984,19.3109346804762,3.163639106742609,1.1410071170622835,1.3375906589673021,0.7783172814420168,0.461806835830316,18.13451474929963,0.1726500582371314,-79.49239899154404
3.412636191311133,10.322213790851798,0.8885519209697483,0.5849035349978324,0.7051561636374368,18.38779296611585,2.9975879681728266,1.1670239526240633,1.1356892121031812,0.7192779711223303,0.4463712560865177,16.630410768660553,0.17546314637287566,-112.87429313403518
3.436279051739206,10.203854799486127,0.8193349017991342,0.6916935158694274,0.7183636686642818,27.14636421803707,3.141051745638988,1.2295674979938662,1.1934110871586314,0.7330740398611147,0.34279099859189244,15.649762211011494,0.17159177411686877,-1.8900124531617308
3.4122350287433294,10.735226860706533,0.9574106220937904,0.681815584945538,0.7405932061953145,21.760301256271475,3.2059614500065683,1.3742150656794254,1.3893552409177978,0.7856965778255177,0.4112885441172533,21.370297470018368,0.17541391435594444,-20.74678635957929
3.4002959419548886,10.45146153430154,0.9810925792090855,0.6955186024268442,0.7423710345141005,22.91888029118933,3.1450870078538777,1.394838186599646,1.3902499460469229,0.7943493344231094,0.08853425909297838,14.553254319735498,0.21442920108173547,-90.67126250575828
3.432341954029097,10.885529713113176,0.8546998714841596,0.640897490742549,0.7765738076075775,21.49246548001026,2.988924269462837,1.1182730979168554,1.1986373054295412,0.767339383036532,0.366697290126227,23.340095847646314,0.18293917563807308,-98.66383123773895
3.417682911589719,10.865600614608395,1.0195948763435043,0.6455648298431016,0.7227458175553548,24.035131953207532,2.8376105209540077,1.1588550851982113,1.280262508284459,0.7940012280164024,0.1915837653631596,24.168193744805343,0.2079482367116718,-21.318948765626843
3.4123081723850444,10.500121589629195,0.929703799416289,0.5966231143830283,0.7778196144299349,17.841963715247818,3.013633163568561,1.280815840244067,1.245911254122357,0.7131225968568317,0.023910990860241347,14.254996274876333,0.18545884432896675,-6.828603140888276
3.4258689539862597,10.81820381323248,1.0272331005813247,0.5528388558620102,0.7074366523627634,23.41823840911089,2.7572898771086627,1.2162533061139675,1.3655606274513405,0.7706376855207646,0.4722457302321324,25.221676167296287,0.17953973783632554,-102.30091873613658
3.4337502596215517,10.335089551337697,0.8005909529707325,0.5919816965060485,0.7216396802244857,26.91272362463229,3.14896073714389,1.1737374161439769,1.1351016068271071,0.7920531736012778,0.4987211957222544,24.185209034302968,0.21239433741341496,-115.99573565213883
3.40832407186226,10.860532115153015,0.8326767781614202,0.604853301667804,0.7272382478437517,24.093772356117128,2.820996884333278,1.2095274207689068,1.1965117017504319,0.7950686746012996,0.3115683645139763,17.77059714021042,0.15723474447459806,-72.28615012697482
3.42084282818625,10.39543109577905,0.6748743291073985,0.6032760289289523,0.7115219959488501,16.96507583441856,3.175106545187904,1.1635144944133085,1.2256820203123406,0.7406336319331048,0.39620643503624475,25.05437050174271,0.16119124447782995,-82.38810041056206
3.4252790379103883,10.640440640880637,0.8705947962423547,0.6470407395155073,0.7190072635199095,18.62984188418549,3.007440508020087,1.3820231868695125,1.1924648546520753,0.7640760503409123,0.17759082528828118,23.721060136310825,0.1663210003127498,-55.58331335350623
3.437908718587806,10.760521645885333,0.6934885041339551,0.5688960446992982,0.7256011388467202,22.069786270039348,2.9623025896266086,1.288155700662638,1.1395914766113568,0.7334930789977807,0.3468210165991163,24.677044042319263,0.21103344593730558,-86.65106463275777
3.4162381223386307,10.364240814232973,0.8369347936732405,0.5549267402800381,0.7234703047914204,26.68336830334895,3.0206545499532997,1.2631806696875614,1.3352096887449727,0.7228243886331038,0.45777243723801764,14.510701682027822,0.17451617960985513,-122.20480482956741
3.4267135781179197,10.633034678277594,0.9944180915052176,0.6651859467853669,0.7201857516776288,27.589926731660036,3.162818657293984,1.2802896025467339,1.2297032652762496,0.7414834041092035,0.12406713723793937,15.326240503527105,0.21203185047501125,-7.131348799442563
3.4015446094903985,10.122210230489888,1.0114828174021264,0.5709104866812309,0.7295246646999602,25.970580131583436,3.268055186114605,1.3316252694967452,1.1657992305524385,0.7039940071838162,0.1998371210956437,15.30320373401443,0.2110011403648886,-8.85183966327999
3.407054365063146,10.19566412350583,1.0055466782211404,0.6331273364619887,0.7442714960238849,25.14562427772703,2.9740526663092997,1.1197503816969836,1.2374671791407477,0.77673806766295,0.17864243133957539,15.04996473144043,0.21003286501395924,-64.68618650505778
3.416466907631743,10.582076887179015,1.0051365940333503,0.6817814933206232,0.7313124204214394,16.05284777697052,2.6599917922496115,1.1046789193537592,1.127769654263862,0.767817015748939,0.3161525388074086,20.30155191714196,0.1833054240342241,-48.2690921959435
3.4240936423356656,10.030912666994846,0.8307470086983209,0.6767064086062472,0.7222470330301051,16.289320293598404,2.7268423300443096,1.1132773319939575,1.2321144889289681,0.7213526514257991,0.4274733246512229,17.36497253246919,0.16482348471100525,-106.8476088618118
3.4308269582851083,10.030488407933456,0.6526506201342233,0.6987594268900873,0.7241845403933385,21.87408058248787,2.8411928675273264,1.3621610431883366,1.2586539625191298,0.7898297503731295,0.15334262293253856,14.482671088219089,0.19008266295957713,-13.564187124756543
3.4045748091515966,10.576364100483005,0.9793137672693439,0.656463601208198,0.7734198559996155,26.881054299698363,3.0032379486915284,1.196796632484408,1.1430140203239187,0.7542749525135395,0.44165084070880245,17.094153412126147,0.15747640986939912,-29.131821225154383
3.4050252301847252,10.721669444761815,0.9422604357636986,0.5539556339477755,0.7091575092279365,16.44328329663942,2.7731100383304668,1.1944087691883765,1.2118274235474291,0.7757319205624378,0.20710068540264917,22.947790999775236,0.1936864693861817,-111.3106094682898
3.426084129156631,10.667554941212707,1.003002425918477,0.5586086059231311,0.7343697839938753,18.42503299881756,2.6639448614580523,1.134464904832459,1.35878035456531,0.7498292081537264,0.1641096325641084,20.911693387773706,0.15952704345809562,-74.98675606782898
3.413136480104745,10.862401005559203,1.0217201552350266,0.5772105997288858,0.7168367685319714,22.18159057497357,3.1106852719901306,1.2896098240550498,1.1145325263755659,0.7081032492041257,0.1486634580353476,21.31253868437705,0.2152710531686839,-91.51026753568016
3.4286362338465084,10.092065526061127,0.882788891655798,0.6164681864691491,0.7360037312973394,26.94310966052398,3.0607787423474364,1.2418610772910086,1.219751212180883,0.7191754781361894,0.4388889953717623,17.346790888016653,0.17980122584369923,-73.62968690977243
3.4164212427514014,10.35841501578493,1.020693483376506,0.6235711680061943,0.7452808044670352,27.871661005303885,2.8828556847398974,1.3269580116437143,1.1763783485693529,0.7719390145895919,0.07934918660385305,14.409202581607635,0.1743278171513452,-119.4572270524109
3.417657016177967,10.002783778168268,0.7455960816461825,0.6826157460764256,0.7268170896232604,16.005366667135615,2.7657130496797837,1.1852647081309529,1.3858492754758003,0.7252148331849931,0.03942554600816405,17.286554052851756,0.15306713291609594,-97.78242509289126
3.408182508332859,10.497375882105224,0.9052805102620247,0.6416102234887767,0.7723106041917217,26.74158861657551,2.697445300340523,1.3578404704131024,1.3535326589737928,0.7897758898738063,0.37223209463753154,19.0739583605002,0.20295289217906415,-111.3652882246291
3.4277508800244476,10.794502354210735,0.7845166195517683,0.5798349238339423,0.726808277111267,25.827437707126858,3.2375061130626372,1.1895717477944094,1.3941908619044836,0.7705971690437448,0.45607901439435106,24.917870290327937,0.16724824355021384,-98.09730251535586
3.4300090595232806,10.227651477354932,0.7348764677461712,0.6219101070358025,0.7181855312656784,23.70286334096042,2.6879860930410064,1.3112386319996552,1.3851716041290676,0.7516035714102646,0.25158208372746094,22.286795064064208,0.21738148598213042,-53.54545312982506
3.4017417377895818,10.274183322736873,0.7023503822082022,0.5574883453214305,0.7748251949894273,17.854720497625962,2.7583386631831273,1.2234011546021661,1.1905365974580293,0.7804062742676152,0.2426576878915481,24.846307086812768,0.19094493654567274,-80.3559364104562
3.4131285235514004,10.718074474904444,0.9943191744604609,0.6903289741515883,0.7226821800232682,21.053831644229973,3.0391155102123752,1.3082749673636105,1.2837736903881998,0.7214372970006143,0.41427032256367746,15.173596483017809,0.15602378608024164,-38.27725399026626
3.4387380692976115,10.521948111778968,0.938894588685369,0.5652413948368791,0.7738558312203001,16.903410699997536,2.940040909658372,1.249942317522599,1.129635008764792,0.7355071281200136,0.3096662611758594,22.442166355716427,0.17940364980218404,-78.66841624510306
3.4211729057779356,10.334199141718438,0.9280513715316668,0.5446207292225769,0.7567416640328072,22.452412393547046,3.2407706465617343,1.1487117869039816,1.3759810049172225,0.7122614179239565,0.3055892944795388,18.864598389605938,0.1886777848206461,-59.763094234978695
3.4255488507949505,10.172499541436121,0.8912401083370395,0.6360131426119215,0.7631078594825013,22.662724118829654,2.9557418912904225,1.343215509389507,1.2966230261165506,0.7933859339936795,0.4099156121553824,15.082485219142402,0.16570011441545082,-2.2776286821357985
3.423863666799872,10.337004727524162,0.976420881267982,0.6896435442106741,0.7443002149756556,20.411355318741187,3.1369628601345223,1.1646770675311968,1.3372282904309085,0.7014193419608334,0.11794736994685794,14.280654777016329,0.16374188077985086,-7.023629883524919
3.4284883357442246,10.289838825419272,1.0257404454748995,0.623605844843568,0.7021361515563851,25.084571214249795,2.783454205115675,1.3981385262589876,1.3100254275759218,0.7753231070775758,0.41641446194381304,22.337644452178598,0.18191569690796927,-61.362406694385584
3.414381199701505,10.086660814713337,0.8968189589133497,0.681758867469602,0.7156568092807386,20.58855107485311,3.0220539306745517,1.2462643870668864,1.3996660586289653,0.7777118864937466,0.11955759151818804,25.26896308999922,0.20843262422588732,-56.76501252116839
3.4387633092980194,10.238817510686482,0.971223516168336,0.5782274199209615,0.7005657648978676,18.40445683822078,2.8695689022854367,1.2572406356079886,1.1354545313236977,0.745946411015905,0.47206344813262935,17.79481925090048,0.1931171159558698,-117.6274122782498
3.4390454618280226,10.191940543522405,0.950870540498776,0.6824184581990554,0.7011841791528747,15.928177203437944,2.80406769283827,1.3769291490754874,1.103055327899712,0.7703868814786113,0.18818743639099564,22.74488181577022,0.20727012474146483,-82.01458644783534
3.428331082438284,10.505107700518789,0.8992072802891438,0.6156900608312343,0.7116388855562572,19.74207221327093,3.062300255667026,1.2919370136147428,1.2896249547344403,0.7624068686598854,0.14601264349390014,22.893269200424186,0.1772808482043076,-18.869938990774003
3.4140051813715258,10.160627988179664,0.9206664388991155,0.6226497921583146,0.700425827287185,27.827967918023543,3.12390710442868,1.3607064819130792,1.347664838050668,0.7293155951843125,0.02105064598269597,21.467207657455347,0.17371169014766097,-37.36465425866068
3.435903184053681,10.791752215486799,1.0043480140987717,0.6127494476777696,0.7196899010549157,19.801498222108403,2.967187092520556,1.165565760825743,1.258055776622908,0.7092697405725482,0.03234559298427067,19.898796722771422,0.17917896444961406,-115.66080500268079
3.4021415490652833,10.76271782983078,0.9470474449960238,0.6311385903240385,0.7229736631398144,17.332155972735062,2.752231286524725,1.3455934070285147,1.3290321103456328,0.7052018185581933,0.1256083953750011,17.684931317905544,0.18468701125080333,-0.4398912322275095
3.4180586161724817,10.119307739343391,0.8096628799276313,0.6399053030645796,0.7256781255104501,20.73548188968791,2.780417222632896,1.108182440984978,1.3717912108122454,0.750780197224661,0.49453275427285487,24.411834743134577,0.2140229303708951,-105.93807955036658
3.4247481232684605,10.737316560915927,1.0010592093063209,0.627610875978485,0.728687243828976,26.529425148644016,2.8377780083100665,1.349512401856034,1.1511756012822034,0.7954386256248666,0.48485013719570413,15.1439435689368,0.19049262187905802,-46.61331313283132
3.4335486560992865,10.803835938118565,0.828835225962109,0.6164175894922225,0.7032763557355246,23.253913653475326,2.6537349477292476,1.2187159080780645,1.2406701076317752,0.7488542980270085,0.32369673659144665,25.680109650424953,0.16827885586101793,-105.23678347434695
3.4007642626548136,10.537915837832179,0.9787574489960023,0.6592396138222555,0.7002743309810936,27.657865906833038,3.1112920270366478,1.294960082318937,1.3395694460404177,0.7346262186258812,0.31063809214107296,23.03438793706927,0.1540563263809306,-35.480405797678486
3.4267418033567156,10.759160403157955,0.9813302660819544,0.6026214810604007,0.7271754558652386,17.736903371970843,3.169033990281851,1.2222935577866545,1.3110011552181995,0.7097074356244074,0.19759679598451207,14.38036831026393,0.18668528779121538,-89.58102060535482
3.4286201697170524,10.779349169459099,0.9935228141317486,0.6962829081268499,0.7026957013019051,26.904514071552192,3.268710119491896,1.2938807669041168,1.18125068864902,0.7437548144612554,0.20792273721991425,25.4448047445276,0.1687761874669845,-0.7901452474861799
3.433786873566516,10.04437940430473,0.8990825826943926,0.5670939723544327,0.707359886690733,24.84161479038232,2.8499682314595627,1.3593989013050456,1.123812113057473,0.7276948377892378,0.34915380728093465,15.487793375582099,0.19036294565939543,-112.64406755042295
3.4052248623513237,10.353999190845808,0.9486612866807088,0.6871921133008223,0.752919168954225,20.56967777921668,2.902983188419192,1.1419625329729388,1.1942065125439638,0.7524157161372655,0.08086328770194261,16.565983221437747,0.19078334772505604,-106.60915675344015
3.4035101488603337,10.879057514835399,0.8578779639776594,0.589368341539247,0.7297656827130409,26.689257034251817,2.7509782401295926,1.302802361465313,1.140380953961149,0.7940466596293023,0.277400006637308,24.942205092134845,0.20142415731076418,-85.89723843858589
3.4106572053874875,10.603613184381736,0.7301357742127019,0.662221280811445,0.7210985777308898,19.341772923787108,2.869963210946555,1.120383922953345,1.3118307956850073,0.7794983627229672,0.4830322033860628,22.03942940303559,0.1921211715412876,-20.369495381442974
3.433828564543695,10.618735636309506,0.706029803959309,0.641572583525773,0.7516644904862483,22.612835743701417,3.1214855298142923,1.396875450149063,1.3951486266026965,0.71882759027962,0.28389845806662717,23.49804723128396,0.187577943756691,-50.533125214769015
3.426325066777603,10.749288522311112,0.6561995449982849,0.5934576903337054,0.7331749582237427,23.687270327530072,3.103968234582467,1.2846058798203224,1.3937879693881858,0.7276541800853915,0.17748253458562552,17.249862364688614,0.15352446406846978,-107.1709113471525
3.4336986592678795,10.541583465227454,0.8058967169864171,0.6571019744264338,0.7205390038270003,23.74082276822957,2.839993157254305,1.343906492384293,1.2532642137421615,0.77836301481668,0.30921999919244314,22.320924947015335,0.1510427728690836,-77.97646772126745
3.425375982444292,10.162043250592962,0.6742291797796492,0.6115766011796644,0.7660449693296741,26.881395062272794,3.2480805789571767,1.3777535685155717,1.3675762213774885,0.7648642656994593,0.07074847606120035,21.38888228303431,0.18236944514547127,-10.321692128214394
3.4160101425492706,10.160275102667528,0.6648706189573612,0.5606389746386252,0.764811200488764,24.707573044413643,2.860374451389035,1.2128402528994002,1.1867049486304133,0.7096788949345124,0.13828908401347115,19.667899362475254,0.20485018469461763,-77.92592703579953
3.430638410359428,10.13579125765462,0.8565996269643253,0.5570376969855111,0.7460091435353869,27.19355108057956,3.0102578332400842,1.2241454030844283,1.3837141828565587,0.7246290474498068,0.24200317537507565,14.159508639947049,0.1878583867840935,-0.5846568760362771
3.409902033794022,10.22403256569398,0.8391315873006078,0.5783907227383027,0.7639128369971,23.066189719143846,3.2696459342930693,1.3085707794670303,1.3151800725045424,0.7086768979127483,0.2891346039582642,20.98238694153025,0.19987482246062677,-59.85313817988472
3.4011386685598874,10.190156654424825,0.6813478209460565,0.6001122849430331,0.7518314201475129,26.156120644891857,2.8054380374257053,1.2035351837211934,1.3300914324897155,0.7061704669809105,0.3352177842971259,25.044228725391207,0.15654630592870977,-118.60645372566572
3.405868221665254,10.254201824428606,0.6856710203445354,0.6956511555958997,0.7788394954403384,27.701195710403873,3.1046706378399382,1.3731474344571701,1.3079226454511224,0.7837182447620724,0.035930377867671275,24.120541738018122,0.15119184703210778,-21.66191883627559
3.427532934134264,10.36203266917452,0.913414234210451,0.6650583565880284,0.718126453657298,19.48077420285867,3.1692976491038216,1.279044216297407,1.374168486599004,0.7989426041998017,0.07202684481135134,15.641299448685986,0.1983002088301175,-36.115077036757455
3.4332285214111273,10.126751036665686,0.8755323067637077,0.6641820130580696,0.7701473142082815,20.204046607060228,2.7439598221917336,1.2771269399169491,1.3692408282469277,0.7648123245557601,0.11910030429917359,25.62434469062933,0.155926147545417,-16.491688107392974
3.407729547571438,10.357472989101659,0.829974978779338,0.5426814385729183,0.7198759848972437,22.005201156169093,2.9981872438304684,1.297969056339451,1.2164432171166903,0.7308294959459322,0.049966789998531866,15.159844991190564,0.2181852598775555,-56.35338273262376
3.4001721095405784,10.564274234674498,0.9104348474627872,0.5850648267719167,0.775199410698942,27.833104464219694,3.155548649876488,1.3473070206116067,1.1628475937479619,0.7362802976170341,0.2504178454804758,24.228692959037314,0.20061366849293594,-23.775841544110207
3.4398641018843152,10.816189781663848,0.8505276633703097,0.6374644688771027,0.7565903706023552,25.338803697053233,3.033824587831811,1.1981074188669483,1.1362326767059456,0.7327887888359481,0.36002506161105174,16.98131543402186,0.1806013374307717,-112.15558317017003
3.4115586487232634,10.633386241547191,0.9656998979016158,0.5401893713880379,0.7448925367224427,22.504889795551374,3.043520446864623,1.2661709086733433,1.376460167871717,0.795018720308047,0.15695943298022083,22.850358195444528,0.21731836228503632,-53.96208572501084
3.424600330248681,10.158553719267962,0.939451056923877,0.6842065904017683,0.7316029887888643,21.043571939784407,2.9736832377080975,1.1655290235230922,1.1313596421019319,0.7807903326680301,0.07700056945221194,15.836073567275701,0.15970753229398704,-38.138123531598296
3.43049582920442,10.190322405311472,0.7777513807690358,0.6127770375505471,0.7555866088947885,26.26163178957274,2.758278006443077,1.2256426839165873,1.1122193702126422,0.7804560542409966,0.3119098670843357,14.527531205949597,0.17548974132273737,-60.09287969401061
3.4243566103326013,10.48717897232518,0.9526867961434198,0.6416270125972833,0.7693013713794142,16.422285262982257,3.116484377629173,1.1507866255028782,1.1631639965456464,0.7931518826342017,0.028280941863747595,21.63021320166431,0.1554613206933925,-30.799642882239937
3.436431685395568,10.671757920660275,0.8817615647211592,0.6214596422970677,0.7716260500493268,24.28680576697738,2.735488540025271,1.2149138250867297,1.338469821696344,0.761679048113695,0.4724855068458275,16.151249776467306,0.1957572177875538,-114.00936842096415
3.4183556309994736,10.147898091521684,0.8161179485451472,0.6116360972587923,0.7289610791718762,17.877155872088203,2.792031173038686,1.1450217547087318,1.3441582655352198,0.7693682306147338,0.34454576294724554,25.944362806529632,0.18976251911924139,-16.211604041725153
3.413901580781816,10.887006842878995,0.8537701706674758,0.5751325213637315,0.7360781502001608,18.39955572371837,2.756494406514179,1.3762993666766978,1.266312123843824,0.7496792503381917,0.48888544489989894,21.276920790609626,0.2094188904807794,-52.29779675094382
3.41626845285569,10.029205334211236,0.8820303050255798,0.6878688407090048,0.7448130295993345,25.117430651218612,2.8741222692808264,1.131702865991709,1.2563884534719034,0.7289176547841738,0.4430411642557625,21.76157764187073,0.1733021251699185,-92.30634431349658
3.4173009888738566,10.025336887817845,0.7461232428718012,0.6762010959798193,0.7528923358294503,21.555768798643737,3.2784529848183817,1.1193530309852435,1.1644215399801665,0.7379612277597339,0.10801941693430413,19.937375353685912,0.21503481041662267,-51.294122793934235
3.4265371465507073,10.821330485078779,0.7114757786801252,0.6763077539708535,0.7085214818343285,22.80860862622181,2.6931703883501665,1.3279346385649649,1.3335184936114859,0.7084022938322534,0.4038646728042875,21.109737004063877,0.17999397157395058,-58.6954879401446
3.4070198610145024,10.611533933020405,0.997508792084365,0.6472887374704749,0.703084509957067,15.815525401486644,2.682081830886806,1.1023174808727338,1.3183043769582716,0.7405076013355503,0.06712396911243576,15.112636771822029,0.19304133143932833,-34.29175870884788
3.402154868606028,10.327012495942972,0.8233217461026086,0.6942724874088704,0.7205938163688477,15.428404293564302,3.2420042949635484,1.1901964006852757,1.2089047599838423,0.7275942428899143,0.21701414643538122,21.414652646795858,0.1704388059608954,-83.47507056317306
3.4068852385330066,10.853772513514226,0.7884740405411059,0.5853299777181543,0.7669269803043338,20.260741751747375,2.8508024823818756,1.1043214830204169,1.1776691256823424,0.788476792385323,0.4335191494418755,14.47628157543427,0.15827312449604372,-98.53898325619036
3.4081535577420503,10.352473498866718,0.8233163829939033,0.5632052289973658,0.7777794040960945,16.636149729845513,3.078744206419952,1.3700867695600845,1.2074460627328107,0.7795868505188347,0.29010740298981974,19.1256547892647,0.16301333925398023,-47.441689272409334
3.405985019189502,10.032677465373348,0.9550490616891876,0.6509038470459289,0.7058342802083164,26.695254543332652,3.1792507702655888,1.3485375924655736,1.1212615128692023,0.7237203962829906,0.1960233665734222,22.309619159261594,0.21294944642267727,-36.750263990052105
3.4146162097281794,10.522219196645926,0.9895727161329277,0.6138161320762487,0.7138857848229965,21.87071800337842,2.755162019637368,1.116283547015447,1.2078397312692382,0.725145958334367,0.17424501458427288,16.942382680706753,0.19355448139162146,-96.59265860486518
3.422187227788854,10.724272643614785,0.9208157425868149,0.6908361602248762,0.7632604807208039,22.08611551425032,2.988856263332857,1.169148376023067,1.1520863629835585,0.7882844310599396,0.26592549142473426,22.69730364877538,0.19872062219406267,-102.74094299454504
3.4254018357526306,10.515751662807022,0.7104701892557798,0.5772757440863167,0.7148025707535738,22.927627963075235,3.279828727154749,1.1816647346174194,1.3654044688794738,0.7710118602132897,0.04985785265650677,21.092052265024705,0.20153711208701738,-16.43843449693935
3.4356443433255017,10.095396098750225,0.9596267149058698,0.60885385618149,0.7159363766092847,18.637660486234292,3.2225946151837563,1.1126020209282705,1.3136281846604165,0.7749756669520389,0.15629534201543036,19.41636988156758,0.17008261292111507,-99.40502305428825
3.4376454755034804,10.659782375464953,0.7109619604997359,0.5805327453336242,0.7460606121733859,16.68869447764658,2.718722994170954,1.203067995484315,1.3471391820433554,0.7008198975274184,0.391793083997361,16.064345627242897,0.17950522296731244,-93.99799576041778
3.406541251130958,10.576205056838738,0.7250799003855413,0.6742988224959807,0.7236909514327807,27.295339864148588,2.793422878904649,1.122681993376374,1.2875748296018066,0.7304052524416755,0.4576695532458281,17.131896589824283,0.1922117899694821,-88.93725204521377
3.417217710597586,10.853028849000209,0.8640441352414369,0.6728542268164298,0.762233507936649,15.859633435367536,3.2265096978946364,1.3887722568118268,1.2534349253377886,0.7544237171319232,0.12387870036458042,23.42213497110991,0.19191157382422502,-24.211910501108505
3.432222374855886,10.553161578944769,1.009483540325033,0.5767298229207158,0.7176284001604128,16.86798585388761,2.908174963133624,1.3286472182341678,1.1970404255418259,0.7218570419654926,0.2096833855030211,19.43493124175238,0.18320929279991832,-38.51904105350084
3.420452501730062,10.431648477302245,0.9899169000845787,0.6724655232677699,0.7657346711695926,26.35519502101597,3.124506629871151,1.293107379948942,1.1826807270932989,0.7738503388702098,0.34893211637969185,19.954324296785074,0.21268762090638194,-3.7630869313583304
3.406024542140138,10.4667334196157,0.6902717119486378,0.5881286051547386,0.7070859780733817,22.528328666860997,2.7631399430574963,1.1814294508265772,1.3379479976457822,0.7947991176543227,0.49589077480891436,22.28390871919501,0.17577652387306147,-26.569022006999532
3.423369410901291,10.415749787316447,0.9852997394682913,0.6021218631023753,0.7355363039799789,26.62345331931587,3.0788874006229503,1.3214818672361663,1.1247519231670846,0.7477015197507861,0.2818098874866173,15.132621668794915,0.16776373237378087,-69.59529711161082
3.4004411306681486,10.059461510126324,0.6980031870302122,0.6535057130490486,0.7776911915867184,20.194758064758954,2.834771209089522,1.2982985293039753,1.1988944149902347,0.7353562737472942,0.3045382895041078,25.35064511075438,0.16086844959763727,-2.7059153571205172
3.4120491250548097,10.890734137404912,1.0164019675852465,0.6027858570044994,0.7214723656764523,24.51242265429636,3.1135654533955446,1.111096182201962,1.1626343411900315,0.7307900933988155,0.48524738846569704,25.705460856615396,0.21946890634808452,-121.88495630735122
3.4080836346322116,10.349644429139895,0.7161180464539041,0.5535483153795745,0.7166313616112818,28.038803240510585,2.722486749719021,1.3595394342347171,1.3735025122465048,0.7203982223299793,0.28652542181345253,22.711181363561295,0.15890093048406534,-79.30614055538004
3.434532935839565,10.224237273017403,0.8023707954485344,0.6991912383554671,0.7475090926039192,27.43556390964728,2.8628579769147526,1.2185211273748437,1.11500346761325,0.729606193874648,0.4823070389136203,21.491900782209363,0.2145599470602622,-107.96187572051252
3.4343649602702606,10.28325282914597,0.8220411539615315,0.685242308926477,0.7482841802849064,21.354297588444712,2.7782026102668826,1.385560905925973,1.2335228157775697,0.7842463270710489,0.2950804160399863,16.300455471499053,0.1559759543873628,-67.43877248951605
3.427739478598903,10.783553256422902,0.9672152921748502,0.5996597331213444,0.7572955562576397,17.025396099434747,2.7456778891652847,1.246158270398817,1.1778298018164228,0.7644202328992437,0.2787837637531369,18.39824472908006,0.18265760925868607,-107.43098043246368
3.4150023602903037,10.703534771066645,1.0299851843186358,0.6804900456864112,0.7387200285602852,27.007294339599248,3.219139310891676,1.2343388290844135,1.2114571106408398,0.7611477494519534,0.2230978917562909,16.61659810786534,0.188760793852625,-72.92294424322526
3.4232527914222137,10.096337288518214,0.926651509448147,0.6086558381269491,0.7578578547629314,15.492559103249317,2.9177827294422403,1.1055656205614637,1.1414790666969437,0.7609752844670455,0.136032027390589,20.36952999831078,0.21721259067501247,-119.3864169955431
3.424833070105323,10.42419415022738,0.7364617419156587,0.6298793670470334,0.7193789873093661,20.085305612036137,2.853382775253535,1.2550466331815417,1.285635742901162,0.7769617610676763,0.06269430675414737,17.91021734039291,0.15179603678728038,-77.27084299244889
3.411419241616937,10.646110639690491,0.999679938866895,0.668490468262837,0.7199053983991097,27.428311155309913,2.906327520154884,1.171591120602335,1.2998551244105432,0.7601297755225067,0.3070793324162759,14.82935594739013,0.18484589407220658,-21.51351635475764
3.4285163932252556,10.476885895204596,0.8126695197449899,0.5616514558916542,0.775685465778258,24.07862504232309,2.664372361062263,1.3589934702043711,1.3422833370292695,0.712903668086247,0.21467973549641292,16.892774851605054,0.21352673096795644,-3.456412330878493
3.437004764524662,10.224316140977924,0.9799704749587876,0.6362370392100337,0.7451321006026815,22.16896076375242,2.8092746775927964,1.246764987545319,1.3271968930801399,0.7765266282925717,0.03144919624507262,23.76349686540364,0.17867091196350893,-89.1263445037609
3.4168709293742063,10.74671829831577,0.788549493865922,0.6359599070657568,0.7176201281380609,22.420263923038796,3.1010090097034055,1.1175651701264215,1.1308468119827997,0.7354217775086735,0.23639726092191007,21.80405031668806,0.15320587314371018,-105.6323448031692
3.4137055649051082,10.392281439091933,0.8048520597712066,0.6529223719988588,0.73332607446532,24.938809516031434,2.8293954595328192,1.3563455700263718,1.1406332152461136,0.7708291877508614,0.2722854233327869,16.686459136037442,0.15236918838794142,-40.955259122328144
3.4250232369369584,10.598236561795174,0.7607740311693159,0.6515731892889426,0.7406444422801571,16.676527008171792,3.0636872741825982,1.1610407550287722,1.2019192437967536,0.7402720668594839,0.09741716485461074,19.963031525305666,0.20629999720131814,-52.22004842798307
3.4070858549841105,10.542768574083047,0.8054112021061172,0.698263152190636,0.7771966916374323,22.145534261129686,3.191562979580498,1.2095482007368266,1.3427917975463466,0.7855220829849292,0.06393194536237433,22.21693175740166,0.16918030736321238,-24.605808537142877
3.4387863895863124,10.51591023750278,0.6638506504802826,0.6803227587511557,0.7290935743365284,26.087665321701934,2.991287878433904,1.2924179726404392,1.3598100352549318,0.725545695459344,0.4194906002332628,25.57818107239271,0.18718183082741857,-57.03733038822975
3.402216454476777,10.000540385775876,0.9957874406819284,0.6298126379961089,0.7303577379515973,16.796234490813937,3.0831229335946273,1.152680430733535,1.1700878551735265,0.7374365125816639,0.16178470902023392,25.670085276724045,0.1529321855714985,-93.35287187508477
3.4250420401993416,10.416593597112383,0.8922015124540832,0.6771415890890646,0.7428528496653868,21.438880752098196,2.9847977744845573,1.2952129923832525,1.2921864136179397,0.7456146768285709,0.46053850917595585,19.844745353171938,0.1739932843358103,-23.186536762946787
3.406059110505814,10.123417329153462,0.9642140522529934,0.5810327765528072,0.779744427274959,21.465938220067997,2.789287027095376,1.1512122722079852,1.3325815079308119,0.7379700897085811,0.45745878546134555,14.329710136783184,0.17947571882238825,-84.16511307805384
3.4200277081867725,10.612316401076999,0.9882699964817885,0.5906257403029386,0.7661459873859153,20.22470954620062,2.9345263619694872,1.1624922424663278,1.26965684154046,0.7621830661651333,0.4800233542919869,23.14608195338459,0.2192268173465019,-53.20786551480819
3.413671519312411,10.828620435228332,0.9006147235371564,0.6838773922986441,0.7528645615521815,17.069674145155364,3.0861713537018756,1.1007215125541838,1.1508603608382142,0.759167398953901,0.26046507481638453,14.456520309229333,0.1673748430991944,-84.93262141309201
3.431236198674535,10.785426079829016,0.8816436865128938,0.665298491936844,0.7613550016439692,21.708056777830688,2.937431377566087,1.1133576487088186,1.244373929023051,0.7000817893715011,0.12254254554173327,23.93891484770951,0.20503149755280076,-36.1784910608481
3.421121888135341,10.66601211528201,0.7418564024971323,0.5813382744187772,0.7025634683706549,19.489003252581913,3.235034450351689,1.3201613090137208,1.239648750968395,0.7685142146037577,0.42774235091971174,20.461143212447144,0.17796391282483756,-54.579843617525626
3.4101487447098653,10.455305127561571,0.9120746522218303,0.637402545340978,0.779633148818839,16.306780686462417,3.1474326905346337,1.3198155224268981,1.3972047256652538,0.7245331019468655,0.3547849375177977,19.019263455363273,0.15462504739052949,-103.18062433927734
3.4250754263880547,10.353118545971542,0.8226998959307497,0.6562333348818137,0.7032448519529617,22.129066054306378,3.0397383667971614,1.2107315864459793,1.287675411412795,0.7547955428524984,0.27664541285011585,21.78243118530877,0.18368968711387262,-89.48211514971419
3.4174143237776025,10.39943102926769,0.9124524920967632,0.6515187454637554,0.7546995190845076,23.924899168160024,3.1261398604164934,1.2346064505184806,1.2515793371185746,0.7145299372060121,0.4025911453322781,14.089123740059774,0.19706307238136375,-27.54715990462627
3.4160966830810406,10.5753080067769,0.7184744402498155,0.6197658667140543,0.7171474149793753,24.39936028495465,3.158484239202569,1.1351733373903148,1.183876441167132,0.7641358556096555,0.06862163693264635,25.925333472745997,0.20689843549318981,-117.08450974402139
3.4288719806753463,10.192706106276693,0.9182050710914234,0.6076155819974126,0.7784712014812489,28.273364135808283,3.040518674492173,1.323259152098656,1.119344476186015,0.7233282960464797,0.35872504194160604,21.632012559969446,0.201043947984199,-24.031552145417663
3.4289853004288187,10.50771483350742,1.0044147631113378,0.6461512578956912,0.7531564098254803,16.61352612394294,2.9702268786000965,1.3786929470647489,1.3068318785894486,0.7716045258561866,0.44545056724550136,22.408099108427095,0.1661425458818323,-92.62622862253527
3.4346717001788574,10.559944865686214,0.8901672949070051,0.6066641704717302,0.7798492713344469,17.63568940893741,2.8904924020672396,1.2253607701789129,1.2909822078729267,0.797660513733508,0.3021076387473166,18.549159217006014,0.21733429035705668,-91.56642817753342
3.419371600267224,10.845627440491032,1.0141652315476417,0.6846979458280755,0.7447694782289197,18.998390093187957,3.0626045912847877,1.2762990976588622,1.3506971890718071,0.7568031907001083,0.323602042975067,23.076322225828548,0.2159030613859939,-66.93091138041525
3.419833398085792,10.660756121982322,0.7286854450353533,0.6200908690104214,0.7380762599998195,18.28141910427113,2.8118920341176956,1.24076885107671,1.2095139312231993,0.7855701044596825,0.13207037189589613,17.410331683143713,0.21301129728183643,-88.72529093668217
3.423483845342756,10.043241866391662,0.8879990482742605,0.546878533412452,0.7093567319192661,22.650328706321794,2.728030049341968,1.2285017629308124,1.3177010772747966,0.7208251537966394,0.04525096950573277,25.376043015573874,0.21090654239000706,-69.09848141525163
3.400521084738153,10.410943805826948,0.9406137039936523,0.6702141318947819,0.7606409868594833,25.7380034278154,2.883888736596018,1.2261701675945966,1.1980257701943546,0.7828121850305962,0.49894505713783044,14.085401376565645,0.21148899238312285,-95.6785091415774
3.435151569305408,10.470006042767691,0.9436410369538528,0.5976204375419577,0.7009950749106457,15.717324274196754,3.2269010052898546,1.2160280843173474,1.3507273497546106,0.7405243832095687,0.10963521248053358,24.910311926917167,0.1658100725852923,-111.11944373951036
3.419392646709763,10.026012839906379,0.8596667038696715,0.5936674437658848,0.7628724519165896,21.816054372762157,2.717777498142199,1.2317679158917536,1.1098718023193446,0.7469043458749186,0.4398428902840983,20.140495959600642,0.176219447039846,-105.26159262771073
3.40321590361194,10.780670627137665,0.7501811065217483,0.5639654227872245,0.7710178908224449,23.104491033033135,3.0392286994275906,1.212383439854051,1.194934538113688,0.7448714811105429,0.2543490482895637,23.474778775836356,0.16872378397608292,-51.227655684242976
3.419583252924639,10.536875407240748,0.8893661662887801,0.5799321222369971,0.7060129534850128,19.817349100299516,2.669815891702338,1.1792262071280173,1.2301570395158687,0.7307180856518715,0.3248395837954642,25.67189126015144,0.20527157991399728,-20.21410712856813
3.424269183879401,10.23693798908542,1.006908683615276,0.6617714229879544,0.7148215371960926,22.990937413199408,2.6662390910935034,1.2170260130741792,1.112826482769725,0.7989844232859772,0.09852396196259944,17.445647351290674,0.17461430873855693,-73.2405567262296
3.4302220397330574,10.590509884635258,0.7354909191213755,0.5900457898827218,0.7588859276302514,20.745173658678876,2.8398121285510123,1.2705407142063265,1.240060200638481,0.7713726157610749,0.061415185195671115,22.167768125471223,0.1950821714296455,-73.88055238167553
3.434417280087558,10.248693704646719,0.8843591860992355,0.6954709052637357,0.7346355025285249,17.49321549306862,2.965864304137359,1.2764104228253979,1.294523065608891,0.7756635255612545,0.43298078958911,19.28493017350834,0.16739524482508428,-58.90747479338076
3.4168276677379477,10.88094233011767,0.9061893041656517,0.5733073620660973,0.7335716391392948,28.341774671713793,2.738974304310037,1.324695358544305,1.3404908711728591,0.7227634068208661,0.26179485861690094,23.919387118069594,0.1623672307878386,-19.17207778547109
3.4220314011907114,10.880148727723716,0.6564714783806793,0.6432495039017985,0.7585975733896624,18.07699044839735,2.765866084391438,1.3949881770250663,1.1946049426843417,0.7281732154638707,0.3313836153622031,15.241304517630883,0.15138755845660185,-119.91026130067989
3.431283354154918,10.04609541643051,0.7288301413621749,0.5880069936617953,0.7733055298559389,24.5141971704761,2.6690378878568355,1.1836404000602407,1.311578731326439,0.7106493748725813,0.3363768239031081,22.121481673963793,0.18634212529704097,-97.26226337104424
3.4307517769218085,10.677641729993741,0.8744680069189054,0.6365116990077192,0.7464443234996833,18.0842759957818,2.691149561792497,1.2437822327309234,1.3548806294606277,0.7788939205351284,0.15955867693283235,14.29730590316998,0.21749979752867102,-77.68489910182618
3.4223229853533157,10.508596053734227,0.7793273479016923,0.6214832792583622,0.7152574423357196,16.139987641319234,2.885280433653045,1.265395652118745,1.1249962020836828,0.7482865934777244,0.35362805260593244,20.808594310756426,0.2095726852112357,-51.647599029941844
3.4179933787036125,10.041778815024822,0.8509044360525382,0.6757655394454,0.7546444655846827,25.10411702397696,2.7231399498794766,1.2597532841492285,1.3963306686561023,0.7497299611871197,0.19793362808576495,20.423321889138194,0.17508922141015887,-103.59742929703441
3.427835548619806,10.24224629468616,0.691239463698707,0.6412693401439813,0.7744959034636197,24.89433532651075,2.6883066652707486,1.280920311423043,1.3063427898872553,0.7268675187569055,0.2849537414944201,19.476088114308403,0.1873953538930748,-47.6697062240205
3.432705568139247,10.169797892503343,1.0293803311787029,0.5720024407190458,0.758935188918499,26.189723284286956,3.092318806634467,1.3739947923804912,1.2734564980087668,0.7644154366658775,0.38494484971374787,21.670128127867443,0.21946295089564788,-47.091759219443915
3.406314630226069,10.481107158595762,0.7576445622796731,0.5547260886677908,0.7250887555037494,20.70476703261051,3.2766669428222173,1.3674553864848282,1.1278890608564718,0.7147803480352414,0.3991248021069204,23.679647053176062,0.2113942952019134,-48.59458198015638
3.4393056577755634,10.444410661514471,0.9440587906916292,0.5463031888661682,0.7431557638016074,22.434433841945626,2.6928823238031545,1.3756880818192072,1.2245531227225754,0.7288549276391791,0.21871973142048223,14.523614779770922,0.17675194682113576,-50.08362520065184
3.4383876431701985,10.524453860491754,0.7069148671842481,0.583225397920724,0.7745060393631195,22.689740204519108,3.253014444527901,1.3616213811470488,1.1057320757287488,0.7850403096749229,0.2848351258158428,19.356473556457264,0.16211694319878403,-123.71677343975634
3.417794425042623,10.430983068123401,0.6842228201318673,0.6412305157932278,0.7406585826942574,20.729967456874,2.96053162030225,1.2336844202438955,1.3020983406673698,0.7178757008348695,0.22684682322245434,19.809944632669954,0.16215606924138493,-106.90753849933559
3.4124093313583486,10.741057845488676,0.8781839801059178,0.6025452518501775,0.7240903756172159,22.365102450329296,2.7184379697678023,1.2184899240874993,1.2517479688783202,0.7103752425867261,0.08857690077015737,14.259648123953918,0.18385486104578339,-41.614498389697175
3.4115082732015805,10.888004362210141,0.822296154771947,0.6567597494024209,0.7657655118556581,24.65161546923182,2.9532325394086403,1.1578605146623024,1.384874438804057,0.7547313005976418,0.4351330761447086,20.074161653472537,0.20205417532336997,-42.642980176687615
3.4032083127012087,10.73606140480495,0.808409790830746,0.63730125902215,0.706162874484641,18.633970604180554,2.7822279238590464,1.3170763633707196,1.3330722399551955,0.7601601572091998,0.4218114461214309,17.390439359204258,0.16479486330548607,-1.9490585887278087
3.423530078697967,10.86109007123683,0.7014927025616591,0.6288469099253562,0.760728141392067,23.61119935199161,2.9701593273651192,1.1994356009107268,1.3383699276922985,0.72718612521698,0.24252727026271914,23.758881086318816,0.21614857883663563,-46.3077532005577
3.431583730888317,10.38921594141749,0.6599081139875126,0.5859064424682798,0.70554493699708,28.040785409850795,2.9216886526131454,1.3143799425908165,1.283547576789779,0.7925602015936913,0.04445706703090419,18.22468555093569,0.17722630046212337,-46.82290074128544
3.406487059404909,10.461335492873223,0.7890833951296967,0.6439904883591487,0.7269836970364888,18.86445245693062,2.9068812868736926,1.372016244790371,1.1606354321567012,0.7604306706723188,0.03549183405808946,22.941497820156933,0.21270708314566036,-58.13271696120401
3.432549913680539,10.100291899492643,0.9429432074357216,0.6415012601585376,0.7439915432884578,18.264774709828657,3.0125014326109048,1.3920055546247196,1.1122777529985965,0.7039625165885434,0.12506970074495624,19.27333586714385,0.16252630828706316,-88.50008327680465
3.4373260265758607,10.391565935525714,0.9201532886147435,0.6744255870736415,0.7703739615353866,25.322345545371626,2.800955403812677,1.397088195566532,1.3136845652405331,0.7747338007308615,0.07620208468512196,25.044900486736065,0.18429728248100835,-51.789289237549866
3.416634176229887,10.420997367925183,0.8265238956326681,0.6810361873800149,0.7022347074073476,15.697616867190845,2.672293591554328,1.2604081392161202,1.1811608523532526,0.7187419925244343,0.45312231122862734,15.626586472343833,0.21252995873560887,-62.4788947477033
3.4095675607487173,10.111079563265333,1.0153579297022832,0.5526029229695563,0.7336635096848652,21.032939971637134,3.253574365902523,1.3262978810480381,1.1261940013180074,0.7075765003214983,0.17353636649068752,15.183663587151432,0.15658587394806,-44.09162316999024
3.43457306942086,10.104798301022939,0.6852961554151052,0.5425597981001884,0.7283444693384563,20.152998136029474,3.148751524247448,1.1425899354083138,1.3093163807415162,0.7772276825427965,0.4426496107582384,17.673862563415756,0.18564907180888046,-44.26513966957624
3.4180669349582633,10.621007555237165,1.023888902925379,0.5965755644092846,0.7777930102418916,16.049863541046218,2.920325553483078,1.365094761194761,1.2662563916616105,0.7822186808155219,0.10463034622422411,15.867665755444841,0.20365275920256748,-60.84577230801797
3.4228960217630684,10.74902727640236,0.6804664133310421,0.5661837186596455,0.7559803143487772,26.77195568380145,2.9218911146798447,1.3631381886690501,1.2288918181669959,0.794827812398057,0.2558459415659659,17.665942644713247,0.21994374227847407,-82.12218941046483
3.4052138788148447,10.684194481813911,0.6656040109988226,0.5913263238683272,0.7465008842308447,23.56970754692329,2.8541832867635604,1.2310436928141142,1.3452775235952157,0.7320645946979222,0.111636396981795,21.506942619234845,0.18113822034757932,-25.96001124094734
3.4091067237985233,10.368203407979948,1.0006824930028513,0.6410963702199802,0.7050728667677102,25.719741066537136,2.909576357773435,1.2493475545675115,1.1117478879059077,0.7591560365296106,0.21743196017878688,15.470993640698602,0.20004288950524024,-48.65608611502927
3.4267175583348797,10.557003890498574,0.8327660669584259,0.6558579722485502,0.7774449549882485,27.98012260200155,2.727160685039975,1.1360927780890462,1.2277020757499875,0.7677684502085885,0.3926443806351505,21.134830018834407,0.2007006265216026,-96.91340855482625
3.420870260205625,10.46877585280437,0.6791540224350762,0.619385900406793,0.7603166694646406,18.157408347281596,2.685573237038352,1.1433425959905699,1.338404359517861,0.7017475978290285,0.2399644290370063,16.102634321502165,0.16237406495837042,-43.95777862954179
3.400667384186648,10.686566224529042,0.8524993407387963,0.6794604076506148,0.746692713561428,15.559393646304791,3.0296047185002486,1.3202359514522293,1.2144758220273686,0.7475237466412711,0.16161473963602563,15.83756644897915,0.20130975867381265,-38.71885742784468
3.418011718679179,10.011752454627349,0.8877796639397522,0.6057966702897556,0.7088411838655088,23.751900732307515,2.7117288221605294,1.196387993254787,1.1384347131610644,0.7029592154412954,0.20271265033672728,21.261215294982566,0.21535054593857544,-91.4656455045182
3.4394470626592537,10.204489559401972,0.7912315724025636,0.6814490224705697,0.7415402286244976,23.78544882038498,3.229876950282927,1.1781415531415336,1.1334238310045,0.756546262620869,0.17234442814382198,22.503244507585862,0.1800590491216842,-111.29633595460977
3.423395882501791,10.701722485730349,0.82724288118203,0.6742271098433723,0.7228641611937525,27.154686698865284,3.047078890176671,1.3317032283356713,1.2730150219183551,0.790132076920489,0.0751473626919856,16.382911789027446,0.1842302259745136,-27.603540706967948
3.411905929892445,10.45099563164052,0.888976056181351,0.5710434312786066,0.7582248074788364,22.8906102583786,2.9577777146478392,1.1009792878885645,1.2665919577821019,0.7031135912655947,0.05118332553387753,14.405169590164231,0.17216847897736426,-32.075400579220144
3.429474170888483,10.765265492889592,0.8784323925117208,0.6408745100904456,0.750680958747993,22.053947182951006,2.9331121502538853,1.2282926643825545,1.3636600612637244,0.7842972882339877,0.25102145572619095,17.91333704704929,0.19494332015783056,-65.46131764373625
3.4376112495353226,10.636915820646546,0.7906695062666831,0.5434884184482496,0.7162461468551103,28.362434675463884,3.277119707888057,1.3359733369288267,1.2608366181698973,0.7783087410587232,0.3939237003289983,21.621172283818584,0.2137543188149748,-47.259403107257484
3.432886854625824,10.531105226885145,0.8008932374783531,0.6353328225061687,0.7518053736613588,24.138103571547802,2.989211755908922,1.1410493851912187,1.3371059269516872,0.7033561797576657,0.26189656666142713,25.642203078505062,0.21134836805454832,-65.063288992455
3.4219040441927686,10.810273990549677,0.7402682945723541,0.5555132574515409,0.7553625626774203,24.45254143022423,3.2107581877416775,1.3096608299467347,1.1267609828727696,0.7093229443737388,0.26081014596061664,16.734615619164057,0.15495007863338076,-37.91364471957354
3.4294225288106333,10.698307988313989,0.9486079217741683,0.6965477568478565,0.7561745873461543,23.50717100522553,3.1141163606774946,1.144634961187641,1.2339856504178774,0.763320151456439,0.13642456950282053,25.94983699741238,0.17175583699417485,-26.491421887453
3.4006099121237994,10.84997655038026,0.6530632472251444,0.6013391209982256,0.702526750192476,25.121431341837095,2.695250576169322,1.3831548661711128,1.315415375294495,0.727342084147494,0.46334589198662185,23.245566447616085,0.17270118208338978,-24.66284024575539
3.428679214603542,10.63440516387439,0.8498324540297201,0.6330477364075626,0.771795813360477,18.950293542772126,3.0717733213878606,1.1078275665965234,1.1248008546878185,0.7042913033232606,0.3609213829892598,16.66892060026619,0.20908913548774932,-100.07359288526894
3.40256435041766,10.758983825375424,0.7829725920654844,0.6152465979203154,0.7554442135152291,20.274772085464257,2.9238921397278643,1.3029882529417849,1.2737209426766711,0.7805293929821446,0.24064002961824685,24.44576994646308,0.20987462760450526,-122.48386594844004
3.405015764320178,10.832674237906392,0.9183844691630365,0.6679818179713428,0.7620883784802814,28.00900961594845,2.951703979261009,1.3687270977695607,1.213971297556067,0.7180076998082501,0.13467113522790505,14.728534942948874,0.1687416205349726,-43.16007311346979
3.4215640376120446,10.145066281919016,0.6859179156962285,0.5444277067485623,0.7480921637589446,23.489693774057578,3.276263828297778,1.1829886573114041,1.1218636103387631,0.7980750601385888,0.06737321892497371,22.974540944429833,0.1524613309120525,-93.09220699658734
3.4142776328050433,10.391802297073507,0.9040076986496671,0.6953808309154268,0.7622140427104569,26.0073748280547,2.8278224194951593,1.2311413115518757,1.388919867751205,0.7123295429002918,0.23170813705870671,14.772056573427225,0.18395457467772705,-18.990698492696907
3.421129977632221,10.468437754030115,0.8936533412441773,0.6089251352435332,0.7699227531650434,16.01077730143228,3.1480842529318367,1.3104863198719312,1.1294981572071054,0.7921463404922355,0.05631761836979382,18.780052402602486,0.18036822365059313,-107.86483344704982
3.4082181923286003,10.518804950316111,0.8209072192097072,0.6699542817298886,0.7203168085046798,21.730009937880528,3.1522874978573303,1.2240570391904775,1.1782655192494544,0.7697514192601342,0.2645197220742688,23.854288721272646,0.1510856509648654,-75.59876460877945
3.4322342092532048,10.219567619261303,0.7351248792394451,0.5868958780004202,0.7064808251672077,17.501972217372902,3.0982086313432835,1.229712932758273,1.2430548936308141,0.7117868874435067,0.37334245767098767,17.134651440171282,0.18764573898954415,-19.358694564126353
3.422888362915439,10.713375585450029,1.004849095044548,0.6132818480748765,0.7581049822754894,24.006080310917405,2.6548470160572184,1.242193838123195,1.3266196144259252,0.7486488210037001,0.29085871142777847,14.971753414890387,0.17767544741815877,-92.70822999821713
3.429806960075399,10.1108892904461,0.8504120754947968,0.6627857860203179,0.7746566844512758,27.083096900194178,2.729896914938077,1.3998519722271008,1.2654676057847283,0.70234319325845,0.46197739600709176,17.18756428773325,0.2018836731706808,-23.45722298482987
3.4336728213661356,10.53602879831219,0.7540601536555468,0.6905587918784619,0.7103917293384182,24.10248199402438,3.1509681312629385,1.3386312542395267,1.1962050826914865,0.764266900038593,0.05154459066253678,22.643255977229984,0.18224674471179428,-43.4240535253485
3.410615759096491,10.260516908190487,0.7928914715699316,0.589622579332005,0.7568795490892162,19.27742213692013,2.9839637985203185,1.2239800336410278,1.398231322077252,0.7436088379752783,0.052192082223874364,23.50833341060983,0.1789538694739263,-95.80529221242148
3.429990708662362,10.402267447759336,0.8001239842735548,0.5644194286361885,0.7369514809127938,24.410268489141092,2.897759219764482,1.2648107480197892,1.36338596321465,0.734265884611649,0.13087848486621384,18.27681750492298,0.214071872300439,-14.374208806235615
3.403584293831525,10.797990590957216,0.8806231664278814,0.6657744522538978,0.7220306938202319,19.69700778310054,2.895111339110293,1.2985452633606218,1.1969624209259324,0.7173357421856766,0.26947979358523955,21.015815368094337,0.17518672264615504,-30.270536620540398
3.4161888416041863,10.095865856889198,0.9027077207114214,0.6618624252885026,0.7654510671527806,15.691833959547527,2.9036507947174526,1.1757980629089064,1.326404657110945,0.7603596365472138,0.01299785787719843,24.218527507512817,0.1608236765407431,-118.86232657625787
3.401352630244585,10.74688243839283,0.6843303053442557,0.5594785932177286,0.7095779730998406,24.337644849657497,3.003859397936516,1.3463339677818515,1.2604734586616009,0.7089912152594904,0.07749120164801092,23.86855453378943,0.20911138108756291,-24.8535123029053
3.4224711267641315,10.268228391435295,0.9165750310726297,0.6679139464632913,0.7213426011422764,22.240550780268435,2.699563622057739,1.3575721030676204,1.3724889822971849,0.7651213049459205,0.1832593348055097,19.186540488975297,0.17062442294971514,-41.22656794628685
3.402408503677997,10.112999239290305,0.8056762280107598,0.6755111370636022,0.7026761637908544,17.492186582812703,2.9985823196352226,1.1020155704335095,1.216848862405097,0.7914970226714149,0.09958550595544634,22.95281207349026,0.15428695929867053,-46.850959868732446
3.404391885007997,10.820676098868532,0.9892759122709827,0.5530525015108896,0.7447933362120497,19.6716375114427,3.137480862511387,1.3071577971621073,1.3626979602830778,0.7992959318707642,0.2502628309090133,24.542445231495627,0.20372299376587677,-27.470820192868786
3.402164100709363,10.128595173512881,0.9203256485654613,0.6425363263929684,0.7062585009154583,24.21332083850841,2.7215518757994586,1.1844426943668909,1.217481452151587,0.7639395984711436,0.06706558154108762,14.886965791699506,0.1848911340539708,-86.06759110166158
3.4104690763455165,10.375944812711264,0.770089896269624,0.6215730891830119,0.7035804910597303,24.016649419748738,3.2205367431931826,1.1048318949048248,1.2947129928468442,0.7555738584909795,0.11321558459345028,22.79863019080058,0.19401352379721656,-109.29656188041726
3.4010046650714343,10.89194028435995,0.935934226734842,0.6520145718392724,0.7109518932413013,15.803098439929329,2.798990321245427,1.2691392065854366,1.1847972907172086,0.771784608861821,0.2805270959915419,22.232269303589185,0.15418317068056664,-87.3272251046725
3.415201493831329,10.023067137464043,0.7543945830356027,0.6816578339906193,0.7341722085254223,17.002255384598243,3.1552360434091176,1.2825019602819054,1.21549455128798,0.7114652276761425,0.01708412584030877,14.076193800042097,0.19009451451954537,-19.556358482207486
3.427398546042738,10.39747749009853,0.940733514249652,0.5719645836461063,0.7075409310648451,18.454305388251683,2.843877620256446,1.3443266129277505,1.2322689309466046,0.7572070202977709,0.49597051893002,15.748586204075417,0.1733446512010834,-64.41149917975088
3.4172923532690467,10.045776517840306,0.7411721152165844,0.5525434148741314,0.7585716642428311,19.079710270144737,3.1667125254795643,1.2986708047313906,1.284596070507736,0.7950751402496294,0.48208281382987556,16.98401247339373,0.15253070641880143,-118.84245954805044
3.433926258538135,10.247745717852201,0.7446273798066206,0.5690745207347335,0.7243194476471503,17.577378652676018,2.82910747521518,1.1364088942433288,1.247455168890206,0.7464714539964067,0.007831537687356834,24.87336015236243,0.2192100161361654,-14.845088433586994
3.41963001671005,10.595115930361999,0.6919169584206147,0.619234296265832,0.7690325871440323,17.472537796855033,2.6488255144758632,1.1441457565374455,1.3178494591367176,0.738201527727605,0.20770178237348574,16.810355829071643,0.19787418100722695,-98.20632500007551
3.413541809151938,10.003024283508742,0.7939139997327516,0.5707773488534109,0.746895964960293,20.86610847810369,3.2577961781627716,1.2407571818164786,1.3164337602199372,0.7267229293253579,0.3346786717297194,22.457600351345164,0.18249229964666996,-101.66989667480489
3.4123452687176536,10.42912814488687,0.7868298162354526,0.6509790652833539,0.7760918537598366,21.533203844736676,3.084754416252764,1.3989781892008886,1.1814457149089521,0.7220546412203136,0.39872159564497317,25.55850338287871,0.18257560009628926,-82.17113674110885
3.404083931404344,10.30142870124054,1.0142297478313909,0.6662046003713645,0.7739544495780706,17.17718002359287,2.6964720907857394,1.1772567651063641,1.3490211651896513,0.7647918883584097,0.4575250549151996,17.140907502629815,0.21194423072759572,-111.15632732478772
3.406050933018927,10.008775185102355,0.8063326117363399,0.6635785528572434,0.7257863021909354,22.79356215283534,2.796984628450831,1.2191055306726875,1.3904545053779946,0.7589903017484894,0.4741828151906387,16.923960516415782,0.16467091953127572,-15.2943807158601
3.410243779553657,10.014432625371706,0.8356766354362426,0.5421857736453795,0.7694443451143169,22.590389759850442,2.977713264598041,1.3055686750497522,1.3966884163741766,0.7929344511851499,0.4387245388386473,21.452543958554127,0.15533788323784012,-22.091557801347818
3.430326987852329,10.27557690044907,0.7592366587757736,0.6231982734152752,0.7060508312038817,19.825806767681655,3.0264485631876132,1.315706361385689,1.235000475110727,0.7260108228941845,0.0036285906139925123,18.232412843012646,0.21339500607946854,-13.619829377236087
3.4310242425814295,10.303619791054055,0.9972202012586431,0.5913306566227059,0.718119401206305,21.816902933565558,2.645176564537448,1.2833229380153166,1.2537450740711291,0.706583436799196,0.18869447985185653,22.542643845134222,0.16410654575278966,-49.30278704054062
3.4047016924926936,10.805094116905298,0.9518372886620232,0.5759749611203633,0.7197927613919631,21.986989076099185,3.09257465681529,1.292570490595944,1.265125299430784,0.707504193972884,0.3836416929962211,15.342029032687986,0.16447700104975577,-95.02701807879552
3.4072093214602535,10.603907128782428,0.6636039879659631,0.5616026650544179,0.721770949295924,26.30789359889886,2.783676164188339,1.2299359665908967,1.249071950380347,0.7551348321299378,0.43695703528754837,15.817063933821776,0.17373741616119687,-78.33727593447469
3.4063693582870633,10.429733456656207,0.9662534509601309,0.6780858025624803,0.7778386284614363,19.645020646217382,3.116240395757303,1.26746571297352,1.1663201140675898,0.700224091311444,0.30197150949348084,24.631979836715033,0.21615264563631614,-11.031565189123043
3.4133024987553493,10.657309974901468,0.9678246070734773,0.6951869044134911,0.7015799825696457,17.17234312446567,2.8416617474700194,1.1950767141894976,1.2200675102609368,0.7874651793485177,0.2778853654433387,23.267527473582064,0.1740947387607716,-46.58005333368449
3.422385742775067,10.629577390342238,0.8713479251160099,0.603116260310358,0.7036234662784662,27.472303045882963,2.8129051525454503,1.2379385160644722,1.188015486634243,0.735898106706609,0.08638208014838078,15.146408031168528,0.21366019797285823,-93.55495373639314
3.4272647816344577,10.696936181008835,0.8443118271097222,0.6829181281001246,0.7456472384371768,19.951676733651986,2.9863437777406054,1.3608160384062264,1.3284400496072168,0.7208981048022691,0.11082388166140839,16.52082778281822,0.16647566586094473,-117.50845778444601
3.427226061549412,10.144910604851944,0.7563751388534956,0.6824910249272753,0.7453613895978237,19.56002694342481,2.8304207743849967,1.1133438059408538,1.1590099045358544,0.7089317239829338,0.22720755752450086,22.409024607959704,0.16997162685915002,-28.871961046033235
3.403411715303897,10.655386375227309,0.8603084622161692,0.6421770144160955,0.7482483441484569,27.914532785826715,2.9354502928779778,1.1308455171132432,1.124450744891974,0.7852510410853948,0.2303918022466982,18.303753729444686,0.1546816966860384,-61.232927247277594
3.4381245100116193,10.633873900736974,0.8695354893828416,0.568595094387529,0.7531630133195946,16.324325829307572,3.005280547471115,1.2282429643331534,1.3710335570314922,0.761220575927754,0.29351481870898144,16.62015192981938,0.21170659351110882,-71.75016646601418
3.4262167711238147,10.303830829217384,0.8336408670694861,0.621450330525271,0.7287146802367704,25.590857541504505,2.8276743573455114,1.1089843493385487,1.313111022881888,0.7319910366886533,0.343620732411876,17.044053647491744,0.2182065563010846,-82.32508614981194
3.420656382590286,10.016178767597205,0.9169461179017389,0.561495643140007,0.7417234975447559,25.969880368838837,2.7920987656234835,1.216065639042954,1.3986662264338916,0.7231567423896819,0.38425701889433656,14.942945148310303,0.1852583395368076,-80.47007241236359
3.4340477600713615,10.46584551873616,0.97012609209242,0.6893841655403945,0.7619682373618186,26.15316289004125,3.1946683399244904,1.122865661842401,1.3884183844914364,0.7664934401261481,0.386094845180725,16.439952596168084,0.20052016246815968,-120.59262420302586
3.4320504646816574,10.742019009708935,0.7172190834662779,0.5433193718087874,0.7573376082078939,20.43606924867142,2.9381739652851153,1.3939378037574528,1.2855421977839339,0.7163958462896555,0.0907053443072959,14.218832374599103,0.17031254207527852,-12.937734220040952
3.439825393788497,10.805424750402869,0.9353401132057765,0.5746046322416681,0.7748397566156616,24.57429035786987,2.6576480400913023,1.2740508506353885,1.1755534138778172,0.7219563987436122,0.12532968577703063,14.319540141795152,0.21894578600995712,-48.23335942707921
3.403478722386457,10.70133033694404,0.7797317140700055,0.6064193969176905,0.7108188582287147,21.807777367509445,2.8386566163366673,1.3383053868010855,1.3273049416494374,0.7088147449543586,0.38548759294509066,20.39104984053795,0.21223776570732994,-3.9189212623048064
3.4237063215836354,10.706806829445089,0.8132859644673646,0.6570775287937122,0.7452661299730791,20.25259406625483,3.2588585863969786,1.3893101664702914,1.3518097132739477,0.7575077739250403,0.09366136575090217,15.206649170961503,0.193807637682696,-5.69408243014351
3.4109193511277804,10.691645110300067,1.0041440370341235,0.6743068013168849,0.7708963384232352,27.99935241572323,3.0248740562997716,1.3282160475025369,1.2193217904832212,0.7756398489572646,0.28223934966230196,19.36753045630917,0.18008883590345048,-37.824272302558995
3.426835086053436,10.455463194999691,0.7524834765157233,0.5948165468598303,0.7089748184717537,26.284229045881123,3.2275695490506897,1.1123195446443093,1.172034321066246,0.7422583719123851,0.4602725550019601,20.45138109607192,0.20463252900629353,-80.9773101084669
3.4178797940610686,10.321163463103614,0.6991427533741105,0.6521350168353487,0.7450068972000674,24.118272063366327,2.6931018613210678,1.389121460512269,1.314295260547126,0.7447048543788304,0.4537762565981566,14.364905985009072,0.1741397278325226,-65.66810670286401
3.4089075374101414,10.069958079732938,0.6681878235817565,0.6727818992840122,0.7438217527102622,16.805677505386317,3.201795485152813,1.1828800065755645,1.300651066547545,0.7924041890944803,0.49902511721684245,14.76271519048871,0.16208084961841296,-71.9310902103326
3.4227545373163335,10.686752009099623,0.7960422292533782,0.5451620673788897,0.7214296885288762,25.767666923549196,2.6775251976250485,1.2351847583850404,1.1607305590781885,0.7553048102178993,0.2528187779651752,23.07554273683572,0.15674392886793517,-14.697288532581354
3.421511814367953,10.373943992714961,0.8898307906324098,0.6521138619650919,0.7567999534915165,25.891927149202957,2.708186155089926,1.1781868175288523,1.3734232709376393,0.7596809200274852,0.16273659785953717,15.044963271243066,0.1856551965364464,-4.108197977583714
3.416131562861445,10.365552624539992,0.7230582685805683,0.6467776913572624,0.70965973892843,19.151747378814957,2.7360079931914285,1.203860385872285,1.1538976776320229,0.7310167282222348,0.15067416787366805,25.717014453074796,0.1802335146612939,-33.375746760755675
3.4307760065547854,10.719979546119573,0.9861450584313634,0.6714631940178959,0.7767536921363152,21.904910128597297,2.647675926509813,1.2279118979363548,1.2196376963824376,0.7280665013432298,0.1668592978363849,20.107977809204286,0.15580884654066968,-77.4224755307894
3.428973301921078,10.527787670821317,0.9891670957261757,0.5917425035225329,0.7157828428318544,18.72838766903604,3.0560403741323823,1.1180387764121336,1.2162405445408735,0.726536105291447,0.3623095526114293,19.52362734057662,0.21992588124750556,-9.95876937346668
3.42583450453048,10.625421848544534,1.019939812937847,0.658381375397145,0.747924872929107,16.471129143264587,3.114540316350516,1.352465547894218,1.3599377863053395,0.7790115287102,0.41693192409082963,22.15010276581026,0.16553848742638927,-81.0901158508489
3.4092189812190696,10.166945342724325,0.6668800670154136,0.5686917492992519,0.7145606646070659,19.54726434991865,2.935732637811449,1.2723486450750636,1.341718292476148,0.7106655525970544,0.1778785269262757,21.856173061446825,0.1604079814120425,-58.26033685023624
3.409832352109417,10.116656871558748,0.8050384111380571,0.6044323101077839,0.7253176609354582,28.370157236154043,2.6720209363310574,1.128772257839993,1.287492898493895,0.7561018661388668,0.09415091545839165,21.968861493617347,0.17399771737568231,-59.39553034269463
3.4201672457318346,10.729831104571305,0.8961701593133049,0.5606986787537477,0.7639374747333776,23.021379443943808,2.8581056979174826,1.1262484212279606,1.3709766854975751,0.7945418409354278,0.038138880898156986,25.83840724554247,0.16890416462309882,-56.634172468040205
3.401188922035424,10.397339614083299,0.9312824643043031,0.6052441058957996,0.7371790534258208,23.288119535555282,2.848698924689878,1.2997341620015415,1.1554414889078353,0.7892045276162429,0.22785108914804073,16.740743158027886,0.21730175932213153,-38.01473799854982
3.406520714971789,10.128453279471703,0.92467681652691,0.6003948941526196,0.7036529611201283,24.540509223702596,2.8886455691405337,1.1778983847391566,1.2648704340568804,0.7632249740851854,0.09994864310567368,25.099711882170514,0.18109236575479734,-93.7401847086791
3.435936659529864,10.733007727610282,0.799854313234076,0.6453002936729346,0.7345728210771524,25.099114485827425,2.705901461967694,1.2783831488959303,1.267893634252851,0.759056552001844,0.37766897679912736,20.088564080084748,0.15882122424342152,-118.92903013358818
3.4285245040732057,10.844436817104606,0.6696560250485246,0.6169413053420045,0.7164214665473967,15.365867470222378,2.8901489501122737,1.3329532708167522,1.1788431578320773,0.7413661720530438,0.45597821922636506,24.627898552938877,0.2139450751403243,-0.17598886731758512
3.406889429375751,10.864766996284116,1.0276276274108274,0.5432405909171484,0.7029789593577813,16.28369203592289,2.9720093829991283,1.148261630687022,1.1425790972267231,0.7708991755711779,0.35796367796210354,14.416633534033437,0.17307042808651332,-109.84470896902295
3.430738293285386,10.454761840944737,0.7543164801200941,0.5448069248351938,0.7345133727888806,22.79098435776137,3.0327257044100895,1.181874835479167,1.3095295140872176,0.7565887009636862,0.2288269573628523,18.48484050747126,0.20072921608860553,-22.460854626440025
3.4047604613441296,10.358164247395653,0.9465820113305004,0.6655398627003947,0.7035664822979734,15.459323246428545,2.955376666173936,1.2267531699585055,1.117881027169,0.74359940790212,0.2501868377519161,14.36464267073381,0.16423840654792765,-109.40050458220225
3.4126641747058346,10.34327242075989,1.0119900747585882,0.6930672361987322,0.731683171055533,15.56468528143757,3.063096949036777,1.1725303201657107,1.3357708338497294,0.7491078450782891,0.40828586197227423,19.213571492448395,0.17580694093307858,-44.35136628890234
3.4386389026036572,10.545759309914358,0.6833391731250766,0.5745064063883559,0.7668940270948403,18.225098031088397,3.0809588091323317,1.343031698843668,1.1707934681279526,0.7509719557614623,0.33370120574855816,20.49795080590163,0.18450422263795327,-91.85048103190584
3.4116430452686637,10.709945654013659,0.831676975236763,0.6933674739875821,0.743371708916676,15.376685985965153,2.6605865585434163,1.3120277004690801,1.2722069430951906,0.7629484933324008,0.14525272111968815,18.600275147067855,0.18269375244149239,-98.74290907245745
3.420852526475296,10.719367930524575,0.6920012908861084,0.6866386542709866,0.7700952288264757,22.28761667085041,3.0506129782122446,1.3049234648853525,1.3926202769802942,0.7799108800136182,0.4549222134799882,20.434050301606007,0.1540669337821134,-116.3042134819522
3.4282145963294406,10.427060997074848,1.0271960077387143,0.6853146704959051,0.7707926536343156,15.474854631301463,2.7763926855586374,1.1460507111141698,1.3288990249645536,0.7313643393818244,0.3908775898225064,25.139616024884205,0.17331040975377598,-10.051092909908348
3.415766737158638,10.464113942893661,0.7506798623294573,0.5813541481802854,0.7798713584324507,24.275476446652984,2.689759748057138,1.2945422466065044,1.1449462889505146,0.7828895226824861,0.3369174914290442,18.273650324410518,0.17481983974027834,-101.24203670578402
3.430658785178073,10.013604201108333,0.7760866521339719,0.6649076744030554,0.7761161289037952,25.222655006309505,2.963048025073526,1.188864339195842,1.2847790039668057,0.7866188259044592,0.2792175227001194,22.77812268997958,0.20169405658482215,-114.11905234264809
3.4069198995747723,10.02891549592598,0.7433459570519506,0.6611832542517437,0.7409827121584434,19.171517692412703,2.952793611870325,1.1470781732994444,1.3799326527168732,0.798295020068732,0.23757560572247888,19.034293637476882,0.18872316642608805,-17.62908189927029
3.418993499763208,10.569176422557339,0.9489861317796904,0.674952609378452,0.7624954802220607,19.15275443003509,3.112964920838123,1.230637847754975,1.1681612298550434,0.7608869259342717,0.4116645981647423,16.516899418397735,0.21345742844079957,-119.20388626274288
3.4137859776066843,10.621143292992311,0.9942191633935746,0.5894109487827252,0.7717748367391456,24.459458441004102,3.267803698406924,1.250360114304879,1.285366568370549,0.7340068549495546,0.44743315657358806,24.532118970760514,0.17469779629980992,-44.484115051312756
3.4152656578972573,10.441609556883718,0.7741647982377413,0.6858690330732393,0.7305571636829029,16.517085145459536,2.8041292416373755,1.2220543032841302,1.2999929960711896,0.7638986051802501,0.3018860434495024,16.153224487496598,0.18092220468963946,-38.41485365219863
3.4366268594364087,10.124333976198272,0.8863683654588544,0.5632619186439296,0.7641007008151678,16.514513563995944,3.25767872557108,1.2946858966756423,1.225858881328455,0.7975583059635679,0.23790523961031682,17.25536695473529,0.21658220305630788,-67.06194741677865
3.4180835132576464,10.745018580403316,1.0178409138331097,0.6931196481566951,0.7551519108920363,24.707463639289713,3.110823869955862,1.3195378819972492,1.1437733721381216,0.7738979641686619,0.007335320417828793,23.328043816336614,0.19495074751763547,-62.686726788158126
3.415244717449348,10.181765107679013,0.8841420466343891,0.622159400723065,0.7128509181874747,25.74461191927381,3.091599492623741,1.1865311892504429,1.1694854335546707,0.7813016116703622,0.029236607849982773,14.525642955159599,0.1516376622741687,-93.28220176395858
3.4160590617772044,10.386346415390571,0.6550122973669764,0.6913000264362186,0.7708535182307983,17.933740814694445,3.122626444628087,1.1343007421265165,1.2434141737099922,0.7749079496554704,0.354279266373754,22.53195389158833,0.17735817291498646,-27.084758186074794
3.408158159342362,10.544653758311346,0.8468262974714207,0.5414343487759496,0.70638886581417,25.251663333280533,2.7879065745303273,1.1479791455040156,1.381217360211158,0.7788592381111602,0.4989606583375434,22.03560677854253,0.15002853828761442,-10.619251790776076
3.4186335118773843,10.19946405153593,0.7513746428111836,0.590580203331582,0.7069553787264262,26.67544969942162,2.753551104295254,1.2929222286251676,1.3803277937948182,0.7707983862276535,0.4414922400915039,18.381404683462897,0.21376631019355702,-95.40048936914137
3.408734553263682,10.540604063707452,0.9574301564260602,0.6655651446912121,0.715211655744702,15.766330192794793,3.2502963278936017,1.3969443020033088,1.3105953288872416,0.7986408570667478,0.20670738712511463,22.644415005354624,0.16975340074550704,-90.85335325156001
3.4355430441205415,10.342238285894801,0.7693972991383514,0.5812706265270284,0.7596658838056259,21.925097549910944,2.681503687613329,1.3943104774925348,1.1134177021362228,0.770169678610478,0.3877623297400222,19.21089481164629,0.19393704377227783,-33.57827876968119
3.439358994771808,10.67049508409869,0.906538008434617,0.5540740680182928,0.7250848325140746,23.51289847433368,2.6673667390613427,1.2381005043126894,1.3666638330727092,0.7356576480919863,0.12827461108353955,25.382612444696115,0.19443074531974647,-108.68863060382144
3.4351414311961013,10.56901202031351,0.877819367806231,0.6392436676437387,0.7068941464945572,27.73647203641266,2.7136949171164093,1.2242119961628102,1.1946791496978537,0.7272926179101687,0.23674240620926462,20.094070819965268,0.18492322709867282,-32.47297601201511
3.4368852545634216,10.229559030489018,0.7330055498775127,0.6863076954097043,0.7612467357604631,24.63120615898446,2.904230630876088,1.168321003138431,1.1044692365027091,0.7116394768862383,0.31849324065985574,19.009428323308335,0.21707467885008458,-12.703238045886124
3.4247317164422975,10.302231543789366,0.9042374206291949,0.5763294707560547,0.7025737759143973,18.753326628902364,2.6540023369916828,1.1985041477945761,1.2296268350502455,0.756064325119222,0.07974370980986971,20.60595054934885,0.21976913157026118,-43.34541633131883
3.4267023086129305,10.066845625998555,0.6609315042077527,0.6227809641955796,0.752329819887565,18.09880269667001,2.9325646598768094,1.3700307475994913,1.331829019167728,0.7656099027929443,0.44208662699614876,23.360081696502725,0.17705025280038508,-24.898694832388273
3.40606393253246,10.869381922518372,0.8182691239842274,0.6349191293750507,0.7589475174250789,23.101280135780563,2.8374368253903395,1.1130203405965826,1.3112328990161184,0.7722004442920354,0.1803292473672712,25.842546604217368,0.16850537344048594,-82.42507801116406
3.43571347722199,10.787277030822558,0.9893482178167199,0.5655068195344068,0.7792001867510562,23.707273986101143,3.173596045879924,1.1356434456636135,1.207071190954201,0.7643518539428439,0.48890419977623856,16.443575978489385,0.21215414103732078,-34.69817988017175
3.4176997796574065,10.319175271025925,0.9154527492907703,0.5819402092279328,0.7409391510535935,26.48688418215093,2.7117726713240184,1.3168701912682952,1.1369289205484927,0.7716486717659033,0.3754986164605841,24.947733140026372,0.15001580530440484,-101.02386654862174
3.420948252326019,10.818988575349916,0.8016376616989662,0.669036816897691,0.7519785688851266,23.449876796987,3.211040559395516,1.2790087415261278,1.303122748308734,0.7766885696248212,0.07077565388179961,23.424558871033934,0.20459217501927351,-121.13997819814175
3.4075633168237185,10.659994554934498,0.7630147688957035,0.5725974614618966,0.7083309308754631,24.875251108535025,2.901621691359118,1.1241903064912802,1.25753028481513,0.7065556146099616,0.40536770733790317,25.969852326254575,0.2052030834770983,-67.32507953990674
3.4253823437838506,10.170531900222956,0.9229649936335067,0.6397718297346336,0.7243411635075395,24.238255732911263,3.23432879605943,1.1496577236314351,1.3533282769492692,0.7787928690613735,0.44409644217307753,23.987267688124284,0.1882127086816186,-56.45145728512588
3.4167059284548214,10.526592257671947,0.9395125728545972,0.6317215159992302,0.7766727321267082,26.666877285498877,2.6986200552001094,1.190594026453012,1.3764008291718235,0.7543181077649298,0.09695280929252746,22.481814267147257,0.16417080679117704,-95.09360253535709
3.418711282684898,10.834381926097203,0.9281567757912751,0.5870980236847575,0.7325030315105039,28.152671124021275,3.056094583353569,1.3982683620082752,1.148032843336677,0.7137848839296118,0.3983216531122503,14.491303604634945,0.2168427374384212,-116.99251130605235
3.4203532909878294,10.108789506462793,0.9675026910144368,0.5409246289575155,0.7440807633211418,22.40297747968011,2.788534040241716,1.2601250982900607,1.2622529465377614,0.7122348099745023,0.19627132863448132,22.966026973231653,0.1932947049449332,-19.219039986556268
3.421453433820957,10.681873508147126,0.8393014278158545,0.618659275941957,0.7577687937037078,19.368850085969655,2.920501955824194,1.368348879779239,1.252623850730319,0.7361449476356885,0.06610030811757554,24.436040638208397,0.18833339024767498,-15.634487397906142
3.4348749901357545,10.068348393879711,1.02853407988313,0.6521487683021012,0.7602529189140246,19.574581675289224,2.9827076234156547,1.2098821507872342,1.3432530199129686,0.7440570896769042,0.0737312136663575,24.662165665658343,0.1928258933761573,-21.692587410718986
3.4144472818814795,10.65391485775081,0.9321644236168402,0.6995388814738036,0.7249061245615817,17.62203755018741,3.1991989623611685,1.2449995182039426,1.3185664459057336,0.7883170128544178,0.1519374260591276,22.439730556114736,0.1641163512747193,-33.0951721516368
3.43968978330287,10.530280588131234,0.6540080325579928,0.5730035130134471,0.725811335442086,25.5000555048577,3.121855658965113,1.2737712952333706,1.2624848678498992,0.7787152696606913,0.06753717440145718,14.200714727369956,0.21665705651414252,-5.670904167545601
3.430987988756378,10.358913007877312,0.7490751378884759,0.6142498105837384,0.7358951226287708,25.99007754963897,2.8373611914205576,1.2657060011061514,1.2030662082273154,0.7534378029572897,0.26631347032332264,15.404626666399245,0.20618909597879898,-3.0692218096469617
3.4349580042701984,10.189898361513242,0.743863992429816,0.5886986233953421,0.7789615835679786,24.316542324936833,3.076180518412813,1.2911053069695544,1.3171573876577911,0.7363572917463334,0.1595163338428265,17.572816309792703,0.18569828493846036,-89.50594782887657
3.41752528644299,10.495467196060876,0.9016289443639066,0.6240871084102788,0.776215696676857,17.690427964387325,3.025643679994513,1.3624899695748436,1.2392727454019237,0.7904370668066752,0.15581596176617665,22.744377391866703,0.17213713194919078,-28.142177693281965
3.409404939745834,10.0735834526463,0.9050396294272877,0.6210271406004224,0.7234628084789047,18.573170022681058,2.8482582977748865,1.349509221112235,1.1308342724929976,0.7489502941084614,0.326775500313104,18.52569883546363,0.19421453010229645,-55.205719618938744
3.42631038603531,10.763758102425511,0.6885028626611401,0.5839507306725483,0.7181098743730685,26.80277436223436,3.12388498466734,1.2139152733083678,1.197140936289172,0.7938550247074785,0.36714494817235044,23.230886361520014,0.21612339181027418,-95.7715827993907
3.427773800607874,10.425554519769019,0.8928272076383201,0.6455090611782717,0.7337315866580758,22.443623012715555,2.8470891733063484,1.1807284349325629,1.389038889691667,0.7794193042543136,0.06668795652976713,14.817880437611217,0.16505535650673564,-50.19792152302449
3.4149743353077424,10.646660449187582,1.0068070699806828,0.5751602796171768,0.7654721147903343,27.449451026478986,3.239600027607179,1.1877050203018258,1.3468318388011744,0.7206602186378069,0.026317391772664088,24.365701053090206,0.1592743861596878,-118.67802852788584
3.431858025128258,10.09710288866514,0.700552186223808,0.6079481990599438,0.772133944252936,21.76918199803802,2.7790338529045058,1.2275692403590117,1.1439651165478044,0.760038366869851,0.47602074519422055,25.663017911103893,0.21931682183885104,-72.00950944359411
3.4067007511512175,10.416333512148597,0.8551267489289364,0.6517505740404305,0.7478501968660511,23.49765476745597,2.992535674048564,1.336747520756331,1.2980179921435815,0.7517282959712076,0.14970461613833644,19.74861349666692,0.16647087414309406,-91.27286379638574
3.4194353326932676,10.822142361906826,1.0203086838888065,0.6889667050135274,0.7495246073233471,27.311142920961718,2.741084382772789,1.1883721774996265,1.3168233839617849,0.7956462898324135,0.025205398905406583,21.461107943231426,0.20819104134485011,-23.399999320785184
3.4027763704600007,10.695496442507238,0.6895887583317261,0.5997987863430313,0.7626045982808101,24.12912586963033,2.9758976594908253,1.39692312871891,1.2213341238808075,0.7582501268117214,0.44376738310741093,19.445817449890654,0.17475454134180815,-9.912417563050013
3.425490426054221,10.207698530318229,0.9375019893306937,0.6938195561955888,0.7340800434174465,17.569188828863137,2.714112266650278,1.3878184107196647,1.102960070781588,0.7969381909215676,0.008478016255391668,23.43284226892164,0.17523823759574794,-13.874615966254368
3.4046750942498782,10.748305099237438,0.9789559086452306,0.5941183054135264,0.7689784237578255,22.294100854931045,2.9666129573449993,1.1160286481284407,1.21422783801761,0.720418332264178,0.389734523755536,25.146610345573897,0.15331148240908016,-4.064007239797476
3.4351769442176034,10.066378616581614,0.7568711449696326,0.5584531838050857,0.7399678699580274,27.45846760203496,2.970968282877403,1.1851398534460937,1.267910125116534,0.7320203570985347,0.14175701627583273,15.694652246449019,0.17669149957033192,-37.72337240325221
3.4073506258799084,10.375605850380529,0.9840794768093487,0.6348066104667633,0.7507611862038405,23.04232662001761,2.643925778699323,1.388410698097337,1.1583917276149194,0.7801317551931695,0.23500837973773805,23.15460257847022,0.21572653294668417,-47.63721970469686
3.4089206784748893,10.254769081649957,0.94558172944467,0.5402105571963548,0.7472248250953535,17.388568425749362,2.724094416703146,1.384466089095611,1.282723926065112,0.7888628409444507,0.34526658219590556,17.569144892911154,0.18552567493625466,-113.5139762791091
3.4314771799558246,10.084233136488761,0.6899641142410402,0.5473060372950198,0.701014464763358,19.84211499397182,2.910362208851876,1.2522083625378038,1.2184103714751324,0.7749176151196147,0.2671343135159352,23.5373387203447,0.1677936294200834,-77.12641728031724
3.4048104539526785,10.571035620951694,0.7239950380229624,0.6908316707782277,0.7317201061439242,27.345959725281027,2.847717276557753,1.3473636906926645,1.366909142048887,0.7890791128859651,0.06313301088762628,21.77575162326509,0.16465636533491182,-66.66332392742501
3.436740425964521,10.27135511967756,0.944994728294613,0.5540130253238912,0.7279174622838342,25.19683708011764,2.6955650364333543,1.106008673847157,1.1970986502393706,0.7401713559136616,0.061782367591085685,19.471156632246156,0.2175826491861244,-5.336183367883038
3.435316963983307,10.57148714840297,0.9142740701056614,0.578625487838725,0.7618179014342036,24.038085544687128,2.767561157632258,1.289902170239954,1.1579194616396438,0.7189283065233116,0.18821790053688192,24.42808989537373,0.20582792424835022,-40.86145172251318
3.437070223904951,10.130208401673675,0.8579369375706283,0.6677159466633408,0.7604168744122453,22.392598281890415,3.1508264548505496,1.2287213337823228,1.142005856221861,0.7904652640165929,0.1996128598837574,18.52961656153049,0.21799240006305276,-32.0110198496092
3.4092015760201284,10.504731399165914,0.8527962956503298,0.6843724786748046,0.7703460026595393,16.763592827884803,2.704558755082609,1.1753133483353884,1.1805876746801973,0.7483814224102401,0.047556310309172935,20.066470042419375,0.1806239231975203,-101.61146635657502
3.437167248676363,10.266112887129779,0.705222553883826,0.6177375162000975,0.7046294894652396,20.407639813223355,3.2666408216082448,1.3869661200667613,1.3883495864365414,0.7916967855523604,0.05398205211114766,23.66236141347818,0.16538745538716043,-90.98446834293867
3.423827721300126,10.585982741989703,0.7860107818331821,0.6828734174320591,0.7303465125335189,27.34308399968173,3.134533995481516,1.3080730233802322,1.3053720090095666,0.7528629562163567,0.3817100130761341,20.79265283663512,0.18432845789292251,-24.58226750076568
3.4269143231753008,10.719618027781433,0.8379981960588796,0.6904940035383453,0.7243065596428357,19.13738994819043,2.7180759387686098,1.370923261788009,1.1535852641499469,0.7035554020377428,0.2625771810133219,16.502956555894457,0.18337226416002742,-54.72279134882487
3.434178969090931,10.653743565350231,0.6662856089245817,0.6250053282475574,0.71116098631389,16.16479523663579,2.8272612200547425,1.1234390790094424,1.2208574630138984,0.740441665686212,0.4610622553223244,23.402805771044036,0.19998285551775571,-5.560646787609272
3.431003429718058,10.432299531781595,0.9674243338056633,0.5842966667440933,0.7641909186188472,19.160002466521284,2.925585271099978,1.1217902650175633,1.2862403024818119,0.7422024511859787,0.24760552599627134,14.14448842745831,0.1596129238060317,-2.4821003180942967
3.411759592141951,10.724865466326069,0.7319863125652447,0.6829934216756663,0.7236214874056427,27.563052820797544,2.9420766106626983,1.2315092339213574,1.3625765944861732,0.7996237786092473,0.47862393416343857,14.381050044508308,0.15053280463937233,-43.40368258615305
3.434297658001714,10.867908068819608,0.9264542136271866,0.6335969260891763,0.7400417410345643,15.822227707070242,2.7038518944070793,1.14028521935687,1.1992740244848408,0.7578541931028371,0.320471016247685,21.38718239043443,0.19473556131155695,-62.05560709422762
3.4189044118380587,10.018171981279002,0.7348103286669577,0.6124571562862879,0.7536567560956279,18.411061637990173,3.1553830945918335,1.1782709603571808,1.1877055686038818,0.7050844735206768,0.17853455890788797,21.240644987767414,0.212572694463743,-121.64271807915031
3.414141162128047,10.145827014824405,0.8221329957780107,0.5691080493605547,0.7632459646545818,16.046532372737925,2.950511313396798,1.3698322658544835,1.1287087778497444,0.7460850194514005,0.37340607205339327,17.749998340397795,0.15947891729986277,-93.43899459510502
3.408204365415867,10.538144138414864,0.9611502550356086,0.6872740278014537,0.7545300186279729,27.097040962526336,3.1641575087908134,1.2215634772204247,1.3560016680044624,0.7691808475646491,0.14786480528373713,20.216713412673748,0.20001368365150168,-35.66568750356775
3.412662076056501,10.839339037159869,0.8319296527945016,0.5592240595401841,0.7045923004456545,21.304741602939696,2.6467938890327027,1.1409444429624687,1.2202700513378175,0.7602898361671783,0.46682057715888764,14.664223416365957,0.2061993561112782,-2.569615760159337
3.406305460402237,10.769734387719826,0.8374941214355741,0.6120787156655977,0.7437092354496678,22.494252294060438,2.650733183257826,1.141813230868232,1.1954523303041587,0.7242883129229624,0.23928704175183652,23.043558755732718,0.151786391371266,-81.05780032022909
3.4019966145381875,10.469551016367577,0.9549723979055318,0.5992543603356241,0.72568292698459,18.482468797692565,2.6789144900379993,1.1982683557019287,1.357371392271549,0.7448691957927185,0.040598610458782325,17.401879340652133,0.19481993813243176,-30.083159346266044
3.404655503069857,10.76901461074977,0.9024507883931558,0.6412591982685035,0.726074739635715,16.03486444112603,3.1124913618523236,1.3049705643793617,1.1556196961382634,0.7071132473265835,0.2524150243887305,19.30056996003951,0.18469920726800232,-91.05749899975213
3.418910292434428,10.226141076001786,0.8175447822407278,0.5664079684677309,0.7761951029784779,28.178525774204346,2.8485975682540863,1.1636556336256947,1.2374509355859185,0.7851505889120292,0.0348191359841392,17.110304592939773,0.1846793374323318,-17.97090422273793
3.4102699011446025,10.029816514556193,0.7472431296208248,0.6497735447235508,0.7353139155453493,18.724388613834627,3.103825079278603,1.2901100096344993,1.2322392515102056,0.7186622855990222,0.28423624781160334,16.548156635957245,0.20747809095515005,-9.355745593625613
3.429200078247002,10.386263155448724,0.8886832800570482,0.6740200945292745,0.7396661453497005,19.292682227608225,2.681190580347214,1.2667656002089591,1.3726588050404835,0.7342577123537856,0.22732864473839462,25.424464016747045,0.20935333558705183,-71.15678780890616
3.4158171983610726,10.510180257851585,0.765281786060253,0.5476404519406544,0.7046547825816515,24.123619156847536,2.903157413206646,1.331274002113065,1.109624618018104,0.7269595774517411,0.3251893900749149,17.864608869582575,0.1808546439078703,-106.26622659744824
3.4133124587488535,10.044901866777337,0.7653485597646885,0.6496882551958482,0.7099199998632528,20.94655753314802,2.8034820490582577,1.3640292131156868,1.1555792987199835,0.7484926144761137,0.44543040555589647,18.788954467779508,0.17804503707125985,-108.08852554808873
3.43031147012546,10.048828649585003,0.6721564867672775,0.6794240094028838,0.7202418495855485,24.595218119656394,3.2486488384241716,1.175739126565928,1.346584474593182,0.764623798952181,0.2499748154925223,19.88015490869698,0.1725707027509867,-76.63515717134709
3.407992118610472,10.778007840087083,0.9602679212515632,0.618640056315217,0.7421737190763945,15.461623538547697,2.9446373137079256,1.2736584705206044,1.1207307888260936,0.7829317357314866,0.4862118523843687,25.897107812675074,0.19454840024854542,-79.29564777311236
3.417755191229082,10.319559724432633,0.7114934642567381,0.6226057626874624,0.7421527033989838,20.88628473353385,2.8370393983041646,1.1599785614140066,1.1964910656064562,0.7590990859739549,0.10489177020732603,21.37903800493313,0.16388070454280904,-104.80595190134389
3.4217543427130632,10.543285754608599,0.6644611361140612,0.6179073769350025,0.7212688282976683,27.706777672651064,2.734278000307694,1.3546484135026144,1.3791564158981662,0.7279182002980136,0.39848960408624157,24.430005023418094,0.21843546316978818,-74.62306011367657
3.4167765610881724,10.29517652701198,0.9330899103752831,0.5899670432989574,0.7630704001978665,15.719858226537701,3.2162208750678936,1.1920768694491595,1.393891753259997,0.7150414451178412,0.48703673359291694,15.766436783155923,0.17275118132918243,-83.50829992866852
3.4325578569334425,10.626583288093439,0.8381423657111031,0.5990397616276734,0.7647939821883821,16.429617399842613,2.6573529667512954,1.272681968891078,1.1932237813668176,0.7912169538571155,0.2659940465527613,17.037016040321426,0.1658533160963045,-119.16022712008366
3.422025554682428,10.591922514681427,1.0081119990611718,0.5434094709320446,0.7367178354360181,24.408747317583362,2.8278445538936783,1.2286207704595242,1.1162575749009933,0.7322057023608171,0.10706233961017037,17.46219617055218,0.1869275114915894,-45.482589030256165
3.4170430816132056,10.415215327598096,1.027290525803425,0.5634699768998036,0.7473670653156921,26.10924725688944,2.9974052929971866,1.2349385120148066,1.3091589565046655,0.7114391730667307,0.1946964240767093,23.05256088544101,0.17372986528323345,-66.92236536477961
3.4398571751291636,10.35881014912391,0.9781636180517126,0.5985390582480118,0.7101064838795577,18.141805758667974,3.1530285891864986,1.3589378145198403,1.2243635670195725,0.7482279726451757,0.3063730110444349,15.505151325384404,0.17489994395594957,-75.15607457139788
3.4123962967742263,10.6655306551614,0.8272040531837033,0.6207206517924192,0.7093456008489083,20.41994401631262,3.0947296339964447,1.285825326111606,1.2587863852361179,0.7222031501169601,0.40264094797633837,20.72393341051306,0.19335715083743954,-33.699731034302346
3.438753956422868,10.837573400803505,0.9471777049027523,0.6489362884574685,0.7258059239863177,19.359263473378846,2.9533508849225734,1.2939086106933395,1.191133608581302,0.7172469726821677,0.10796064970021416,18.987135657228446,0.18023145842301544,-118.70407824726205
3.436506414963031,10.67558476481786,0.7604154988197462,0.568265462988512,0.7504817004062543,22.162942255858564,3.20004052198054,1.128860722658159,1.1718180690183888,0.7401240192813572,0.23131361988400342,25.46998186561487,0.15644634773293553,-98.9627793414733
3.4381201999834605,10.880702793910086,0.9914827082184942,0.5740615939748752,0.7220892832482315,18.86122909489894,3.2265928235223695,1.1679487052096156,1.359371194406242,0.7753483029824687,0.4237895641432376,14.455678731059182,0.17718383289131062,-48.87206020685075
3.4026158666611916,10.116004867729744,0.755465994952981,0.5584399511961711,0.7482137454628454,17.409403062423618,2.6817360507067103,1.249118968080851,1.2059509221527929,0.7032979418772902,0.367509665607733,17.551318322953087,0.16599779529729877,-6.116650596886757
3.4117050426617284,10.720253351173621,0.9086618922991778,0.6700104981721622,0.70012726290393,22.619948972629608,2.8158387712533948,1.3062241645250963,1.1631498759412082,0.7976742641560155,0.3831368269925026,20.17716655600015,0.19162481152114175,-25.16345618303859
3.427635486672528,10.45750706345652,0.9735655243284835,0.6674345146263609,0.7143044437787055,19.301961242733213,2.8525831411111033,1.3224218330685629,1.3177965531113076,0.753750881875644,0.20866625350185655,24.312236121429237,0.19469720735405058,-10.592398063969014
3.4197668061866797,10.125924444710034,0.9942903222800415,0.5977706942574196,0.7618824863942906,16.575795229480597,2.8099029786242413,1.370404287486733,1.3634783894240914,0.7840007755206071,0.07236400204289711,19.975253002041335,0.1758220079664871,-123.68176627422542
3.4046288808726444,10.06648436682529,0.9053429700294415,0.6223811499772065,0.7385706937891718,20.70673632016134,3.255477452958369,1.2178470884235648,1.1032331936586257,0.7434474362894308,0.319872108389198,22.406630871821697,0.17363236185755782,-4.282715493203739
3.41807386171291,10.0847956720119,0.8732422533311514,0.6884903193468148,0.7590788008484591,20.525320090900625,3.09527934746882,1.1585649683304842,1.1645295509678422,0.7726089863641027,0.365635779821823,24.772076414716864,0.19108840806973737,-115.10320107779779
3.427019831021616,10.617928187375824,0.6669509004751457,0.6380243540692805,0.727487241745796,23.48026888530513,3.2363688949690568,1.3914297875730983,1.3958320082327615,0.7216719610882193,0.4305502569716739,17.382180446279936,0.18467032322969595,-58.325339428957506
3.427995759998209,10.418878829392238,1.029960611800891,0.6329824665373517,0.7187728577791747,18.93797808675308,3.268994948998298,1.1545929162564135,1.3965296869015449,0.7198222181925769,0.3050917701329681,19.428048105420633,0.1934536851401236,-7.010563232688455
3.4255083432530573,10.800484419548216,0.6693932210007304,0.5911078104001863,0.7348088717158816,22.486491536902193,3.052828011949211,1.3344290295646049,1.1424520443844566,0.7111569588597355,0.3785019321697227,20.640741460031716,0.15273868824159598,-12.061374312981059
3.438356882707741,10.183183091403603,0.7475845630981535,0.6162528017558454,0.7762026134491617,23.620591759151104,2.9061169161907365,1.2020026728892488,1.2397427790893725,0.7499018455857891,0.45080955649444054,17.827067851937965,0.1728610460746733,-36.10189412870888
3.4261252163096376,10.014677200461922,0.7183437398963266,0.6820985884984676,0.7243322713002791,27.45635413005689,2.989626600394473,1.1453877485814001,1.2120139437949842,0.7314876324915365,0.450880462156014,25.01917262702039,0.1870997716388922,-61.50053378337541
3.4146354923822746,10.33969402426973,0.6559906736514892,0.5726830215510169,0.7108496551575479,16.99560671581028,2.6786792617090454,1.2430695965965215,1.279185611435314,0.7624262651700028,0.2966932182336498,24.47174974197408,0.17505090147605507,-42.649068365635884
3.4357427227748594,10.618852885669211,0.8757775937256527,0.650767366722754,0.7583413603752901,24.728273366872912,3.1765111791389655,1.3477272411336978,1.3843971278661014,0.7214685420517868,0.00720441837627588,20.36333434353334,0.16447436988430728,-34.84814431894135
3.434383966348215,10.392429712968863,0.9416814154277279,0.6191045196915165,0.7035272822752384,24.279087952616443,2.727286789986954,1.126439745694511,1.319785571617161,0.7275718215262081,0.4081258491572031,15.180261940544051,0.16362672935102923,-25.3400400044639
3.437946208328158,10.466842804901562,0.8404283878519612,0.6561704679869638,0.7466065250677252,28.25906209151946,3.1117359041124493,1.379504975772691,1.1750477386197062,0.7137650531103454,0.3141840447051803,19.348952926674535,0.19951822491992158,-113.29467900158662
3.437789479282891,10.639278392888086,0.8722182945023854,0.5750597101222508,0.7446468333495816,16.221053327408576,2.9237442877853788,1.1030972783315869,1.2469525230745573,0.7660442788921437,0.05171003462941866,24.18650403904519,0.19493213165257275,-10.988741855140134
3.421756663541293,10.226174573097518,0.6788592510069478,0.667507615627115,0.7459512022028738,20.307906951332697,2.679572722061084,1.1907251088313926,1.1513850418889289,0.7664513112104293,0.3875065884823821,23.660289154025758,0.19608630128822835,-67.54994781185711
3.4147711065853033,10.50896039255009,0.9296269213348293,0.5734667240102769,0.7161312921934357,19.961930393105956,3.141315889476649,1.3084372642979578,1.2756399099870404,0.7607831124969883,0.42935231105523364,14.20610536966943,0.17885716681408398,-91.4229930467989
3.406443212769371,10.13720552979547,0.6670116801813949,0.6805298856071382,0.7396293972629565,19.94656443794313,2.949066633923127,1.2362334640724952,1.1432661393604973,0.7086812553762599,0.15491246131059133,21.105693988209666,0.20468738572523598,-1.6589129664595106
3.4348957513988854,10.251514008204477,0.8312676759640593,0.664081797689035,0.7795143345652996,27.930015972961556,3.234128258959281,1.2385257958026294,1.1463908697888507,0.774889907750566,0.46890005307280147,17.378713742958123,0.16983433794090327,-37.582846526546945
3.400693433184424,10.417348929133109,0.7004246950517898,0.6920926990086146,0.7469722484849889,28.31350449529364,3.0491273470355673,1.3124322294757953,1.2412955072537544,0.7468435590087855,0.42254198191849096,15.344560062127558,0.21387972870428396,-16.52303007573863
3.428855877100202,10.086079983500575,0.8416914698126045,0.6333331529052453,0.7675691437168324,16.51892328490855,2.7802049699202382,1.2884149885239626,1.2631438008304716,0.7159549524906266,0.3739033047712019,21.79330800540432,0.16744910336495544,-74.37529618673614
3.4125649987561837,10.233123733460532,0.8556474558429453,0.6754105473133074,0.7050890814367148,26.956753717644492,3.229791193300184,1.3988242845718661,1.3110612387357168,0.7601300062155073,0.05780897431997106,19.959955408492927,0.15388325383188894,-107.22939858021988
3.411212573100597,10.449740374348355,0.8076362151532923,0.5855770047641371,0.7617740809455061,23.838049922583576,3.2605586660239334,1.3267198194246326,1.2470189452623637,0.7702729277594195,0.35085836545147364,14.528065566177034,0.2058672144795565,-47.113505086795485
3.4038470823723928,10.331892522948037,0.7912564522249553,0.6456695660651914,0.7571017425157446,21.91891548881016,3.0978804005365994,1.2085122448957255,1.1957563329713696,0.7897208619561511,0.38354008783309645,22.08317727491207,0.20942603427213277,-73.56112306894246
3.43560871698448,10.332574511291245,0.7564732606232987,0.6329351722951027,0.7765454866546527,18.99713478652595,2.6691217965166416,1.3567584769192569,1.1402343743420718,0.7935292540780582,0.03520976038808672,24.360548809174503,0.17080117659412994,-49.131612998949464
3.425962171957387,10.03572527383557,0.9088663628718698,0.5453310151900088,0.7655576583697371,17.491060081182106,2.7643439284301388,1.3078785146449499,1.2843924242593303,0.7809360572961845,0.019425174901334434,22.106125657481286,0.16250105803279796,-66.97487206102232
3.4271463783135205,10.650635343782266,0.7467261363841607,0.6459259290920273,0.712424558471985,15.453175710899096,2.99068470567177,1.1894098942752187,1.327870378134654,0.7804651727102697,0.004901472229033479,22.423644067361977,0.2002203274145285,-110.10269672508326
3.423214709592195,10.600011566607233,0.677140701724751,0.6675410402089306,0.7686593178760863,18.930491763179116,2.9118200576662687,1.1150494704765659,1.3500051643287196,0.7339111672477141,0.1800948054589469,19.901767787730897,0.17117782888164182,-99.90410617183343
3.4382372986040104,10.294477161111315,0.9427262563503007,0.651001119410187,0.7505794241353173,18.061129982428458,2.9950156540363793,1.3734239054373087,1.1627710261348736,0.7875520510939413,0.1746280943264437,18.046016536362597,0.15248991052559968,-123.49075752439694
3.436675570853886,10.044339372378552,0.9647945896027404,0.6504702240177074,0.7212546314111491,21.30965212610549,3.0398732844858314,1.250496154748189,1.2946202520228838,0.7522496129446428,0.018857179515106355,22.860079021065708,0.18066792155319647,-18.4967927411995
3.401833060631373,10.732456961533781,0.6750663179275533,0.6219215855426115,0.7401717538427978,22.988330203436316,2.9850617057365247,1.1198687072920188,1.2948463824046406,0.7296884673370019,0.3870258531942756,16.13588021869101,0.1734229493225201,-51.28287134118678
3.4047519901572385,10.3061066879834,0.9189750110630672,0.5791218458733594,0.739573046891292,16.553023889067035,3.238174231133887,1.142838468113637,1.315749813503555,0.7766159858915487,0.30816286942700977,20.352002554449985,0.20124937797196418,-46.634538981269046
3.41681599795911,10.08097977858572,0.9289998483777279,0.6979693047585745,0.7480438108773295,24.871382578722674,3.1638224861942947,1.1183741216590324,1.133190606597089,0.7329437478416582,0.2609031969367021,18.40600728299209,0.16792108648175585,-45.55080125365883
3.4302654905382326,10.633611298871154,1.0026599266217755,0.644862727633198,0.7546116499036281,26.07934419681708,2.8314132804316188,1.2971306702437626,1.1457783776102601,0.7573865973939501,0.38293572393464714,15.105434001218903,0.15582317656460423,-66.30220618122627
3.407796505840594,10.624953045949598,0.8089766818716093,0.6742603211199,0.7269726946288311,26.22212155071967,2.7776510571859787,1.3386619727971447,1.3080652558351589,0.7069397446765077,0.2737249394884155,17.92995132294976,0.1622973132412601,-107.80721075044488
3.4390079885073996,10.674811533160343,0.8763530092412392,0.5673541644287812,0.7210012107510752,18.843381682203756,2.781647267767168,1.2945640344164864,1.3845719853802902,0.7587632980248326,0.20373116341759248,19.418929784574082,0.17379596611284054,-46.737996844495925
3.4298229926636137,10.239356252502514,0.6663048709654025,0.6732178653552349,0.7449023862755663,17.321102372778803,2.6767107169207605,1.3724722370359537,1.1883011232509575,0.7280218909671233,0.39841843797609583,18.03506992802964,0.1683041244443708,-3.7062636640896187
3.432974284472095,10.01746551060924,0.912505685530199,0.6775960627856722,0.7005977449868094,16.919551183373322,3.2130936999022963,1.3153501540070938,1.257482234874659,0.7139755564779429,0.2441555551864345,18.145335989888835,0.17745569550442272,-79.40119171094729
3.4255795644325993,10.563882972576987,0.6846544921131145,0.631218389575964,0.7059422581102142,16.44612494836963,2.8445128421596646,1.369936696105951,1.2452663589471127,0.7039878500797113,0.13203787867458305,17.90541286980963,0.15077553495872928,-113.6580336178581
3.4264189061834087,10.86614828794028,0.9403592362083911,0.6763671681061842,0.7371588798111666,25.048149314027057,2.9351966438751838,1.3681775782528272,1.2070671338274301,0.7230567089603384,0.1640759061232203,25.40348947266955,0.21579133644824966,-13.05713087036412
3.4017080751753483,10.314440044242081,0.7087819096216426,0.585476435606235,0.7732576832779676,26.715180221406357,2.823104960266633,1.1199482383319825,1.3968515700628448,0.7656503981466128,0.17402981612842208,25.74158915431999,0.15838847173201073,-63.4842267373478
3.438772522274393,10.080697362102317,0.9174865955234299,0.6790540087758794,0.7760666958373132,22.27665118179197,3.170750431524711,1.2396694402356039,1.1139412493927965,0.7794849552907563,0.438682429033454,25.872481995213967,0.1586148179597474,-94.84723841010342
3.4132877310493015,10.658398075093586,0.6617664359651637,0.5779860553631555,0.7141014565450984,17.65236199307315,2.7245632347078996,1.1597826743851072,1.1023402606165376,0.7869001894733539,0.24531059081600745,24.606698522730994,0.21800395459962313,-54.675183330835296
3.4266569169415764,10.733642681327002,0.9165175335118629,0.5493149360005612,0.7528827821468417,17.48717967532437,3.0358415362128666,1.222374155522133,1.1229012587534017,0.7371058514909139,0.03872882452917695,22.66779226046421,0.17909525082976394,-28.26495954865102
3.425904774965644,10.466352044469344,0.9676466880823359,0.6675000063364142,0.7185569307078298,20.521506302734508,2.8109599811809938,1.3550327157726358,1.3956057726225315,0.7738876370178913,0.43594105586895354,20.807022094593677,0.1649366826432,-62.707945640662274
3.4230499749463914,10.418000636363924,1.0200907297077957,0.5564100948043145,0.7293179139738878,22.568093271837302,2.7540674826514975,1.1343753485151993,1.2656493851049562,0.7531077599088056,0.342518402134615,17.876310426866514,0.2071485949916577,-50.966396804468246
3.4284769660241463,10.867062175188558,0.9788907645762446,0.6138860762335313,0.7647879087033687,20.223477035012255,3.2786766163621954,1.1317744752013588,1.2904717141747621,0.7540940419215747,0.4962402535626573,25.922305305435138,0.16098033914740215,-65.75522478869092
3.414430315640444,10.2401074341743,0.8768296915498262,0.6634236133460105,0.7468556019193976,25.70092511932237,3.1343173219715537,1.3172868128276152,1.1527625677803681,0.758389956269256,0.13901386523239573,21.435938033116887,0.1808939301165303,-78.2934303332781
3.4086918326449362,10.591347527743446,0.8306632289646152,0.66526467972727,0.7420729354256363,19.221390131518476,2.754559889752898,1.3167101780453911,1.1391972437778037,0.7588206968519003,0.4735316927118282,21.509589611313004,0.1975622740197824,-35.623348786826995
3.4121814862486457,10.509635757258827,0.7869015227980886,0.6048462662381646,0.7378605608694913,18.28943259103308,2.948857345075826,1.2298203744056337,1.2579400549253823,0.7348346483473687,0.013124518878568968,25.33290056307287,0.1647800676256018,-109.8059277551376
3.427505468921522,10.872701998874573,0.8804330027044769,0.6486091594636664,0.7600504338543715,16.88472488229715,3.14991386549414,1.2121562397693721,1.3575887929568393,0.7284726773563002,0.1811579737456072,17.370810531094477,0.17601980748658372,-115.98892270246985
3.4214421312850836,10.896940843730437,0.6514122214225844,0.6915521309244943,0.768170554091703,24.675021925326305,2.9954126208782146,1.2709475610621945,1.2493079818219281,0.7226858719076538,0.2570572670362445,22.31057856040583,0.15168503003819048,-5.407460363211541
3.411748686487596,10.612160698332573,0.6695491614578407,0.6019671135100546,0.7639987152471475,18.55560236432019,2.855143774121358,1.1171982712984678,1.11481037473402,0.7693944925548567,0.1270572398948889,15.028427382052357,0.1861258735914274,-105.58224782589805
3.4287255915415518,10.487820778711972,0.8165124461714087,0.6988800934742638,0.766525919455798,24.145898488843855,3.0588078946146813,1.3151047797162172,1.2264278428526332,0.7143546984130887,0.474977442681039,17.620267958521964,0.21025728504472596,-39.084009818288266
3.4369926499075856,10.75706651521616,0.6513697325522416,0.6604607395835105,0.7095499081473923,26.80004217019914,2.9523434389216927,1.3946474219994391,1.2181842652992858,0.7546682385236353,0.26865434159543516,17.36195832734326,0.17642167193780564,-93.39051370918534
3.4345433824793354,10.854817538552581,0.9036831819610016,0.5824042634378216,0.7799318872805854,18.659703011533654,2.9183197885308534,1.3857586023098165,1.1862694247421315,0.715312779240826,0.2204976579941632,23.10590094184613,0.16014654945440565,-43.92877711987629
3.424635996073579,10.72243131819488,0.7722906160088507,0.6436924813196077,0.7763513355106598,16.031814150014675,2.8751533701840266,1.2355783580676254,1.285966865928681,0.7396582558934552,0.4772699808709422,21.054064497880894,0.20912438313838913,-117.31776393114501
3.4026473375681134,10.691002489750533,0.8417190172175659,0.6095810980453681,0.7780642077732637,18.39232447692239,3.123556105194784,1.2268275716198134,1.3035784861345552,0.7659644626040206,0.28550903227582186,20.568833823508868,0.17605906317533945,-20.675800097480973
3.433911309489891,10.643497557562014,0.9225226330859508,0.572454880732227,0.7785102921848893,19.56063767526316,3.273870545465371,1.3614821930908445,1.1121910934334063,0.7368612539505084,0.36567531962337424,15.42135495854943,0.1609723800661055,-43.75728356433039
3.417929489327713,10.895125841370602,0.8350329052197374,0.5729811994005599,0.7726310297394006,28.05981651919358,3.275063686824085,1.3182411131251084,1.2558042905749915,0.7896887794740622,0.10323156123441858,16.530189420670606,0.15051462235241525,-89.06258122773814
3.4062539258589295,10.415884046042647,0.761613193232639,0.6158904198846571,0.7509269648611853,23.576920678816702,2.689828209610462,1.270567430963819,1.2699520825502522,0.7027361690007364,0.47618870271973923,15.36294369316371,0.1831582032666797,-66.17116084351748
3.4175739560685914,10.07909309999694,0.9900785138343015,0.5506200196325588,0.7228458517389643,21.186770563919666,3.237617699024645,1.109738251489837,1.3368324370928648,0.7436886593393154,0.22068831298753588,20.27272052752442,0.21329678854964623,-81.42260739939427
3.4190379108543816,10.81632281258213,0.7892418207526024,0.6772801645617217,0.7414986912159852,23.573805250053574,2.8689454627574174,1.385822282124871,1.23715012203201,0.7470604139683106,0.1897875885913452,25.71631883035346,0.18437665309012385,-123.54037842614818
3.4123359530084385,10.660184679027807,0.7033601411489142,0.6033920985054618,0.7325660137167844,20.54266998556411,2.929047846477588,1.2006944258392782,1.2394860699434604,0.7065630511048437,0.21692518308340308,23.469102048120956,0.17099532395976189,-57.45039491307571
3.4186904930947324,10.42386944518894,0.7058293690956128,0.6442425679513835,0.703634890632331,27.354961936329328,2.648137483488959,1.2913273433276693,1.1488947329208319,0.7474998616924522,0.36440364928499863,17.306227881640883,0.19152628742996472,-26.141814373517363
3.4100985001140476,10.58034911554253,0.7398388751794694,0.5561821558176904,0.7520277571632775,26.794804126193753,3.2314356935347086,1.323625829659807,1.3120227819217716,0.7548552215560218,0.39432754223046407,25.699621441063904,0.20873569230820943,-29.583158459007635
3.402638614647659,10.34582913382698,0.8371077106163102,0.6628933073132486,0.744722253364281,25.08858180228304,3.167933962823085,1.1820090041198248,1.3546053500117072,0.7326606445747195,0.08541113563002856,25.375964791248812,0.17248677946769175,-68.78451502701623
3.429099441122631,10.395979596318202,1.0104619449080239,0.6953067426062216,0.7520774310417339,21.113379442366142,2.706395063237473,1.3846693611932297,1.3770616281129575,0.7807073561453634,0.21073447341078727,22.49365657158833,0.21942890791687658,-87.99894349200562
3.405256713746153,10.129181310114223,0.7643863782074327,0.6801362310249099,0.7355865832933025,15.488447245567166,2.9010578028466107,1.213851470920376,1.3836765722894966,0.7734459034244183,0.010710895289957976,16.99824784780718,0.20496849490616997,-41.05288062855362
3.431277673051231,10.40428341976603,0.880686722898328,0.6437704122549955,0.7738465309904581,28.066838183814838,2.755571138891976,1.3745263484755046,1.3064292998102653,0.7848923582619245,0.18724468981541115,16.037076890143815,0.1612121800388971,-23.312481249427023
3.4396534969576114,10.27103841665642,0.6758602286501596,0.5796188706844967,0.7067787280085476,26.279492235141866,2.6750703702223504,1.2564602292806808,1.277637227745654,0.7317165812498936,0.2598146424393295,14.645580403504255,0.18512638884660543,-39.85301192774432
3.4093917657375585,10.660573222359695,0.8605643714134883,0.5712282826689499,0.7119119964561371,17.36418389079836,2.7585148262170307,1.3801702130628732,1.2395446672781976,0.7197657271025362,0.11410648488443309,25.42330288767654,0.17702700254267215,-96.14313352824026
3.431332008972568,10.501895610412143,0.7719363654429284,0.6746748731996284,0.7633465659293467,19.346112739998333,2.7352876685251033,1.226567790717231,1.2206848724417678,0.7138634393698251,0.12262638699894272,22.316366889621413,0.2144629518833962,-111.0039009132978
3.433870864273045,10.628448198079194,0.957879946563347,0.6646562785209847,0.7320916501304867,22.553834861016085,2.698202707219247,1.2800040277955465,1.2643672093308755,0.7758936984397902,0.3193786498692331,15.274494949776336,0.21865858089226875,-87.21047931234595
3.4179964309924062,10.118404716354274,0.8288883526480406,0.6442740725803477,0.7517739125944978,17.060063985934615,2.76680071082339,1.1658615683924756,1.3234442971216545,0.7600511310073156,0.04617651465761506,23.80349513654067,0.1613702191785437,-103.32038559664176
3.4316430344577347,10.264048501137397,1.0077262311526918,0.6732584475306026,0.7526028839853561,24.686411851157548,3.206393394261521,1.1095604236389591,1.2595366406436812,0.7939910779672681,0.26085079061440597,21.64678576098828,0.18090034735686972,-100.05900449969322
3.4074545933992657,10.165502193856494,0.6802220972381613,0.6852784899697467,0.7477825244680685,22.87239170102292,3.0530622105794762,1.2711625146327368,1.2192365996497714,0.7298125309806046,0.46139241075131493,21.578278746355142,0.1675201255281448,-93.04390113606892
3.4183635526379677,10.286931166547674,0.8916634885204376,0.5671525360015981,0.751810283974165,21.795433367695217,3.0850504730301305,1.1290106645947529,1.1744772914119415,0.7070230050526577,0.16404783775516393,22.7025238239774,0.181817872621978,-42.68104008807657
3.4087888449525106,10.11020059403793,0.7323983530419529,0.6880228285412008,0.7684510980532223,21.373430378006525,3.273480066148033,1.2039028034657608,1.1781052981083833,0.7546859228883267,0.1466060522657261,25.155406159175108,0.19305929571852828,-94.13318032289924
3.4042513421956766,10.597191937845677,0.7491960656420255,0.6872257595086455,0.7290305899010705,27.546019166852155,2.7361249782770805,1.2295715309661592,1.112342303321229,0.7878217279649472,0.14796565348203086,16.673330529850936,0.182614795214211,-107.95337336050845
3.417013510010065,10.600768739628379,1.0209718421572653,0.6467898136234187,0.7404755067856206,21.58701914965113,3.117820205558962,1.3476938286212752,1.3790588806914192,0.7978317692997567,0.3631324881270755,21.610383379147514,0.1707455577336004,-87.75158282000564
3.433383971293223,10.734359117095119,0.8875824798692376,0.6173702676644622,0.7600127573007599,20.774004067589004,2.8744132597358414,1.2725593661365497,1.2422821745411017,0.7255290388043786,0.07209485320774382,17.70617983318905,0.20395114057312863,-109.28508431868823
3.407922254210466,10.19981749917128,0.6865239968710356,0.585437673010736,0.732221468702153,23.657070954082187,3.065449671372878,1.2172429374090767,1.1388053542449077,0.7503217304324682,0.26316875751365026,14.071944355695148,0.19708066018313114,-80.15125753783991
3.431341362289165,10.422652330818647,1.0107282644031645,0.5939205511987238,0.7443298577176483,27.12206094900169,3.252098664581507,1.3184585468389018,1.3543270249035975,0.7160710284053853,0.3527285964445297,20.510350803435834,0.18173389745733798,-113.01499592371361
3.4382946217777905,10.567977528961375,0.6640310201506668,0.6088168910201601,0.7366022910835647,27.54035392096094,3.2487629471703054,1.232663645459056,1.2768219418888416,0.7170263662277319,0.19025450544642403,19.903521427874246,0.20140020620720253,-116.18893663786952
3.414553551952614,10.200819659680967,0.8013430518634828,0.6634835310448082,0.7526081522947641,19.237738372886817,3.0414023893202162,1.3147367689898197,1.2893140107999357,0.7484803013359945,0.017206354979712686,21.758407385404105,0.196022953009089,-96.06980983176945
3.415044389405738,10.350845674315577,0.8185920401386826,0.6918510647598249,0.7064616263881225,16.341198799046854,2.8624144753722627,1.360483809036836,1.1106615375174216,0.7785070580918974,0.14782512264203954,16.374614042059342,0.1826458832445343,-87.36690967687251
3.410524021664958,10.001433425854387,1.0042312803221352,0.6072623568590961,0.7117670479542888,22.61186975432567,3.2477821228748334,1.2102107019009283,1.3999734706746003,0.756208198288524,0.13781142311491626,23.581290179233157,0.1505242938353008,-47.399924139460836
3.4179568485217877,10.41193138851862,0.6942055168907337,0.5842647860210461,0.7167803509412686,22.04565974964535,2.6506598698223747,1.2279539962917527,1.1411833199040577,0.7323043962357086,0.4464459040036261,22.497829351354458,0.18877018440935472,-62.21752986811164
3.423452724178019,10.211479537248849,0.9522801472122862,0.6092124046843461,0.728523593107184,20.88052796029356,3.232811732111821,1.2965952146217579,1.3076246229848214,0.7301104248707748,0.2844777334172539,21.25987504518755,0.16029491020560663,-117.24575089329795
3.434837460360022,10.130983690685945,0.6678559092461251,0.6401218649957738,0.7792145088150066,21.927046704958716,2.732761508568773,1.2350540385533821,1.276131020712904,0.7863000075775017,0.46839515410305027,24.639334282239815,0.15696565541485816,-48.311498903917965
3.4060735224071537,10.14940556643515,0.7504803600928528,0.5675396239399764,0.7388289187344909,21.983041464620634,3.062088089053006,1.2269786325765384,1.3114823984753323,0.7275611848944454,0.2330751278623429,18.72990216287791,0.16049271567865553,-118.58284462394403
3.4030790929232957,10.160981181790481,0.7674409692358483,0.5717212716290067,0.7596501226403073,19.14514720091583,3.030412491532223,1.218665116733396,1.2242294002634289,0.7263884536972066,0.43933268441865664,18.356666190383752,0.1614321721227097,-25.476235882781864
3.417818421495689,10.29488003246112,0.6932567324495564,0.6567801111590071,0.7274407503607674,18.030509319853422,2.9466461387123526,1.3334610296530696,1.1400055162217368,0.7709198298805651,0.21455024447649707,19.852820061078887,0.15886754567923228,-115.89091024688368
3.427443173828863,10.426124957916874,0.8503004852224636,0.6073803869610928,0.7636483734624337,17.21908388016981,2.8301117446453494,1.1052636721275049,1.148859926532426,0.7078237195570314,0.21657783646293177,23.628907016751057,0.21679005491298464,-38.823509010170454
3.415115448430252,10.343588283371847,0.9103021695647292,0.682806991875621,0.721126224144739,24.957476999209497,3.129596170603052,1.3479576512588738,1.2808976346973981,0.7681243417622454,0.25722041277197955,19.189115383862212,0.21255558310319475,-96.77294135554168
3.41608551431411,10.155559767775587,0.8780349496909448,0.6648757299480703,0.7352038210517173,23.05653798225275,3.2748672967514834,1.2920582207586893,1.3275570224585111,0.7637812708723749,0.2652124117137233,20.048183302526276,0.18313194031598254,-88.68037281221874
3.4364276545972765,10.832145391601257,0.9067147661203028,0.5858920423716854,0.70636270471732,15.31723815976235,3.215344200727057,1.236005926331265,1.388693709817547,0.7282385665290378,0.30044422499322154,16.482182723137925,0.20958536345407974,-58.09744058443576
3.407624261128818,10.55057937306752,0.8225483100661978,0.6157343066320637,0.7501713878295021,28.148541906492028,2.787279326011083,1.16783657896556,1.399452419987406,0.7711183621279356,0.20909370201245578,23.319968343168508,0.18688329647008275,-109.46382146177156
3.426662830955336,10.078576464190604,1.0098874536698175,0.6242062773778905,0.73255931771009,23.01305592405916,2.6924046543309954,1.2722589263318722,1.2960874570496268,0.7100318489519877,0.04097065862860949,21.080719910138832,0.20299658750420793,-109.09259775360204
3.415154297863629,10.045262274387097,0.7224917902089099,0.6736136040303278,0.7728507532423681,26.438005576024516,2.7147415658343226,1.3927696154846088,1.1434158076754193,0.7682289501802569,0.4500821749906172,20.33588067498758,0.1762400311129699,-97.85853725445673
3.436375525614628,10.864876822215834,0.7424141581985566,0.6804727136306876,0.70700831057181,22.807444124177692,2.9480548048571906,1.1494498742654689,1.2844872479453189,0.7635542811825706,0.18216548030080368,24.363639770687218,0.17404140161095683,-8.069238102244668
3.4391910062767854,10.505678115787571,0.8670940209889012,0.6340951603885594,0.7002586538148134,16.548910281299392,2.8817985812963,1.1838522635479476,1.137877726611023,0.7897668184323827,0.08381459323213448,23.27676421638302,0.2020793119172395,-35.927519510271125
3.434991809345384,10.136462814597689,0.6504418320866091,0.6423970219266076,0.7597935254470669,23.600314902647888,2.9731387116819064,1.1621724703314464,1.3872126843629589,0.782592736082277,0.27409458110865054,21.911286834313813,0.16533877456986673,-115.04267439527824
3.416505426815283,10.77229405840038,0.7177495751007414,0.6316219949990087,0.7161149933234038,25.794119546939584,2.666561295545559,1.2148072063086073,1.1731714961118211,0.7217397188476178,0.04538670346318321,23.559258466330082,0.16920223830894698,-119.90548431540986
3.4232763975483382,10.197794495556508,0.8482237976764242,0.5597284874377906,0.720414918939311,25.516231423734794,2.9134580304130093,1.1787986725347364,1.3238391302322992,0.7484322546110278,0.3432124810728416,14.73094295014242,0.1766778056910217,-44.564330479443996
3.41259300813888,10.89457808359899,0.8942972633923867,0.6208479481604167,0.7368411680728374,24.857925857008006,2.8520873993483673,1.3776452753177808,1.2012767337005745,0.7432496986427488,0.16859283807338882,23.61937277462441,0.2162977117296192,-82.0040273857281
3.4128016959044554,10.126333896686091,1.023989890178082,0.5541336197629483,0.718523398539217,23.05029692281238,2.7273447198704783,1.2494118280768847,1.372078932998533,0.7334884476766713,0.4640488401486001,25.110979463578737,0.21466281987710356,-96.87289738365016
3.4019179338684777,10.219004913922456,0.8390433195402222,0.6518152944592046,0.7746939619563005,16.77369357036729,2.8640705616843762,1.2028537747734156,1.3558695569533228,0.7336176555637198,0.14483470047498856,19.166103457246372,0.20535415243498056,-105.98134132580165
3.4029358914924264,10.417512104963848,0.9262276110548116,0.5816417875182202,0.7001692437391139,21.88462804949969,3.0366263716000685,1.126954877398634,1.1101286171945037,0.7905179485981829,0.25353458867512224,25.177971061524012,0.17033370569862033,-41.40922309445132
3.429936978012175,10.747432532264153,0.8617003762645894,0.5582844389788293,0.7659983644485531,23.553535884237164,3.216098539731694,1.2490474434640113,1.1187318214116468,0.7790683121448319,0.34503304632307175,20.20012209207474,0.17322701343339825,-18.035547044303314
3.413208643854894,10.252835118194426,0.7984911350188587,0.6354303544865959,0.7729255021920233,21.938996479207418,2.7953012013629364,1.2306091095776592,1.1806326225567991,0.7865052250293649,0.16756885836176383,25.488173930298704,0.16320853518676057,-47.320560819597475
3.4253948939742878,10.410724970854382,0.7208547520974782,0.548573809768743,0.721645563103964,27.683974669562524,3.1077112735302963,1.3975484444774273,1.1776331238922209,0.7625437092539744,0.019914565455793242,22.25958831538526,0.17084147357249002,-89.99697070492459
3.407752913712106,10.89381504020393,0.7203190853180841,0.6995087597239489,0.7442866829790388,23.06055457358882,3.043958322641957,1.2083737549398719,1.2994585404784784,0.7739856994317345,0.04896801747028784,14.796878145409213,0.17293206171463865,-61.77266199526649
3.436659359301449,10.667676509234939,0.693294868194982,0.5718197744703312,0.7240052205824985,28.004537755331608,2.8772867622918534,1.339818801711019,1.2590336428096724,0.7034358276030419,0.1170461831263249,24.519919308162187,0.16078612259678965,-119.85180490662657
3.4137716042147663,10.793159073295946,0.9643951877356105,0.5910817395514173,0.7303769895876847,21.971704891265446,3.2164640229884043,1.2703275332900044,1.374817237305507,0.7403407504322955,0.430831386890144,19.85176034112836,0.18932385879242422,-45.62010366383275
3.415211818716491,10.560838369470373,0.6931226623263392,0.6092392762006925,0.7333848494163338,15.573071342807804,2.658245664704717,1.138746487940673,1.197789699404122,0.7490334903720832,0.18062741730537005,22.633049092289674,0.17976771522608678,-68.23008895121737
3.4242268629387924,10.292486627793716,0.7066373216988859,0.6150939908881057,0.7367921951279095,21.193238018691037,2.849423356653939,1.1826116535448519,1.3665416007617857,0.7963962551604058,0.362092236348914,23.65818506643647,0.2052893762339972,-121.17214949545978
3.4087926565935143,10.222190263760071,0.7780476198297893,0.6231562361850221,0.7785260725256469,15.468315275204002,2.9766544174231373,1.17701493248382,1.32852923477453,0.7759303934544024,0.30072283408079237,15.622158183677744,0.19940431729766742,-61.10328805894332
3.405279050974411,10.887838374273839,0.6556940872058105,0.6320014274441256,0.7302588139868292,23.292379112672954,3.184232366157124,1.3244530328077404,1.149845704053847,0.7406682812498191,0.4503399738711131,17.24637424487303,0.21579328829761124,-81.99340528310148
3.4245305669849215,10.429948012707243,0.7967637369411796,0.6291995782412567,0.7064162171893836,24.762129776515778,2.920741551096384,1.368116645389704,1.1722088454484236,0.7925770158937895,0.4504362248706112,24.351218232221775,0.17260149462095842,-62.79800269203036
3.4100549786462158,10.08329556292347,0.6673965662987795,0.6011081340916609,0.7331019230965066,21.078331376891278,3.0447463069418697,1.394151088199966,1.3265277917569582,0.7556309404120408,0.29255881539809675,16.584181549728992,0.1721763184551728,-81.62536125839854
3.405682624678226,10.149528889720093,0.8935268524093215,0.6090334566487543,0.7437817068745539,16.6398023697565,2.655883133263536,1.3448240706081354,1.3424639054621752,0.7764419024488652,0.2135893432379811,19.660038115450675,0.18951084657303915,-10.29709963620627
3.421244683567796,10.07964511672877,1.005610133971702,0.6076296473028301,0.7644196570309023,21.12055144424998,2.7685444937285557,1.1473372805796516,1.3829974542978287,0.7022700179910093,0.4281174458854242,22.515533064817234,0.19835029996611175,-112.07772857535748
3.4127024205284444,10.889054820148184,0.889787856808782,0.6394284464966409,0.7191059043861378,16.27664343115839,2.743756278575193,1.1283854494021932,1.278750287886464,0.7060861758990515,0.42846247240028096,17.189491142876022,0.1550504243492945,-61.01013001666226
3.4201045780121255,10.336890444959144,0.8614654320427142,0.5996292933446008,0.7376666155026483,26.829109120088116,3.044113930582934,1.2494812064908982,1.291973500592019,0.7733775310295699,0.3189951348078777,22.95118006449478,0.16263862163677612,-56.13580670387395
3.4161751510754024,10.370519265880901,0.6918570323079906,0.648285728046837,0.7244053238442373,27.728904748927597,2.7268948281402072,1.1210173253430666,1.2653656833882174,0.7298399615682971,0.0284344613678878,25.172655604544207,0.20558145717948767,-53.67189217032849
3.4373359408592026,10.853488317167487,0.7386833945155067,0.6551400119448789,0.7345950658508396,26.796848763710592,3.13047004046911,1.3224177492008735,1.1531748637610828,0.760207452271611,0.08214828544920223,19.933799822073023,0.20303458493525878,-114.86386105932637
3.418526673410079,10.352620774920856,0.8790664025045036,0.6362166014305614,0.7254537060404587,16.304856736839927,2.831701322193957,1.2020922721564946,1.2785909386868322,0.7832717838102399,0.29385074798037564,24.40399359961176,0.16127741295240683,-103.82248704611142
3.4082634120358892,10.69682867688817,0.9815213463757944,0.6229638649262113,0.7576124375912322,17.455828978191636,3.2206728861691323,1.3382192345515451,1.3869575871189503,0.7872385880154966,0.36801073362431275,21.117445314798466,0.16174848332724756,-23.695323126414678
3.4176651813196033,10.482154383367403,0.9510545579653267,0.5615958886829907,0.7517781633762662,25.308596912570664,2.9046360144393897,1.364697294984918,1.217748131178488,0.7796738779078288,0.2147196322562348,22.27879040165669,0.20861019751117607,-66.66073653749163
3.4349040212603468,10.307544238573044,0.7278433945667511,0.6702286747382449,0.7532470974572657,23.119864360849498,3.26225766255655,1.179369442813987,1.2962805097392018,0.7406912754661048,0.35096508434967066,20.67792531894078,0.17971210667346957,-83.52623048719617
3.4257976750787447,10.152574247020713,1.0125909791297358,0.5847991361311,0.7052512414630848,16.64276064700779,2.7760704701382575,1.272491389358283,1.204186642034601,0.7881205063645098,0.13894510626286957,20.1626648100884,0.19459269873095034,-52.742279706300806
3.4016133475576904,10.11934095549931,0.9497883825874858,0.6745490043975941,0.7533235176461492,15.561057740292243,2.6758741329872153,1.1483151479924352,1.1947813191716457,0.7273060914877464,0.0408885826121544,21.030831143521155,0.21295649918069903,-39.87300305540525
3.412353180855769,10.813628307011994,0.7936357266434821,0.6616603616406214,0.7353901649578996,17.271801144249096,3.2759351645762758,1.2021238507654912,1.3981162587535092,0.7800560719046591,0.4411400812437579,16.79992290600178,0.20666463746717267,-116.62663105568218
3.413829085228247,10.746145796522713,0.839461558005305,0.5848800464954615,0.7559087739823483,24.9361963837109,2.9602751826706992,1.3795859308553,1.2008076136841863,0.7040852519843255,0.47136365641529104,17.855719020764283,0.15299055414103976,-84.82804795942914
3.401365311478243,10.884554576574754,0.6611936103516373,0.6569992320638226,0.7524789258917451,26.613665519535477,2.739361882496848,1.2926074270586065,1.1789573878205082,0.7477539626855507,0.49841366478976723,25.32659177803146,0.2158522640524494,-98.06174519754704
3.410323000743518,10.516559736262405,0.7826835803057709,0.555759873895567,0.7630568470514528,26.886427247961063,2.9794407267141123,1.228276603763816,1.1374470372747716,0.7036598579585109,0.003895456018821481,20.040058697874997,0.18014816327252,-88.5240737277504
3.4391240699546435,10.18715338365546,0.9277919912501091,0.6452436659121772,0.727085241666193,25.434074498665908,3.0135380654823947,1.2103995895790067,1.2836471074702784,0.7349497578980988,0.4599788857473273,19.431042046987077,0.19892271178403886,-28.85664636784709
3.401184700102831,10.893115225927975,0.7516868511130945,0.5820487568653033,0.7781304372202654,16.759410611246746,2.9424998854883095,1.3865520139817384,1.286336353371377,0.7626380900681642,0.25365790242537767,23.428634174226758,0.1793596017279819,-60.15614063288956
3.422719069048412,10.699548643748212,0.7698102468699373,0.6035914518726839,0.7469865871596746,21.55732021972799,3.1876583899530577,1.1121280823440414,1.3217426545627726,0.7657402356247192,0.1284289993367216,20.34257210859499,0.20495812980572323,-56.917001503488464
3.436005309826299,10.005704002843116,0.9480303178798309,0.6557642097820519,0.7649170171135213,25.466964061068893,3.1159910617977293,1.2358109978105052,1.153614528750061,0.7931694163402154,0.4769684009872906,16.475432864901133,0.15196665165931703,-58.50211763373444
3.408454669304421,10.592876504905401,0.769896094908736,0.570124541825525,0.7259082711789897,27.149696191792373,3.092496730358365,1.1110653718437167,1.388467103663624,0.723165810400468,0.40645154562268665,16.318410093303036,0.20557947531525883,-115.56917599190012
3.4328315510359606,10.679395723482541,0.7470859451238967,0.6891154974265314,0.7730583482158837,26.75835877387935,3.211734020820108,1.3194541285249788,1.3823338032757,0.7020554855828235,0.2763250203985387,20.209029536430975,0.1576596109481231,-94.49947752671982
3.429715573117226,10.786141842335368,0.7134277509449914,0.6733337514238172,0.7153612829309913,27.137020643629995,3.0928800218316965,1.1695879481206903,1.3755793840530168,0.7918838056028069,0.07196725591613747,18.569064372309825,0.19677197038304037,-5.6313869259175675
3.439885800901255,10.23230719369334,0.8959812325294321,0.5647437228496166,0.7512871006568401,19.179301086092675,3.1109990927210442,1.1356716980277557,1.190075325813121,0.763218280132041,0.4034874823032726,23.45589320456179,0.1739076699133155,-114.95278759526488
3.4024830260351218,10.404724343543542,0.760849646006385,0.6668215328147319,0.7374430643352985,17.560429516026904,2.7523292545526576,1.146659608125161,1.374652396264013,0.7014976739367813,0.3615789237816552,25.417607234388527,0.18133469690520793,-31.44183285649332
3.401647420474335,10.065542285281374,0.9336902530527955,0.6317528497269509,0.7309971074823484,24.808749702845414,2.92953613088698,1.312044978058343,1.3256290959745745,0.7611254429453639,0.01590283075388368,14.19229268964964,0.17583948506315686,-89.36146119341645
3.437083878530704,10.322577030792111,0.8271501228395791,0.5762795140512533,0.7074718265563175,17.761297554566678,2.844005522795282,1.2394683490929053,1.3280959880043597,0.7409350313762102,0.08791015098045196,19.441381021087338,0.16301121155609175,-13.385105814583582
3.4171778862203186,10.680776819077288,0.9578564217494234,0.640003137092167,0.7270314115810265,18.19718679828751,2.672149217049751,1.1188972738703762,1.2675698510638531,0.7838129322887651,0.1396951669772412,22.614150156568545,0.17802807322694672,-104.51335797432931
3.435122089877462,10.724652558101946,0.7674096322439935,0.6801247400078257,0.745039360786802,17.039411451100673,2.718344983143134,1.240153212715842,1.302047167854606,0.7345837145015843,0.4076794403144207,23.699960920691172,0.154607823946463,-72.71512481623031
3.405062860446704,10.313934406207212,0.7190092876562325,0.5732556530310304,0.7233933095130011,23.588002289329527,2.9687021512180323,1.3807592118367782,1.3277491247107374,0.7929068095422839,0.14966421770204208,19.466775662069598,0.2142548285395106,-2.011936472424452
3.426543125155214,10.833443011475437,0.9941653690813661,0.6657525486206819,0.7050209473633267,18.132982789174225,3.2025616859991386,1.1539226974904848,1.1360561325044718,0.7961154420583832,0.2457067864498998,24.222867778281717,0.2136551795146152,-76.02005977897554
3.4391922468122575,10.26801725571773,0.6653279445423,0.5484464937396126,0.7251219509563129,18.071034710088085,2.890227397617438,1.2923045510285456,1.1848428179830233,0.793189250226986,0.34467681636371544,15.718301501485792,0.18909608075869166,-7.919274159760263
3.4130481230074103,10.075003288547876,0.9179358898297847,0.6507855014070497,0.7253960277811841,23.40467264249422,3.2743622224266953,1.3157553431692455,1.266647855398319,0.7747492922145917,0.4054983912798814,22.401415135675954,0.15784271329968494,-32.94214165686412
3.4105998680647556,10.13939937711421,0.7748121375950284,0.6342718473227559,0.7183151488223982,18.20743605545175,3.001823013716032,1.1261242130890061,1.2450721703622687,0.7781300138668316,0.09916175962111383,15.586552985635798,0.1768997213600985,-29.795540666002125
3.4293795506113605,10.332951881946398,0.9993105338321091,0.5968788831203561,0.7303257685411146,23.15288051522365,3.065277655612569,1.149093990961355,1.1504393370903903,0.722119068213644,0.4634657613573023,21.765521703458862,0.1689703683881883,-76.15930704541572
3.4382996035188604,10.32058770064505,0.7373674908244539,0.6833483111528681,0.720151283479119,19.517423482602272,2.7852913706640634,1.172614614143867,1.3510623752027422,0.719420461244348,0.22535234440869228,20.781308177853454,0.172777618694383,-80.27741707965004
3.424505137225574,10.789846657951388,0.7646141412663936,0.6279033977843395,0.7313261652615999,19.739565782526515,2.940476601725385,1.1265119818297527,1.1412548948135433,0.7937893867343624,0.12148666729397176,22.609244229656035,0.20239655323177688,-25.965668268076513
3.4171442091575357,10.103031224364047,0.8965297092814732,0.6734283754262466,0.7217434648740121,26.632352032189523,2.9819869646234185,1.1633829040992199,1.290135069514317,0.7942842225728848,0.1305211590250629,19.62302475399193,0.20773526762498534,-70.89758397891357
3.439926409889201,10.306673855132631,0.8420788257665135,0.5824322276725641,0.7754362766030237,25.349959815936593,2.867246093788388,1.3540085643851705,1.3981871620008808,0.7344622415175033,0.27049181522002314,24.115563055255386,0.19012885059697215,-48.33847169375184
3.406086257860096,10.146898275128372,0.7409522556535441,0.5486659792716785,0.7041926126983941,27.846213576543775,3.2698987682633005,1.3788281173698476,1.2050831903431718,0.7017515064828315,0.08413963326982786,20.40716870198328,0.18438475604339627,-62.15879406106355
3.410025568009351,10.531435706040858,0.656702189488092,0.6170286629593463,0.7363919361427983,19.5895805155137,3.207930980789036,1.1660242132095182,1.2901508859342774,0.7683051221680552,0.04795778583630639,18.17332860653884,0.1990171633228637,-48.67322385399201
3.409880589935975,10.492247236474917,0.8900738299645241,0.650447699538763,0.7064248100332937,19.227937776278267,3.076671358992541,1.3511293097268053,1.232442454370277,0.7469495959699076,0.4819545320579687,25.188266583437922,0.17527646176988598,-92.09705376536883
3.4296104771035463,10.02272485821839,0.9056901926217309,0.6639362673244035,0.7655184747093902,23.612506667771186,2.779589536197107,1.1638782603112974,1.3867670783929182,0.7119173877693953,0.33284384350959884,20.183148687436578,0.18291387284016727,-123.46429037728426
3.4346360984118673,10.621751565818839,0.9787855045748016,0.6958276012865847,0.7247347313612595,18.84048936845997,2.982368482971064,1.2598762970415427,1.3698533644589905,0.7818706874670717,0.3478339406477587,23.361694561794298,0.20547796623536863,-70.59003176917248
3.426055525756384,10.137634762927611,0.7668766998968374,0.6354794357397702,0.7400828770861466,25.377443959561035,3.108718311451192,1.1511422178194073,1.3869203304990814,0.7354158429481419,0.3619792524278627,20.334306282294243,0.17455377287273405,-51.60905261460469
3.4261293915248268,10.478373150329114,0.9506484880729174,0.6942554823860595,0.7064329715100585,23.521544719297765,2.894923389000993,1.3312156900285057,1.1940879462993896,0.7418790626850115,0.15724926154482635,15.913201822783725,0.1533842936519231,-69.52686516175825
3.420762240731875,10.119659631892373,1.0169127392357769,0.5720764467340006,0.703146832918088,25.610743316866944,3.2463634458736594,1.2534035298467945,1.1626956688772656,0.7638040843873407,0.31453396356639407,18.980587853114095,0.21042762004906818,-12.968013858249321
3.437659059740528,10.858258286385498,0.7680719837083663,0.5719680141287486,0.7723698088691893,16.95495135726397,2.729486113404964,1.1532862504389025,1.3723158800428752,0.7808582927394487,0.11634144023418762,14.964183089187998,0.1965991669759372,-70.66290714050642
3.4137768731434153,10.34575488338062,0.6669152243838453,0.6633086846082885,0.7779077151480043,16.581451877704183,2.8279992155278655,1.255758528236774,1.2649564227550878,0.7630222566789322,0.21830310446055223,24.770634283709533,0.1518848067059102,-32.54364798248213
3.4019447195563477,10.519580154043048,0.8218820979882077,0.6559414164139736,0.7176682081053937,25.63270535075324,2.722275609032394,1.1403065288468754,1.2666533726618812,0.7896045734313856,0.09005913673890892,22.961821329801346,0.15913573272518833,-58.41046986719978
3.423489411226877,10.029669073381287,0.712508103095635,0.6390340335714048,0.7754842907004631,19.098684291771704,2.6858523898820406,1.3026653617605153,1.1680567577002057,0.7679549418300674,0.13860010280644047,24.70856157578232,0.18128605244308874,-105.28061365198718
3.417917900301825,10.434967103649123,0.8989893577945314,0.6985371965217463,0.7506676462851686,26.335080444185188,3.04300498698065,1.2000235058659374,1.1431223370850283,0.731840283640018,0.3569742497142616,22.590072188033577,0.1882974111164577,-39.349337851733196
3.410559111348748,10.270806608312292,0.8268261110232065,0.5679627515171082,0.7628132427778428,25.53367877024516,3.183407855718733,1.19908714887489,1.376040261752407,0.7062040648300189,0.07223257525846984,19.57040419795594,0.15250116063656133,-60.59459006239881
3.425773544631331,10.804321538056895,0.7312842779982612,0.6581132345943823,0.7167535855280377,18.153511694649836,3.196680863017475,1.3165610429199806,1.1186074038365237,0.7710473040365587,0.13064042195471953,18.089970661810785,0.18408811437578512,-20.966876651918767
3.4149173236904926,10.744676766699131,0.7982931205948965,0.6561591321204701,0.7587729716056273,23.178436002771722,2.744363794360384,1.3718213656154439,1.3613711925713161,0.7839899578674392,0.35598671823102035,16.038170500725535,0.16354870968596102,-51.35712365553428
3.4117799582118593,10.396978471712927,0.8665130201979689,0.5985659765490893,0.7362956137758035,26.061602191691104,3.052759260652121,1.1706540771063458,1.1013963291178959,0.7940903719299619,0.06551828938708869,15.42939348469643,0.16233672176907044,-36.95456119409782
3.437483461374337,10.884409813736333,0.7864224123105249,0.5740283366248602,0.7308459273667635,26.09097068514324,2.7052771614586453,1.3824283387556315,1.1026941403987431,0.7676469542871077,0.43414792836763944,14.835270948798458,0.15198978344518418,-112.73710655992986
3.43641086244367,10.643406945890973,0.9432118544852182,0.6409806934918039,0.7689404709599098,23.58948091736426,3.0756415374722517,1.2044553781545457,1.3216628972533335,0.7275467960788645,0.14455334277937718,24.24043482140365,0.15814887984647105,-31.91578651875828
3.421066687886234,10.55202986665919,0.8726038350086868,0.6536842572908349,0.7678616925167354,23.377027445064787,2.7026903468467465,1.2471901470696716,1.2159013814449748,0.759725331904899,0.3166377200847297,16.928631161395753,0.1906387553612235,-1.9863417726532475
3.42745798729039,10.389422116215698,0.900326936557199,0.6009551848418385,0.7309141895471583,26.514605529166754,3.1839827380092682,1.3911612222658116,1.3052858009345771,0.7933244846362157,0.36359244264323015,20.226157279056146,0.21594441505488676,-27.825427572528767
3.4198708387333157,10.456722824471703,0.8528546921917038,0.6278632170003411,0.7273421828931088,23.880540915817107,3.057735198295298,1.222021437358237,1.2446097488921208,0.7845336291123487,0.4696560472274708,23.543046395124193,0.1502295988794366,-120.45286586737271
3.40043789958245,10.119455054653175,0.9324862036696602,0.6308237160488316,0.7431138375753201,22.4883805431585,3.063236580808903,1.1294284583365375,1.2541480626648418,0.7806436414321638,0.04323102985871724,23.028789811314077,0.1656044269145862,-23.102474289416733
3.406180784324687,10.431923834364243,0.9024947982425033,0.6065171988079919,0.7295990847272833,15.953566965808868,3.183248654948169,1.2559350390727597,1.2673343342300094,0.7451508668645577,0.3179755050109607,18.923069282884853,0.1925128576256957,-94.57658790311004
3.417467004076155,10.1868920155553,0.7166817998596025,0.6840470094054223,0.7347849613889812,28.10055998277209,2.8981052355915446,1.3521644884829849,1.320919656394829,0.7316494219169011,0.11428300658506206,16.04131435114737,0.16828855524052638,-74.31603351719804
3.4307261972967753,10.028081105218858,1.0023046268279878,0.565020738141378,0.7778067456235568,21.96414973207351,3.1977787268274387,1.23297801776493,1.2974658647602486,0.7834841047564047,0.3973567219293836,18.071681689637153,0.17921037764395858,-116.66555383155878
3.429249961872766,10.799373063825424,0.7726541934420479,0.5743627856507525,0.7243563220815856,17.593384359186793,3.206561458087291,1.2647826797749957,1.2253656503745969,0.7833928493915698,0.3377596845074375,17.83992135523563,0.17476200678632517,-101.47164267284737
3.420182630663117,10.159885681059459,0.9648801275784162,0.6297145787196589,0.7586554778029932,24.539116510184368,2.8487812732625217,1.3131178865921789,1.2685138219231638,0.7060949229077602,0.1527267952102636,23.800913393843004,0.1902583561827657,-18.29834735812142
3.4346815636762056,10.037011461517675,1.0150355862903986,0.6893461233152942,0.7311547823296214,24.321629716078572,2.6655592751606,1.2349419649498796,1.319318859327047,0.7818112969312099,0.4752108724931596,23.090746225814144,0.21437023361231222,-122.50559943856949
3.424668184193963,10.006749055744349,0.8199055820105372,0.5700911040809038,0.7256364425867944,15.91958919813854,2.830966621080471,1.210110517611425,1.3607583441174649,0.7844558022940838,0.06043211290697174,21.31970069643375,0.21561959458574864,-115.58314591704989
3.4067244111124766,10.79568180405138,0.7617461622121543,0.6822935271179125,0.7100218937761125,25.009580078722646,2.677984017532903,1.1380371848259156,1.3313388375835356,0.7482527742433305,0.11871036153543507,22.366726895091958,0.16519251113169123,-5.1505490897759785
3.4244184136685365,10.419397413572826,1.0077563415700603,0.5705989162172436,0.7304685783784657,24.173934012334996,2.68099450850364,1.1171689629400827,1.1284158100468318,0.7147594495990663,0.21303073742612183,23.976153475017483,0.15466353268910032,-62.53136710330297
3.4072070843744355,10.01114846751429,0.9548477593442417,0.6578467823672676,0.7108377398165431,23.263549621245307,2.8919957879837837,1.2582432662024772,1.2490533297133326,0.779292612600526,0.21583633132097355,18.865848581269017,0.16070115136954666,-91.98226346584426
3.40992308297917,10.867718753595902,0.8018722113958168,0.6192281759795393,0.7483457174742927,17.197389305009136,3.161918845678473,1.2135538947745372,1.1046653497365848,0.7873713132236863,0.28709153853799535,16.33070444934481,0.19896562549908384,-69.67333624613028
3.402098082659128,10.111280979738268,0.6531860365739356,0.553771296612292,0.7156072560567491,18.658702852876427,3.2238282012863135,1.3016339615885286,1.193032766165419,0.7714964007944429,0.390297290467095,23.650745684901246,0.1860692286073865,-34.48899927897314
3.4126112698994797,10.82148035090042,0.7908157342074217,0.6776254496107335,0.7382150360046129,25.648460957736873,2.9973644750921613,1.253580934803773,1.268258646452726,0.7196678842562101,0.03616255990609858,14.463938159528924,0.19763282729477608,-56.911425337318676
3.438071820635028,10.570217997806939,0.971091570392771,0.5735536629472817,0.7778435073408775,20.837364562450666,2.6909678115749474,1.3922219292484417,1.1092688394259316,0.7127887997313509,0.11045196856144295,25.617977652806008,0.18238488227396793,-93.17069909145364
3.427740413550833,10.64699292791291,0.8850872414111568,0.5682168073040222,0.7631291944517555,23.3879097534996,2.8795755945831756,1.230659323212088,1.2307780316671935,0.7080440481213949,0.35283506591419206,16.41193695445144,0.1782385231488018,-4.683005325201918
3.4084703554754046,10.527498895570314,0.8917771546315365,0.5596320076960214,0.7679990010143303,21.414518928135916,2.666999738506548,1.3395061896713945,1.140341874770693,0.7232689402136444,0.4291450521897422,18.09536730285101,0.20462165438122587,-62.734149878533394
3.409888996033326,10.40012333759524,0.833697869239293,0.5483332061516598,0.7627773653364259,25.81612572044818,3.1322646160487273,1.3214119070006076,1.1033566554187473,0.7491999793746789,0.3851333969843539,19.45107249171877,0.15773006233833362,-76.22920058065382
3.429729679918507,10.002841378001273,0.6764262049998768,0.6823749894568175,0.7185140488588502,16.284607683673052,3.0222978339799225,1.23140020842281,1.2184540735966567,0.7546421488601054,0.4751619409178759,22.987933773098575,0.1850559698063078,-68.34992938619635
3.4358363647931793,10.4861238864628,0.9833401813126386,0.6710310886833759,0.7272084531869887,26.828114647969393,3.059563938914263,1.2877730455577154,1.194563141304499,0.726946987100994,0.23459997060602983,14.061865672932946,0.1975317912602875,-13.722073754266816
3.431231987270837,10.572959572769365,0.8003394709403763,0.5614426028074636,0.7547548835971869,16.056911913551794,3.1000847673094087,1.3510579755348089,1.3400087449524802,0.775184656624224,0.10849853867994198,16.366491443711404,0.15364443550710927,-105.56795393748985
3.439412219103454,10.091075023112051,0.9066803476530884,0.6343565073908386,0.7646614445623902,19.9107618892635,3.2737089997026665,1.3063157032720065,1.2312303429788456,0.7006159528318473,0.26032303272099316,18.222669625198467,0.15095676902423494,-58.43580502784434
3.4003667375926385,10.371858254915717,0.9462236948528198,0.5893784136192403,0.7442607622882063,21.24484936058934,3.145817793837039,1.1700405221568362,1.3910697191870682,0.7950981509561368,0.21116959848775127,23.41483034388278,0.2104663368676627,-49.586392418950766
3.401263695654339,10.815908655308268,0.9350017999846795,0.6958659248784786,0.7160763560881457,21.44820969899759,3.1071922897136797,1.1008010523135414,1.3660971435638547,0.7584534581117225,0.06427171506529433,18.365401109695313,0.21855931063992665,-97.97067392031536
3.4032039126161475,10.564517826080591,0.8161821661199931,0.6505190052718883,0.7189825850049958,25.435415970192366,3.17503768102753,1.283335414441578,1.1128699111799274,0.7050908951555108,0.1661553277968922,15.760543432027392,0.16970433143883004,-112.34459242411242
3.4304728138690628,10.883174688223265,0.7311669414421824,0.6738087121517404,0.700043083325061,19.807750944766937,3.2262271457404967,1.1537216208839667,1.367239272831929,0.7417961955810698,0.40277782034601023,19.225207205045578,0.18312395115509597,-14.576558893192072
3.4134676760642444,10.297553272092365,0.9156405383619939,0.5567613350703179,0.7090027311962183,27.403852917217115,2.948574463457148,1.3512260002505245,1.32309466982862,0.7598860310467034,0.3886580573641828,22.773785127623153,0.19517653226993836,-103.28050223945216
3.424333473542016,10.378596946120838,0.8624028431293744,0.6778192971172026,0.7511001163772211,26.739480010571672,2.914338865494165,1.2484236173760508,1.1194337482356789,0.7250538971052287,0.26652006778441795,14.563955032429906,0.17493800574135296,-64.29960378639333
3.4198745312761782,10.713035699673235,0.6631399654416226,0.5680054560995667,0.7541583079656178,23.359868029488496,2.9224745611375043,1.3651585430817068,1.274670608550054,0.7775207392319252,0.158994398502448,14.716668370552322,0.19502808159833226,-92.20030053243325
3.405969365482475,10.179528617207302,0.868463620844873,0.579692167892511,0.759997675457284,17.330118964824713,3.1207005534363734,1.3990928597320966,1.16638416508326,0.7842666770832832,0.0007604155281391615,17.549331424626363,0.19261110103865361,-48.749916619875066
3.4338996331270737,10.309975795209267,0.9978641063723168,0.5842461485131294,0.7108740814653169,18.047053955416178,2.6642115617028486,1.3486725427047541,1.2283141784950378,0.7101439717085006,0.14152202373334252,17.907845302896188,0.18769924024381313,-11.057875999125415
3.4240886101877575,10.363250112395576,0.90154250701178,0.5726987967026709,0.7478387838918682,19.64714052490121,3.2448245879155535,1.206085498816857,1.386860685897798,0.7570615187820735,0.32415823868217597,25.163385887250147,0.16758896321177735,-62.54842558089548
3.4168656891226985,10.278844307146164,0.731041771646069,0.6285242387656601,0.7695253164452036,16.460951014541568,3.2030007065994477,1.3865299912140139,1.2642058349872587,0.7721902362258651,0.00012862603486998606,15.820951545931683,0.20348066856142655,-34.96958149174834
3.4311094003299183,10.737535360321338,0.662501642477999,0.6281917063723155,0.7265853809805563,27.51026152980382,2.9582525057809153,1.1089221625914731,1.1613128158210468,0.7299992948516331,0.4847869965928713,25.852370809540574,0.20064447949105124,-93.53615068312364
3.4119544481517186,10.815946151323187,0.8723285817476016,0.6422944961036368,0.7692008183252322,27.39536339481915,3.254704258780778,1.1538680719558019,1.2822141938035032,0.7650097472939318,0.4962808783560812,24.514704328531305,0.1861850142059441,-0.21814615854749775
3.434133694805911,10.130742280447212,0.8150115026180107,0.5751106479377954,0.7314220168388362,21.70604656359279,3.1419269345897924,1.3317463197109058,1.1557269555025707,0.7761769525657155,0.4215344355327802,21.79509572622849,0.1863332459813697,-14.015345069569534
3.429531631082743,10.793219005383408,0.917754811861827,0.6966813788145592,0.7244552264027907,28.286324798701994,3.152574832913814,1.1781069516524547,1.142527772504433,0.7569909521026894,0.3402469365616402,24.832105635434665,0.19740950122414913,-36.65032295245756
3.413638860534976,10.760185904495764,0.7769158240465084,0.6053725973910106,0.756788354450085,27.954368706167518,3.0233456384767736,1.3406969246164389,1.3818654864210487,0.7425349660351276,0.27658368913169923,19.217227802478085,0.163607835453556,-68.4765802983241
3.407407744677987,10.286348956609395,0.8442289774213754,0.5961324712600711,0.7684007303948479,16.495504579699865,2.9572867036259787,1.1790475043919941,1.1085045265293856,0.7080719497867191,0.1689239221961273,22.603465038295965,0.1589907616327007,-75.88762344493435
3.4109218625036943,10.893583792866542,1.0261763050647565,0.6833981772896197,0.700575717902873,17.477861940984805,2.7380986441545585,1.2943483711755488,1.1056131559183824,0.715541786527947,0.46954635824824276,22.886972495448582,0.18376358431306855,-37.37668990494214
3.429520894195292,10.186467180338699,0.983049161724977,0.6669470242341853,0.7416509514667323,20.01311633058167,2.9364416152083503,1.2345263816165135,1.1349731812769754,0.7857095467838416,0.4886069796441506,24.599111766541597,0.17191544650044688,-7.899429065095475
3.4393640012388427,10.028235360058028,0.8315073981121878,0.6232346509335891,0.7226764117339527,21.808854170162306,2.910563919752263,1.2388097305356232,1.2942017658476401,0.7820731570369056,0.2647267520690952,18.970670265003427,0.20933912349492004,-41.371092743796964
3.4084562875422515,10.553355618589169,0.9068269739167807,0.6548926159025548,0.7446661114217932,28.323222781348026,2.9812461635898835,1.283653214967711,1.2512740702230314,0.755847049682281,0.22643165717595784,18.46731948576646,0.1830927108746196,-122.88828912196624
3.418329819057097,10.178581530090021,1.001026618062379,0.6879440260205041,0.7652180446063104,27.719162102799636,3.0054270537676073,1.1230019610851731,1.3423987274296878,0.7944527990712165,0.10204815916984576,19.193676767245925,0.1877606398623154,-37.88017208971206
3.4118650736561507,10.135106463435548,0.7490633136701086,0.6818334597102311,0.7461724909187794,23.27732541447932,2.9012092011791304,1.3925503695193084,1.3096961370773463,0.7917536519860793,0.031029529908409268,15.863624735148086,0.21409144378285053,-65.50944666104519
3.439348343715969,10.84399043380392,0.7437724253871363,0.6614127683524678,0.707236847721853,26.999213493125552,2.672897193515913,1.1805647255134943,1.3331028741886608,0.792349591512493,0.3691591621465362,20.34157116335949,0.16690012652229957,-4.81831573168202
3.4233404054609564,10.467384665027552,1.0291957637506242,0.688775940390419,0.7310062019677456,22.738751323513583,2.776167333578129,1.2042568400465823,1.2973175253191882,0.7125964995296831,0.00822379645138329,23.175877213436564,0.15809657428972443,-5.085115860010546
3.4028055472072927,10.865232585018637,0.7054847356941079,0.5935656918088789,0.75338901488552,24.08439799543086,3.0542816795004195,1.343314828097335,1.3632545852974682,0.7555576314113305,0.278941156900726,23.514138124592947,0.1604716159085969,-20.64207130831909
3.427419461751365,10.81059344517284,0.9265879741147667,0.6142056971653213,0.737266422600182,16.26520971120318,3.1354577810725597,1.155954477916427,1.1241740732414671,0.7894112279472867,0.4794438377437445,15.059414382566574,0.21821790896744858,-61.47150990998206
3.43092983354674,10.087177067854244,0.7534873101495261,0.5474220061737546,0.7569268702248694,20.19587084828379,2.6731433362700994,1.3724227437133147,1.3046278898499777,0.7701556879734933,0.05658424610626833,20.85216147419369,0.18245636270112037,-86.36678992369474
3.4039805038300264,10.893301393649903,0.8815432257936296,0.6784483510264603,0.739186731358876,22.53519410645528,2.7605726681718816,1.3362965190304223,1.3517875369540664,0.7139499895029654,0.464098417168027,20.93436853110552,0.2088594409002156,-95.7109079675356
3.422416521821268,10.748871879700351,0.8315483845645621,0.5531061593048224,0.7446145425412839,20.519314838014928,2.873261900732125,1.1775042186763003,1.1571675421339043,0.730516785594356,0.05130142943205425,23.033225576677722,0.19814529748161436,-40.74594370072299
3.41782832937089,10.70158099261279,0.7046326831060209,0.6894596440294667,0.7450318794655156,21.22106689914773,2.921787912169261,1.1336330323340735,1.1543040306543653,0.7133567694424333,0.23553341044903564,25.437364178259582,0.18229372936578972,-117.47725174693974
3.4279440460053863,10.14358111905538,0.811679795002792,0.5652756467074621,0.7151429141342927,22.86127334064302,3.272155896519748,1.1147795013508959,1.1988615754685341,0.7209399664416879,0.06389704444285883,24.42128212428819,0.15482428364885953,-98.76893645416806
3.4069694646990922,10.367755503037603,0.8570931743131533,0.6183840373267786,0.7466389866451925,25.854987666259447,2.6568902198927913,1.2560491924090778,1.2456337118751888,0.7609886539666052,0.3755678865992186,25.06148171899518,0.1660912887928857,-13.585928820060275
3.4370368811921055,10.789658775358898,0.7321168869420234,0.6369758713979408,0.7277767692370504,19.735640942536318,2.6658395550528766,1.1745838013349121,1.2339364009029117,0.7301731232175227,0.09200343436142862,21.61540864131943,0.21809721167986656,-84.60510731212096
3.405855339086595,10.884438761267266,0.9403255683365248,0.5687445434454503,0.7629477244764109,21.96062143595419,3.0150124803488905,1.180155676247617,1.1358555801967583,0.7682874288386604,0.044276920995415484,25.567960839914853,0.20777464113569233,-88.25619599932347
3.4267745057815593,10.063929861323636,0.7645241460704038,0.6325081550434198,0.737961885988027,15.94801397975147,3.2497470786505875,1.2249250446257587,1.200017049471312,0.7718303792184118,0.4079091818296134,18.628440447647208,0.18303413861289014,-46.10869348989229
3.4105704920701947,10.516723699374522,0.9154866452070399,0.6050803401155507,0.7149423353810098,23.386395713736732,2.730589315239991,1.1937347389680217,1.2736206803739936,0.743079574027045,0.28599717442723094,17.427036340904717,0.16861670379377003,-32.4976151398338
3.40517023761624,10.738108803280486,0.9575928777967492,0.6748874668900635,0.747908461446272,17.387294226420106,3.1691408911249583,1.299596184520968,1.2263278655489296,0.7391538003358425,0.2133024252815837,20.292179468255483,0.1629683283926633,-14.416956139377945
3.4056973853258996,10.749559314049197,0.7305417652252746,0.6369438751559062,0.7251106852624831,22.21174134973912,3.0523429711424757,1.1471290476077933,1.3353710333575743,0.7262600252039176,0.1917648433618242,24.532903874698924,0.18249551198539604,-12.904612749558595
3.4188377934273877,10.005837050253582,0.8237204790531933,0.5788506341574596,0.7310608752022171,26.398364622293357,2.9453878200279835,1.3585262654772443,1.1066027547556374,0.7434298806009751,0.4814567259378128,19.275173408598526,0.1786251996901926,-65.00978866952919
3.4102623678767725,10.86664587661306,0.8659169494598417,0.6168944714590616,0.7424164965879791,22.789187370901523,2.9120898936267543,1.104605928681358,1.2062313912666425,0.79997615693092,0.4176313936205987,15.666090620224821,0.1972446619826328,-47.87917349513748
3.413231691477037,10.601851799145548,0.91028335585819,0.5495858939830119,0.7607025326975507,16.20998294020813,3.182914090731561,1.1163998153986647,1.184674773693463,0.7143904160169376,0.2163966359549264,17.49083014516877,0.20126395812973,-19.42042182819644
3.40748317516515,10.193890381168675,0.8306043984889447,0.6328041702960094,0.7247802746603167,16.78540821735932,3.0390159136890884,1.1314336931683273,1.2750860205238257,0.7515153334482794,0.1414013586644938,16.48760429853371,0.1864453437459439,-97.51334786091812
3.4063625854947666,10.819739070086808,0.8381889834299678,0.6028639880259901,0.7681917881540575,18.3597652057299,3.152613817827517,1.2527893048473322,1.2289957143719052,0.7331214773171476,0.11348806741186998,24.68971472475101,0.15667709495108478,-92.83919685173308
3.4296015371516213,10.719540917512179,0.7840115944999242,0.5786899194885455,0.7487525410111676,24.45336468855477,2.752642855147483,1.3711624213204834,1.3043192408854845,0.7271704591861902,0.479146808988354,22.307144426924214,0.1537952838097747,-40.552558631487926
3.4116271892292076,10.481174949861275,0.8250857413265799,0.5916497346820763,0.7419180876668933,17.676184437883837,3.035803987758987,1.1962765422208654,1.369017257928255,0.711769462949466,0.43714260734861904,16.137835385270538,0.1702796252689442,-16.828635239818823
3.4075583901973365,10.48015856364838,0.8133089899795806,0.6927000613814671,0.7222758453139894,18.49756788833732,3.0754810192429964,1.1671160015279287,1.2740701522887865,0.7431495985807806,0.20217939728869028,15.089178091296427,0.21218674803290755,-27.788176325418704
3.4032473520713853,10.820195004858226,0.7779686643791368,0.5877297226159874,0.7556117905884031,19.56218597652907,2.644293114007151,1.2997897522828679,1.1712826589875551,0.7338767281545335,0.47607718836680013,14.876377011639121,0.20515812433536842,-121.06627449359561
3.413999242712722,10.681706083330106,0.9920690617016314,0.6046134621515413,0.768839194757243,16.0180879728106,3.128702041813959,1.2015381376200676,1.2132181683853818,0.7543880802793838,0.385562687186329,14.752338659827874,0.18667123973264516,-105.42574674489907
3.428798241707347,10.79914143061052,0.7055639174365685,0.6474751945641092,0.7622411217650695,23.865131721180468,2.7871301719856607,1.2773972877427668,1.1912912998865484,0.7137205521101503,0.3131167033578303,20.516390425575505,0.17863767715043793,-121.98490204520736
3.4053868276697465,10.405245953053601,0.9907397700792429,0.6745435843708227,0.725493490771304,22.572998678684975,3.0786300253043253,1.100225729249473,1.2805579272397756,0.7552309021007538,0.17305165266041325,19.082569081666627,0.19616624259727178,-44.326560813763024
3.406924228181082,10.212126160378052,0.847983342431487,0.5458499753427685,0.7218050768446937,25.69406272261343,2.891288741079914,1.2497396052130276,1.283463367586417,0.7216402927298919,0.39804474669044526,19.057347813660158,0.1587007714941596,-112.71749241653382
3.4276202825719535,10.822976879431629,0.8411119712343267,0.6525416613825569,0.7344959738679558,26.67468950448447,2.81685464204395,1.3942863659651217,1.3582265935980213,0.782101861280243,0.27735140260849933,24.022322981191035,0.16546056897848688,-61.52768561034246
3.4394009569163217,10.281356377243362,0.7499127128078569,0.6581369111493705,0.7243629272256671,26.01061614344788,3.171236060257158,1.180208338541325,1.2021939784065236,0.7961229948226144,0.4037433568870171,21.772667343133175,0.21762382165359073,-59.89394494597809
3.4242811642026405,10.4741935626168,0.858658795453304,0.5986230848156734,0.7441165002756956,28.394700978804085,3.0316243765679753,1.3898379377827204,1.21693811051575,0.7304311591309689,0.4654278972095144,19.59811928435368,0.18941591297141774,-94.91870290457297
3.4229799623850985,10.112080350767922,0.7545287633443494,0.6106027890513804,0.7354597763324979,28.05209936225632,2.8389604246645286,1.255146925276215,1.1406020225784796,0.7729954964139387,0.033124794954026246,17.202229710504053,0.16474985575904824,-49.40681486531102
3.4285399506732106,10.13639010557205,1.0297125136814278,0.6498433863929396,0.7399508305694872,19.67323155187927,2.85030055890054,1.1990504790048704,1.371197214585314,0.7793923945243041,0.2612993405827892,25.401980979015285,0.19469230301017978,-48.46925882102917
3.401934979329744,10.798626541089812,0.9428372580795268,0.6379930305180118,0.7661423469222967,27.627292507847976,3.1522396182922305,1.2426329670054963,1.3239245739306236,0.7790863800115643,0.3612822648491605,14.594496627187603,0.21677215584362336,-53.57803125251125
3.424723756520687,10.894119396845062,0.7760409609588601,0.6995760350021946,0.7697277546621292,18.0515611472002,3.1183236747375895,1.324120923857867,1.2519103894506267,0.7639502310400577,0.48391999599255314,19.136889062157806,0.15220359830301194,-43.85973698177689
3.4320420264315428,10.897089383577734,0.8997970330388187,0.6144648407383968,0.7288066018453315,21.036038365887226,2.898250500302315,1.114399549414686,1.237394794602335,0.7244428016359896,0.24950056899852846,14.090744541577655,0.17726135368139592,-100.94079422489405
3.4212029333708345,10.779309505741459,0.7915287380401741,0.6384782018608497,0.7250981382204731,25.818203421333145,2.649821160215062,1.347478869031442,1.3377853230280405,0.7030595394227573,0.4818059719630357,21.422195137504595,0.1954273198941797,-112.82055273438934
3.4343401104785434,10.884869035762211,0.8699108325444921,0.6015124940495781,0.7641483223273637,19.14807470395871,3.0396455454802718,1.3602610987072161,1.1571826249859596,0.7615597868298557,0.13104861755296668,17.5601743498347,0.15698398580865644,-44.52396203864839
3.438699364339661,10.36268436602394,0.8862098645327092,0.6576124704562849,0.7404977458035567,26.547208848205727,3.2004961174988686,1.3106262063075969,1.3376024650193297,0.7880079818539774,0.42949726001454097,19.443652408304757,0.21781052308596163,-52.60928199354889
3.427745734987079,10.525778340083003,0.9460966101845886,0.6910515681073139,0.7284996576869133,26.377334421939423,3.237131092733168,1.1678074180943643,1.103753092059055,0.7308127323967353,0.13458025604497134,22.09062399405012,0.1955693506587709,-91.32217213250448
3.4105612726753547,10.106234354800458,0.9296018802138406,0.5974894825664672,0.7344817164608722,26.44193708353867,3.180798722514874,1.1069758398589107,1.3961671356335383,0.7199591703887976,0.14595240964897926,15.060982418171918,0.18163754303919125,-81.29951245613445
3.4039321360929504,10.724553645987298,0.9613765188937795,0.6734419457388987,0.7379319353031726,17.801609998962157,3.160778999596221,1.230815676402614,1.3424029541970237,0.7105578492799809,0.42783832140509537,25.63362225084953,0.1799420137771394,-72.34342056652643
3.437536613961329,10.218201688437656,0.786279071207653,0.6118907321192437,0.774327071040707,20.118380752295664,2.7636499575227766,1.3627772949012493,1.1258220836547497,0.7196790075011963,0.45800427552728745,14.08849160826189,0.2038529143871972,-7.328747230164936
3.4106522305620075,10.863470183509756,0.6879871955154973,0.6517963393411338,0.7663994026086601,21.975829256123582,2.682918451993794,1.3715498632037741,1.357550853949668,0.7684653759260551,0.23679574218066465,25.03502048849723,0.17755196072090612,-103.61828109032939
3.4215973028094897,10.17317190661566,0.8764478379700031,0.681160706360153,0.7255617810420472,23.513994849673526,2.784517243083177,1.3617918256287955,1.171419842947186,0.7141468894636646,0.4087564227080272,22.91301974597942,0.17633687435193987,-14.399241634865916
3.4090288420003843,10.303126214767868,0.9827124821338875,0.657330670677087,0.7454442498333803,23.522568530599738,2.8493025519086457,1.3100185717116586,1.3392586641160253,0.7549260486608191,0.48448628966537494,14.533819784090195,0.2117308235296531,-58.15771655655868
3.418971565504169,10.057393839255214,0.9769500343948787,0.5490637003177548,0.7458122259586543,27.8175279267942,2.706046208155733,1.3935038417671741,1.1937998269286603,0.7194383890259195,0.48900218875327706,23.137991506909216,0.15907552898731847,-53.916280911928155
3.434624027459042,10.471441693361372,0.7944058135150371,0.6012126236826448,0.7290578575498715,28.278312721950947,3.1971774517307097,1.2128718499321807,1.2524324070363038,0.7813697291025854,0.016712416779741102,16.156884076581843,0.2078317623276144,-73.29175339218813
3.416966022927081,10.047525366350362,0.9707464814647186,0.6868665220553994,0.7764220600224288,17.84981705649517,2.6644797379990184,1.224504925699916,1.1709307720161115,0.7220615224240726,0.01039547551277012,23.890330348103305,0.16578124047543077,-67.85079316118137
3.4064944449127927,10.6067017487439,0.7598488308441508,0.5889224328492106,0.7230448923178535,16.143595170570993,3.157647178536757,1.1559834771682893,1.3381732475224772,0.7540482292654447,0.014307177264735113,17.89125966836936,0.2094752493240647,-0.07460808086943871
3.4175571954080293,10.02128052132883,0.8231096304948504,0.6079699138930286,0.7134256104226501,18.61785419022653,3.01077057838158,1.1006969444876569,1.2985879800314892,0.7213035414758664,0.13745079196856777,15.597208224634723,0.20887487405309396,-12.64023301666947
3.4029033878923887,10.403683929498602,0.7935127838100352,0.5848428825960101,0.7427968047690283,15.451924920784542,2.9771334884226013,1.1946107093159164,1.1257835590234548,0.7924579414017283,0.15802948661460167,19.980395604975456,0.15914595308519172,-92.43335778427188
3.4082388483411457,10.641761673148443,0.8289827234860786,0.6049968080581694,0.7330858835445103,20.209296309880934,3.190861781424675,1.3823133796920513,1.2072466071820762,0.7409157274765956,0.31203260389166343,19.653448669257042,0.20634793340708757,-90.18692136617213
3.431543737932191,10.332124938446563,0.663483652605583,0.6741536660048811,0.7501533904559745,26.06034327843974,2.7003166171665884,1.272286583243156,1.1595250030265494,0.7146395608516627,0.20268278474683318,18.926452009002,0.2150161555670846,-60.49935284988958
3.4293172833641914,10.114743883277091,0.9032744693828708,0.6051183119198977,0.7651110459031233,27.39466866181757,3.1837640077807072,1.3148352951665774,1.12929024453442,0.7744226744074345,0.1583357811861299,14.871335309600266,0.2034073865032258,-88.38583953185247
3.4226394045401127,10.64282029293283,0.8318216543361598,0.5464329883013735,0.7166210868436422,28.22370530330395,2.805202739876048,1.3953429519327536,1.1471876930075637,0.7465973574804112,0.1634422786722263,20.290008643848346,0.1995479960908908,-58.60862938738835
3.431320729558644,10.010110819929674,0.6546091945258395,0.6533821130197656,0.7069740066928081,20.535893879232585,2.8191209085930677,1.1503959494925253,1.299884227234345,0.7125554197538739,0.4480941842484313,19.058776003777787,0.18751172958679518,-57.81326956494675
3.4397082907336802,10.388332160474173,1.0236660825936756,0.6841612410707714,0.7465266558143137,23.35648356313248,2.9919148659073223,1.1790159419031994,1.378237770431073,0.7291642348517949,0.16941819236917766,21.667820416091637,0.19231563290180365,-74.48635958533082
3.4067566514097387,10.487797437302895,0.9956573939699536,0.5501113245874519,0.7569409939180857,21.13274968055581,3.1539460607907346,1.1685889861262697,1.3089131790182698,0.7909555971797725,0.43839034119948317,23.29806774354697,0.15322546254114824,-51.2147009971971
3.4258232318351634,10.376644413197456,1.0058880357028506,0.5655788106551605,0.7646660500134551,16.704450529324408,2.9075801570584745,1.1933511699824397,1.27557627651038,0.7593123762795884,0.3871624639303815,21.725314561630537,0.2041385500218182,-3.3290087626719043
3.4285793725847795,10.633265988113088,0.6753848375967538,0.6715869665310592,0.7215164359852504,26.315596774554653,3.065099467652049,1.3269375137354849,1.3883196698779061,0.7705282737204746,0.050086380116199626,17.19185371400539,0.16837017738655644,-39.90638581614425
3.4130699509907143,10.003652675879444,0.832713554155076,0.5810437789287642,0.7203692959235991,23.16831801714249,3.223121832657976,1.2396092793511975,1.110234275114307,0.7125482956841819,0.1597066686868989,22.241229611026398,0.17493023780801295,-38.70073798553753
3.4149156699634076,10.247273114749508,0.9922945570740757,0.6386213427318237,0.7523811411935172,24.02932771757945,2.7802358533705887,1.3300722052363083,1.2772225279566927,0.7519347510490266,0.09141248382046277,17.604242399904546,0.18602652250726565,-70.73338079730395
3.422015048354217,10.84328443446527,0.7447784844450717,0.5901397462792132,0.7044387048414886,22.867297784188178,2.66823357332716,1.3523884375268118,1.2504301217562646,0.7973850985942674,0.038935579512192904,16.261797188631782,0.15303435349728528,-121.1097276762774
3.4000188914211584,10.521041754943965,0.8335219466039279,0.6526051111416468,0.7315677330605561,27.33558124588054,3.1488189704988057,1.1024407527975983,1.2973099690198446,0.7000209264051135,0.48655224174602457,24.620958260928806,0.15499584198725,-75.97763800422186
3.4327219702931475,10.87257040941327,0.9353624534262004,0.6654553046322637,0.7145564494265053,23.154198925947544,2.714417737669374,1.3192745789041207,1.1205578248098147,0.7397685353446756,0.17216137302155385,17.360086725640127,0.18278273921087332,-59.79800002689757
3.4267503716455985,10.638220370199736,1.0171141009567206,0.5694414527118379,0.775913325933951,19.61640932105822,3.1668854562331115,1.274306646003345,1.147390990719837,0.7853900345073472,0.20197466877333142,25.52394725186321,0.21707074719424135,-49.9480922757792
3.4214726223329364,10.672619439673682,0.9472186587355129,0.6817000249545626,0.7090585196510708,17.215891432199996,2.8346760399745916,1.1185566781854006,1.3511058171052674,0.7624622697579083,0.3045843713193861,21.40316666711245,0.1554979647381721,-1.4759914706050665
3.4202262181552348,10.596411949172948,0.6997116522731793,0.6086099279465265,0.7416979024714738,21.096081239713072,2.864318928720416,1.1797993177539112,1.2374998938747401,0.7873457100480424,0.13115409409629922,20.263866957876747,0.1982867942694964,-28.897938365326524
3.4176712354709933,10.651835102359437,0.7438388726042898,0.5634964122321787,0.7675014086477543,16.44751948006895,3.0695850118695587,1.2780434453788838,1.349334294865373,0.7557021589682392,0.48591599542225233,20.56517582004332,0.18206422054688137,-48.90297708981781
3.405363404656909,10.185619914893971,0.685406584609841,0.6307072569192548,0.753014830158232,21.168243021457904,3.278235894127934,1.3653836723044865,1.373955648936664,0.7940399021563036,0.1454541465559716,17.31225011192826,0.21237340221162804,-104.68387898335962
3.408201090554798,10.355096701895437,0.839566296794869,0.6926427420190906,0.7692897490465292,22.08424860798931,2.664001547409848,1.124609371385934,1.3502155964305453,0.7613230690917959,0.27490642121858383,15.583371210276304,0.1511441151375378,-122.12617539919972
3.415644351498567,10.44795605426567,0.9871501135786707,0.5594185049247575,0.730413928894744,27.138329464067986,2.943982983929073,1.140609258694282,1.351287313271329,0.7059850305534595,0.1870962116494232,25.24914962210969,0.17496180511600215,-19.169268941099276
3.4122119185709208,10.08492203812328,0.7631800745046833,0.6257358095564457,0.7280883026694367,27.580108679239622,3.0315614199592327,1.3401606789537812,1.3159665591700547,0.7727072374439216,0.45561651642745593,14.368488367505163,0.17187516440940856,-122.776886923317
3.4311213589259304,10.656956937205168,0.8860221170876315,0.5721587985430018,0.7511849829119437,21.715906822891466,3.1150103200150925,1.2314810545169155,1.104255131971482,0.7771138855578961,0.4788108065491668,22.041005574442778,0.17250641776217496,-9.950610406220946
3.422916518681518,10.787667727901447,0.9083110304960931,0.6731048361120555,0.7747290203309224,18.653121070895757,2.903096838491204,1.283496025061135,1.159282203040623,0.7896274637362842,0.17597039716358376,17.1719720833631,0.16054478061460384,-19.14432081197171
3.4171647650416292,10.169325172444664,0.9759531715655829,0.6324219972330772,0.7284446411143147,25.943634397182393,3.205843996924109,1.1399272776552885,1.1377545276745133,0.7283515171600672,0.14520318459180456,22.787120251911773,0.20311773519471052,-116.06194787800098
3.4223595210635245,10.350994504987293,0.7332358033858901,0.5788784854971624,0.7797368265137655,23.086047792019947,2.9828164672478636,1.3856849772007362,1.2496459004031517,0.7597508775532736,0.201061509667638,17.640314786253274,0.16241172159766473,-15.304695569310994
3.413557199137572,10.534350424791494,0.6511996711549993,0.5767077831668282,0.7609245980000491,26.304865905880845,3.273967891471704,1.1611113965045856,1.236921522353056,0.7942571579230939,0.041023977126484625,22.683665110630606,0.20624707165627065,-21.98240595989074
3.410464526810428,10.662388461900774,0.9966588338009779,0.6012536838535856,0.7576531126474858,27.6911221025265,3.245950746080324,1.1925707740615852,1.335000212964637,0.7481248296179019,0.2232600916558557,14.600596664018804,0.20023287804966833,-108.43916193428983
3.4369900278620524,10.753976411563748,0.9354414797503833,0.6539624695864825,0.75483627311087,23.11678123368971,3.0472108567882326,1.2879810943978482,1.2106848175609948,0.7310698652385944,0.16232601386360757,22.56642077146391,0.16809833488569445,-57.499850869742176
3.4312013963293166,10.80319340065078,0.7192840863585567,0.6719430816841547,0.769428247274807,21.505100870764934,3.2042661943189423,1.1632463492604221,1.322143286505061,0.7775487523357579,0.3039896899800323,21.329422643001198,0.17916941758936727,-55.11900156053311
3.4353614056848096,10.475829367550746,0.6654412678702604,0.6313597098012127,0.7640082311306955,20.452078996228593,3.05843302251409,1.2791726554434795,1.3691232152752069,0.7640259953151542,0.15901295265161672,16.71545934616608,0.20678592308662502,-122.91692042268166
3.420922573464902,10.534790254020635,0.954447253440898,0.6469828425698753,0.7241308609624428,19.007368217131184,3.01479077477786,1.2110711583420535,1.1005109705494116,0.7406226201152539,0.4756164824791355,25.199865172836176,0.1998089113555553,-10.726958268611526
3.435995105820245,10.058142608061663,0.7393588022787686,0.6380687573057838,0.7280348704747647,23.914687895990767,2.7994774690003483,1.3070930846086037,1.2111411876408797,0.7509479901077663,0.1955660074931918,18.975493225981044,0.21489054160454563,-98.67192609806695
3.4062210262672705,10.310928313219621,0.7542548035837002,0.5885073890027729,0.7651758617193274,19.23425271496795,2.8641643016936786,1.1337268544021717,1.382546282618653,0.7670786568953096,0.47408867469144617,20.592371911202292,0.21969947214610608,-90.33495340915508
3.4070609816737196,10.59571106129663,0.8414702075036157,0.594348999839079,0.7270074738489695,18.063802696812196,2.7598994579654876,1.2112271143815152,1.225764640426736,0.7208326025785414,0.016277485202222053,17.431927672427705,0.1758570047999926,-71.51837223827113
3.4338874797531274,10.446968670911238,0.6569103827816279,0.5770282277859026,0.7378060343529605,16.377174548586808,3.278907055019561,1.2822973744128023,1.1346549134292043,0.7365941471486313,0.08120569434105232,16.369439475382613,0.17195425302751563,-16.534096695475483
3.4274267965048733,10.083371011356526,0.7582728402124814,0.698790055833367,0.7573481342097724,27.51292209646581,3.003615491890535,1.392855165460428,1.2104200321103482,0.7234445352538104,0.2739569628690713,25.25483690893199,0.1864506529101441,-80.59486870905559
3.42498626025317,10.503806946249679,0.9254203226754324,0.5967140251577733,0.7465059458962537,17.765988650935352,2.8802624358889632,1.3577654313834424,1.1412915983498555,0.7533895503058108,0.28338737777262296,25.292377564526316,0.1701646270271559,-24.484462186557266
3.411003215415504,10.440987144746078,0.9436067248727261,0.5728328232398974,0.700762135476756,22.62199815831063,2.801320966936408,1.1297089582028979,1.1566178179208664,0.790031667844943,0.08002520223679475,24.09786726736061,0.15395722600647552,-81.83126750268231
3.4082644395927364,10.753019881120776,0.9113125765382255,0.6934594209568582,0.7302324054536806,25.12503940911705,3.2212055111505626,1.3272528237823218,1.2228979586591093,0.7648957081754468,0.052213846941128614,16.279864100512118,0.1519335802816832,-31.23351481727589
3.4249263157820837,10.75147224376779,0.8234987136687946,0.5877580271250459,0.7436929814217392,15.682900190292978,3.165421905161923,1.23532508195181,1.2310163454061622,0.7922726466596641,0.025618356931716827,25.869812525253536,0.19848922155061463,-60.959859606851246
3.438249556677094,10.484953607926034,0.8155751999267439,0.5735743071691095,0.7417117471704906,27.796323171821193,2.987094966010565,1.2545972737176787,1.367487425621731,0.7032309069378546,0.415785803238692,24.46092642415516,0.20784211042094564,-100.81026859841367
3.407919136428633,10.088045142764736,0.9753661677488403,0.5983761581757058,0.7482392838793677,22.366943917980336,2.814892796045634,1.337930678259818,1.2585677182624582,0.7453671786328709,0.37818577612811405,24.468909097555407,0.15308595994372948,-99.03670425491298
3.4320376844739227,10.272261653010275,0.930890925149386,0.588803442183803,0.7174877098831356,20.763114636482356,3.196452363243353,1.2255472385174584,1.17502601214247,0.7831092616063768,0.20177284033680695,17.960560793490124,0.18406637964659886,-47.93791314185448
3.4298682216759153,10.729314679667505,0.9696637295055754,0.6999053714475364,0.7400296933224263,24.18169634034678,2.784842606857929,1.2513718513359267,1.1011303682158045,0.7113194180876387,0.2839534287620108,18.333985894406638,0.18686987258777993,-91.23877533085232
3.4351479988801796,10.257257671780815,0.8475730957699632,0.5981462822562996,0.7720749498648194,24.256605766385235,3.2355428379189357,1.3136546343859445,1.34676427391037,0.7906469938041061,0.3174277498584544,18.418930091488537,0.19716775320326163,-31.423635295005525
3.4020625302232053,10.232763515213758,0.9756514336943747,0.5446516639119316,0.7440748616985745,19.09719060302833,2.779079257667366,1.3365197876806854,1.3596163731042221,0.7021601938295654,0.12973773827266555,16.351421074784795,0.1780538336693677,-100.00249958383826
3.4378509800881054,10.622455318072806,0.9290888547088682,0.6814125643255531,0.7059030204359936,22.75234237018558,2.942687446601285,1.3315034439373887,1.1976915235522365,0.7842133806958744,0.3832107982446382,25.365443963340628,0.17419112302897108,-79.1529347041378
3.425782888594126,10.580238280678067,1.0223883542771146,0.6755276321138416,0.7447584172101803,26.577667947728443,2.7388569683384945,1.3421724915242639,1.1931243158245388,0.7311733684778506,0.007070170475756115,14.27045943837677,0.16225071978875033,-82.47676965508015
3.413350545102327,10.823110405929622,0.8721323698546645,0.6162042748414558,0.7541386143775746,15.51441792523013,2.671943745914846,1.1523018987752334,1.1134811504367967,0.7174519303341478,0.13416228888485862,25.544976570967105,0.1778074443644577,-119.67816138767807
3.4030160049284777,10.067967394857606,0.8100496560077328,0.5840749553516276,0.7121005265034095,15.85189153005292,3.11267908048051,1.3242474155076116,1.1648725885707196,0.7532828989410538,0.49275793487312397,16.9587816113252,0.17189634347240995,-96.89051399776125
3.401516539526736,10.739257047895874,0.7898024247164974,0.5908004917295162,0.7521421104116276,23.59365574983409,3.2421598519893986,1.2119653646533868,1.1768191161936827,0.7606829225961891,0.06291454368229056,15.083877514724449,0.21075008479493126,-13.846080147704157
3.4394975441401288,10.718935203264992,0.6638050728100908,0.6201361835794098,0.7311856830390815,21.111015975564303,2.7996456474825493,1.1328840764844441,1.31760623871607,0.7320902375283899,0.3521175928185862,24.14271567850843,0.217291756797041,-40.92147805350919
3.413507371057338,10.81319305896455,0.706268106158918,0.6668540197691419,0.7735188223610634,16.468973539746386,2.665894802014571,1.2096270785517484,1.271751059989859,0.742960871996121,0.17096392291476534,20.936002903659663,0.19897443965276054,-93.61643196001376
3.4300822311985244,10.280937148184968,0.7074207002923485,0.6326422954492137,0.7599078616490952,24.032703842625445,3.038360810747292,1.2080090400042076,1.3138261274593643,0.7868868380620593,0.10619293309426862,18.131119189670954,0.16435582392613002,-55.30864370503956
3.413892278278088,10.388768218594485,0.7388536438821414,0.6682052802392685,0.7319895142547505,17.940850873725488,3.0101020543491317,1.1933229801545548,1.2483120256904279,0.7178496451062083,0.03504176002976291,17.138666928235637,0.2138946473413228,-57.2379641284044
3.43615771182132,10.128694922842175,1.0215532139313022,0.6450273498466464,0.7277203066947253,23.93817065668888,3.0375859923567696,1.319421015639948,1.1730133602698176,0.7826212410432101,0.1577736404129164,23.55004960806412,0.1603581524198181,-111.696664190441
3.4382898002767095,10.849374551540848,0.9831240981307805,0.667851578403243,0.7415152818664447,25.550391940110785,2.6621499578990706,1.155030431247188,1.3936247876034977,0.7621798322144815,0.0052787237322418894,18.099766134886117,0.1663285538024451,-53.277256204109946
3.417098317095993,10.186259903339412,0.941186051837373,0.5418545226858504,0.7753331736660659,19.725603575953873,2.968107589029185,1.1442537909179915,1.1579636789616776,0.702252166569591,0.05373485155794405,19.438054753077328,0.16903617186208492,-92.80778015623048
3.4066036998805416,10.749655438569702,1.0200209388808121,0.6534145911289588,0.7512357209775324,16.94554201153426,2.882550170573368,1.257417931713411,1.221602609374122,0.7304425908077388,0.24139228451820158,17.18140872873295,0.18326714465424468,-14.723435690033526
3.4371202278793134,10.549282009001987,0.7466157409469294,0.5469786457204376,0.7083673444535614,15.301120273649971,3.269798135972281,1.3624666839422903,1.3528705296812726,0.746260105417315,0.1838436876016749,18.910413098694413,0.17843639100695705,-31.878484950520587
3.4198250520602627,10.859779347086121,0.7743011822677757,0.5602148180179634,0.7097833966273694,17.797190524465453,2.7994034117319644,1.1758898866511744,1.2279736293165135,0.7262201935457718,0.3451204945208398,18.742224239726852,0.1855227278834809,-13.360005740385247
3.423723366844321,10.517136810563683,0.8742946096949864,0.6734642765602606,0.7293753604992665,20.483146519432115,3.135308794153041,1.199303375282099,1.2793334307725326,0.7287321591681022,0.4347629098180433,25.081141674285696,0.17500031780740188,-98.99539392222754
3.4145431804907,10.726273021344888,0.9546724634690132,0.5707989025767797,0.7091518379457635,23.60392396795915,3.193931218614593,1.36616406616375,1.2001037281943103,0.7602247015415172,0.22877522853425736,17.944067190308942,0.20970442173112983,-94.78068460755091
3.432687129515046,10.424767438825533,1.0296536970508794,0.5605868510942875,0.7264142654580734,26.2555680096744,2.8926824266890754,1.195536686102324,1.2862882742479635,0.723922039205351,0.4956925721158995,18.964275750960912,0.1581373313263447,-108.82268526693414
3.420440167567189,10.536223745367845,0.8349508215092976,0.6605290748666823,0.7451663778151628,27.63576331399812,2.7032551754533953,1.174411096239778,1.248286211575099,0.7370074908504498,0.051278966771911225,16.158664566382257,0.19553415485888653,-2.8720478280785926
3.419303412336016,10.784509817228416,0.6688376815760139,0.6836788814413652,0.737059899760876,21.659642147645144,2.979466536520835,1.383992163940653,1.3386706924002985,0.7230746185210494,0.12315942437320543,16.880949094880176,0.21190212572858308,-24.510762225297725
3.434238774276473,10.3980171762435,0.8284585928086652,0.6664225861795817,0.7684766790275352,22.88487774568148,2.792378067167569,1.1184638530598772,1.1113627220230107,0.7664828786713251,0.3030270835700969,17.920526304778075,0.20885044418554966,-116.39129464007969
3.424448049404712,10.161324373168792,0.9444396653006633,0.6510370934144176,0.7186749102080372,21.392068379800598,3.1912820947945955,1.1571949769634244,1.2622205932408834,0.7743421338371717,0.11611275249833052,23.76147238792283,0.20637429826700815,-21.50133583175588
3.4378394383658564,10.058936326607975,0.9665914189912412,0.6453405388587288,0.7785144344117705,23.317307847393444,2.752962703749875,1.1720671881123255,1.2480274258390542,0.798872211920637,0.32248966028458825,22.365785371619936,0.16988296849396847,-6.90095770200206
3.41736907409871,10.863234657980046,0.8574674133648317,0.5614588056791664,0.7427855472750504,17.308707916447332,2.991119066839114,1.126850475772606,1.3128388376058102,0.7799953240260142,0.37679696085247805,22.37991711664427,0.1621970957368653,-90.47260662967031
3.408320185844401,10.549061299409358,1.0262426088975665,0.5816742460182078,0.706498344155109,17.139606349436576,2.975653657793255,1.178352258729176,1.3155990156490525,0.7868004034957399,0.19335960276420683,16.84103134392537,0.19924359048392695,-31.087909483265165
3.407582901673264,10.82031408365239,0.7248576180648181,0.6266956166135742,0.7428791763034016,26.094097917585906,2.9600532945630604,1.3015544421808507,1.32596062867485,0.7193278511454155,0.16255523114223194,17.68887015725002,0.191777324852882,-117.95966673660745
3.433714327542569,10.434773898497909,1.0011912583051332,0.6935085184655215,0.7274307805261857,19.732778187732734,3.0870713210279903,1.2159338680529344,1.3298855152505085,0.7130754307309769,0.041456833888369654,17.503933437728058,0.16799611074319834,-102.47484824973964
3.405806245252818,10.070637353172264,0.7813922856185073,0.5513970266853807,0.7040572479003313,22.496828520924737,2.696231906053169,1.242042886478825,1.349385296328254,0.7942773196144763,0.04299018193776493,22.37682993978614,0.18614634427424692,-110.50872426679575
3.4247115262202144,10.800137895410503,0.6749962433254131,0.6997972876425637,0.7336142266114035,21.838057407540155,3.0285887487210896,1.1934040910771477,1.379571164556038,0.7596195943275984,0.2964101708190089,16.428531053354966,0.18287994718131972,-59.096900071385846
3.4271719834312373,10.03417577924509,0.8416610435266962,0.544311832435615,0.7412114294451198,15.481171500581386,2.8541201951788997,1.154895739013354,1.120408577295301,0.7917182928966793,0.18839444267225547,20.849808181240565,0.1905401822272998,-82.29400755387536
3.417391315165285,10.88844054632274,0.9856293055293102,0.5792182164311341,0.7437878084875886,19.09423565555923,2.7448828791548765,1.1504863591838002,1.2877507978466147,0.7967705526020616,0.47118731260168684,24.017741359476936,0.19982707942655617,-13.353452640291621
3.4248408948493685,10.800395126510029,0.744188213880037,0.6565056843308034,0.7595224510366603,21.78108812090303,3.1952364754180933,1.1777752566582897,1.3447200264076697,0.7836392524052334,0.26036379445784485,23.817194469753602,0.20754125784115285,-108.5483561427553
3.4021283054047666,10.814589791441698,0.9245360203849596,0.64010200382027,0.7123879253415395,26.929385118151796,3.24008419582372,1.1461354798495547,1.2925542554531624,0.77903016003107,0.1531099278143183,15.118633775005264,0.19689615812638517,-23.522974547930986
3.4091463113219955,10.332812887530332,1.0296621141873503,0.6874196636153331,0.7239248068802815,17.187148388794228,2.737466729525686,1.176468690791536,1.2849271095480543,0.7777326973132049,0.26342085130761184,14.438206863993317,0.15566203583138008,-44.10521059745196
3.4264907617044034,10.586040555335813,0.9991691073743099,0.5875064407100651,0.7062821458983315,20.83712865174693,3.0979942623386667,1.3429045375732669,1.2614468234574368,0.7390230360770199,0.10777177821952381,22.801055095823294,0.1604462792299295,-105.68849447308068
3.4364063822631183,10.231089333110512,0.9175980655961674,0.6999438435144159,0.7240783576001977,20.123607873887014,2.9840622108712678,1.32336720580477,1.1659837706661056,0.7571762321059258,0.2817502851895728,14.61676511835537,0.1531688167044951,-43.98365249762166
3.4065018492979404,10.413792187508204,1.0122996624024536,0.6358502255213583,0.715059364539045,22.883628665057444,2.642110117691494,1.3994657671214255,1.1790340785551947,0.7605532109043164,0.1617278390366484,17.853451974601548,0.2139851677585563,-62.92979234530559
3.4385068976821587,10.392753213834222,0.9906351724999601,0.598283110955832,0.7297824635616296,22.26669281212622,2.9889367289878654,1.3871697187076528,1.3913658022024784,0.7059591528018164,0.35413335001285046,18.717283248893292,0.20725670433023863,-25.13197327590113
3.4088545186621366,10.715467750562564,0.821402275316735,0.6792610876638188,0.7531356237577622,21.30121997968171,2.819394419025319,1.3375053335252935,1.3947530614297443,0.7852686196555116,0.013924763564881515,17.497712724998213,0.18727249085941602,-116.00550030827506
3.42587591392693,10.128857778531557,0.9628876813826845,0.6243522142025326,0.7664406537920077,25.817128037916973,2.832203485698799,1.203158233331,1.1742778640112272,0.7949769830368173,0.36992217982793835,19.632071754324777,0.17392227256663667,-118.97514373086942
3.4022776648129422,10.09127794153959,0.8453303234767966,0.6786156953677165,0.7599751869625068,25.97734169857613,3.1136547370251275,1.2908457423561857,1.1450025197979605,0.7835034370424699,0.21163073927507653,22.82964786175991,0.15087728101847903,-107.01411383733083
3.4210809627476255,10.685927524000675,0.6891745870877739,0.588418843535323,0.7625812616388445,21.671628232400227,3.210524403202945,1.172425676575399,1.2528371566492644,0.7946182645697081,0.23659415955776095,14.968917002287553,0.1690998332251329,-122.49883468889813
3.4087273896225585,10.238527896218121,0.8003773737333697,0.5988319215427801,0.7260201409404915,17.180180693395783,3.008835873876338,1.2698452955538189,1.3168973935868005,0.7783441814610381,0.37797257432331605,22.527945777667778,0.2047784673178548,-50.80184547814726
3.4020800201902692,10.415115244512306,0.9952039097483723,0.6209167479242733,0.7754695173471046,18.85533398048904,2.6479374354871617,1.2876658559471221,1.1760165843065833,0.7959609059305408,0.24109904547794478,15.104698578255357,0.20923742399518383,-91.17327095346347
3.413613749689165,10.718250609938917,0.9198610016120408,0.6413390489448726,0.7605601484452362,21.065711369470684,2.6424531307621715,1.2663538035477262,1.3968253830009851,0.7714880739023023,0.019086228566279857,15.55927471269702,0.1637323136200141,-43.81920080966432
3.411788002516477,10.045524451505633,0.8016197677746058,0.62213290884096,0.7343974805007548,15.664503740491666,2.793602766205051,1.2103223728112318,1.2078160210330817,0.7383427778676657,0.09859721389768451,21.291198094600496,0.15192976993754667,-39.56651596779109
3.4388216274649044,10.64657134671841,0.9762188735278985,0.5609954904096899,0.7063829722909,16.42885281340452,2.695965890995565,1.2730937234845783,1.3385280933784285,0.7967336514672279,0.07325909432572275,25.776987310793185,0.19441260936499313,-100.09765419070418
3.422267220291807,10.765629257207841,0.9663078494320839,0.6199385646274043,0.7612948786861098,22.605662155847742,3.0321535518998437,1.3585692013438255,1.2642310881739707,0.755642668248405,0.48266689653896283,21.00330739331017,0.18267021344371834,-18.63661497638472
3.4232887667411185,10.796433760604119,0.8929863646925783,0.5759877333898767,0.7759357854954567,27.482973887775458,3.1726325498651646,1.1968308442837874,1.2715615367863375,0.7131465654707501,0.4161155961348027,24.324672675690586,0.20627243411202334,-87.89405009761686
3.4006708609059904,10.74171147898098,0.774563547717382,0.5576132759411824,0.7233050099542232,17.242693507072957,2.7728655090477625,1.3955717828051588,1.2231377864742607,0.7321474898197031,0.2970515775764796,22.610038421280855,0.19579196161964807,-42.36271262845045
3.4038189921827042,10.587323379121376,0.7843554196519978,0.6482275828030584,0.7466420399639294,17.787507902264622,2.9835743898854648,1.22446883383207,1.2150485983772812,0.7677964444185154,0.21351974224458298,25.538816845315733,0.21520494089439557,-19.68426144599107
3.423466495784983,10.481458911726822,0.7243134063408349,0.6394538822530069,0.7515204683128056,19.203531574361673,3.1787586406534682,1.3048480988569517,1.2667712193262264,0.7550138446095831,0.24948493400473537,25.834693410189004,0.18522361320475234,-57.161826440357586
3.428151891531379,10.174680894603279,0.8127749294008751,0.6487062922817843,0.7387636006170554,20.28733255001505,3.1237652486824685,1.2584454292595981,1.2714024644085478,0.762281711826025,0.3392689489265509,15.048605159103781,0.15950257399303502,-97.18734324809854
3.4367875818573626,10.37037981810897,0.7681684143749409,0.6126563491171456,0.7488473498004341,25.181579590676478,2.896415402144578,1.131943091430206,1.1246957933410953,0.7986645960905863,0.27202512880992374,25.228436044276663,0.21488164732225054,-46.03851192703469
3.4278717176925353,10.580019072518656,0.8248530749815387,0.615748347338727,0.7109044081111933,16.67348242109818,3.115367560719103,1.1453508030292974,1.1444012817550258,0.7919625682348386,0.2520773400945157,23.744771787644105,0.2038099062045616,-44.218406343898735
3.4222405510910856,10.18457506910179,0.6746506380741218,0.6538712165297029,0.7163216895914559,17.211474915007276,2.6807556132710895,1.2482374390500177,1.1948173409729212,0.7075449028504945,0.01504694495613635,22.32635185572215,0.16782686327707716,-12.357700427150434
3.4393748117959904,10.721879684339447,1.0037558466250143,0.6136795618833105,0.7798801965370159,20.752632764758967,3.0620332949080025,1.334307080982736,1.2682786453011148,0.7357399516458428,0.15677703645411356,24.289880539286045,0.20123935656872075,-44.803946094979025
3.434827653715087,10.448534561451181,0.6734173016836055,0.5633927416559781,0.7025095040077175,27.755222870702404,3.262420936580777,1.1923572724681228,1.3194987669816285,0.7770724704415632,0.13365849914262548,23.323288615739134,0.2008110198066736,-53.824460289052624
3.4043654113768747,10.742780436143718,0.8740937204651315,0.6175211856260465,0.7347209967892108,25.267105578939614,2.8328633161136736,1.2885991259702672,1.33743132968804,0.7770082549885453,0.4550334794119269,23.31385635363484,0.1747325513226761,-119.5669636469721
3.42597670225486,10.583188046621338,0.995722848111646,0.5426366902588948,0.7330170332653049,18.211004843873773,2.722643454011648,1.2102824681662028,1.3026688860725324,0.7001165787983586,0.06577516297414993,14.072062313047615,0.15141995274592776,-26.72425605501708
3.4234625881074057,10.640866107748538,0.8880748164436348,0.564052613984411,0.7766342090673611,25.076294950280484,3.0682471401236335,1.324361242496694,1.1939247979619791,0.7400834473822406,0.20513931665684873,21.2262331916018,0.21694451382720598,-106.12896217528224
3.408557472957516,10.468267145618109,1.011503931129258,0.5774069181652728,0.7773943868193296,19.884702472613085,3.0247755150293174,1.2126833446414462,1.2341404741018738,0.7915989215007114,0.4487045086782688,18.445751056872304,0.2012086224771087,-101.73357077539276
3.434125142252822,10.368415151455446,0.850497555242087,0.6309570632924382,0.7614030749198563,22.12245850405899,3.237275679608572,1.1192335617598408,1.1082454250683644,0.7820875861771237,0.29285852836007903,15.989067137749332,0.19476038224897876,-103.87690841888227
3.4169192624761213,10.176980576222954,0.7484044709476584,0.6939954123905626,0.7079849744413889,24.970460076278304,2.994995808059257,1.3824067665105306,1.1687024123279468,0.7811532300417477,0.1901055455099733,22.102126501470764,0.17009238675201702,-82.0452435420828
3.407538693908019,10.131516306433566,0.863606549440275,0.5447050629123695,0.7090119792757836,16.152862515158528,2.986872988512571,1.195167460402073,1.2143305400822029,0.7570774138331536,0.4701950168775082,21.780282471486796,0.21322515826967997,-89.96031137347384
3.4023708787006024,10.302528974038957,0.8995778632875657,0.6842802134006568,0.7486783910554781,19.119286163491513,2.8619456502212532,1.347837869591877,1.262957503622944,0.788095443343126,0.10311711112898916,25.242829692177736,0.19732305611216086,-23.61748287106265
3.432347121767016,10.846625133498838,0.6711948698491131,0.6057809955644449,0.7652624078550087,16.09760081364207,3.250714760032888,1.281681139098326,1.2444153719413147,0.7991135500900793,0.39309892054793466,22.215579200990113,0.21462170050408214,-49.51587339437478
3.4276758407911565,10.560044063156901,0.7997855484817125,0.6242695208656488,0.7269331129958471,17.582304793183585,3.124956583910771,1.1884922880029285,1.3784493343254043,0.7047282214703027,0.2255846539583383,15.854778620302145,0.1920849414686816,-112.0550272669268
3.4187048870001306,10.046821322447066,1.0264512119290095,0.6074630210378511,0.7230539325464608,22.198488855243262,2.8157523769104014,1.1310050039527595,1.2685564144545558,0.7068367014291125,0.14886052748127038,21.82914305400574,0.200756861892498,-113.16366154372184
3.403752776399939,10.41449581555016,0.8628189179863694,0.6392910518512498,0.7237316293884576,18.94534513790546,3.124409399318088,1.3003632126218159,1.2516353103833615,0.7222995750361136,0.2605950770820402,17.565626958395548,0.18711147819253543,-37.67414732256967
3.408371633797926,10.440349304603966,0.7667756322281183,0.5617545089749776,0.7597790946051644,18.872308454625493,2.662779553385505,1.1474855999946407,1.3207776526429673,0.7870789495673651,0.1594023851849161,14.125806095126322,0.207343110211334,-102.59048525511548
3.435927665857237,10.224677291581031,0.9446721143309228,0.6833600204220618,0.735555887330246,22.48422101681935,3.2473326124911086,1.2858556843791307,1.178368125326955,0.72592530194779,0.151080309081508,16.385489403710295,0.16908194846049174,-86.69602461525834
3.4373460196217565,10.778398116742764,0.8525757808252195,0.5767542758738162,0.7554127029990353,17.721744007251456,2.972173921322937,1.3208516740950829,1.182924866172612,0.7626076034548916,0.10141380548933869,19.64493813380207,0.21770619454965504,-89.09341582997348
3.4095495396650994,10.77769903729273,0.7227335179999796,0.6718201354700778,0.7129999242667182,23.933366945207418,2.8184868171970265,1.3255251534461838,1.2011651902832605,0.7372788242663021,0.4644008118175967,22.630024272984592,0.17243540917045402,-34.898877736895926
3.406693753193401,10.628483057214682,0.8011295228389987,0.5888323573888985,0.7157246640737656,24.371026087396757,2.9392584498159224,1.1613823574627509,1.1656788798944642,0.7074131538590188,0.34166751938253076,24.094885001941954,0.20895406088388846,-55.19111628002749
3.423598446475349,10.850890266380203,0.7097475920209123,0.6081485023342307,0.7245155026422206,21.11447306586907,3.1259161158071995,1.1205356827182882,1.3875510114814413,0.7832438532005475,0.2621697587608004,22.47891856978908,0.19817837542421401,-116.47068539424593
3.4225214794614045,10.269119340874724,0.7235673761968998,0.6310977681509078,0.723019559724586,22.164965035265823,2.9200055447078843,1.1912281319018405,1.1796276440765927,0.7534802132144669,0.12734306431540576,22.16507081365223,0.1561175822017818,-109.56818954659867
3.409487235306868,10.401579991304434,0.964861136801193,0.632715278589415,0.7247157198858688,22.282458343428555,2.8255161397067874,1.1693556892573107,1.1828988725045646,0.770497436327045,0.12540922710589755,16.78902188331471,0.19870089180719483,-37.185651911934926
3.4090226957708265,10.600971202260517,0.7257277149052501,0.5439652512743368,0.7634196380136165,20.17530859102237,2.8581531483400475,1.1602997710333238,1.3456053610594325,0.7704308386227235,0.23117299647054027,23.817200852652505,0.16694893569888036,-45.255481335415496
3.407652571136469,10.129826242991918,1.0030956946987497,0.5982203515830121,0.7418359686624029,20.24379389971061,2.7055080143854253,1.114124269484257,1.3568688407096503,0.7807436868123039,0.3338112308682701,16.577420315877422,0.17171790971689693,-40.11659025175621
3.429119724696477,10.15810530428405,0.6992299999136171,0.6332715115202314,0.7244187906097507,23.700940676877472,2.9486655143259717,1.333342896254258,1.1615396552520167,0.776608456505322,0.4000557756558133,25.324389860548187,0.21316642851300766,-123.00989273426848
3.4238874094699385,10.400376016191572,0.9929874123741673,0.6353942879412876,0.7548468177933179,19.937899219897844,2.7765843221603554,1.3586580946097198,1.3011676637952778,0.7356474632176632,0.38678159246540117,19.943562944330377,0.17050215344959518,-20.10240452271306
3.422788919049539,10.06782347655809,0.7063672188780195,0.644322146788479,0.7131506635318458,17.825336818167617,2.928646662645919,1.3814868351831022,1.360248234241236,0.7588714442967724,0.04441762486031519,17.210686521081573,0.16524821035502127,-93.12103331042745
3.4308493737294885,10.252181170784542,0.7975881051718184,0.6908900028282456,0.7009123626890951,22.74185437572517,3.157445947668897,1.1293907405663144,1.127841785315701,0.7751504742642267,0.09717606749946134,19.70150369273275,0.21415944552753594,-17.054843166358793
3.419792616458925,10.59318858296667,0.7072095514109044,0.5684241151635807,0.7330031808048105,17.755394457098507,3.262105915367938,1.3439953628120784,1.3766449766732651,0.7428370395831072,0.24463497463419326,15.730120835123065,0.20057176356772194,-74.00917317166602
3.416661136196611,10.392508987233551,0.752737747749507,0.6675314449178469,0.7278474020409751,15.522929481594725,2.7014280661457657,1.1683013937165885,1.3270353382617917,0.7422650914795337,0.40707570204544236,19.837865653852237,0.2064041748199299,-87.84553397701171
3.4188894206664413,10.6735599130624,0.9229421966251016,0.615118423096532,0.7427449790642807,17.896339618682024,3.134913481566489,1.1311081295579288,1.131309503039122,0.7493834113401884,0.2487328281554156,25.215568381792835,0.21237760778014414,-12.265765728615932
3.4291887633480114,10.46696192630851,0.778143976856822,0.6835123715526862,0.7135910027035555,18.258360800583688,2.840884165143509,1.1299999091770663,1.1236145051043014,0.7024712392928133,0.1381388124698164,17.86250038210966,0.17556547337507974,-24.225407698165853
3.4383362821271914,10.449297196040046,0.86039186748146,0.58568655918779,0.7549404762525902,17.861855839691216,3.2452710288186104,1.389680774705584,1.3597185038688266,0.7228876560893064,0.008013023221951293,19.34668491881025,0.21358174458140572,-116.7404552395573
3.4152874179993105,10.594181049875456,0.8463873338919478,0.5762222849542532,0.77244734732264,20.924500130748882,2.8823109753661216,1.3134095117231313,1.1327589365911985,0.7987112275619124,0.15663272434220646,16.42091166042508,0.2097027429924347,-35.551979363906625
3.4281291101441655,10.135980078599284,0.8092764279064857,0.6742809156559997,0.7060747033083818,18.40346036201765,3.2098424988249707,1.131998817125964,1.1222371458930844,0.7528480543739642,0.48353098162718805,17.359200129457847,0.16259174684698507,-84.04532776961312
3.4117319131352994,10.743835678069578,0.9484867393822853,0.6580114730213773,0.7460809565395313,16.959692674155445,3.126680339921117,1.245369077759955,1.2290541816467573,0.7147234773510359,0.49400569381877574,16.16660181604462,0.19956455321121613,-84.25941079290558
3.414400581506324,10.822193199772467,0.7030764846927897,0.5979498595662023,0.7495342743831683,25.490788402921375,3.1189217735456647,1.216336588077469,1.3495081811445884,0.7231495550120487,0.08948375619054794,14.122256287325598,0.21753767863604076,-114.96480250382301
3.4128643294841723,10.35851984505233,0.9559040520530944,0.5911677728889969,0.7047562697013008,17.782260368197463,2.77825026581757,1.1778000467356695,1.105016750917049,0.7366354559030592,0.20340797373757913,18.069895497906252,0.20076398613623136,-83.54543261931789
3.424319888303878,10.142002621324412,0.8743947754322383,0.6710088264444157,0.7665939815722693,22.184682480802415,2.981382838421501,1.1229333217860766,1.1832303055531632,0.7201666647488353,0.44439054446317006,23.85482338847706,0.20954624337410593,-107.9025168149337
3.437127880826802,10.620532210131987,0.8088302915145624,0.5994326915957281,0.7109647036700214,23.803383788073226,3.1722054557003894,1.3392340349816862,1.2698381002740726,0.7159954553587164,0.259129749647301,17.982716050462123,0.17694951887795435,-36.29377691604435
3.416412227831494,10.296395779511663,0.7350555205776284,0.5485501116893086,0.7348338965356025,19.36987948665402,2.731414414270753,1.1296474893370887,1.1501042828270134,0.7455707016693204,0.4028503817021468,24.254119578618187,0.17540667743393434,-105.36518853676529
3.4268848639767597,10.688876231705452,0.9146594141727622,0.596009639956049,0.7636250346383922,26.60967986733577,3.225028954731044,1.3723564001959694,1.1159699124586537,0.7426260065817584,0.4360977411329217,15.835016620445392,0.19536225307609612,-77.07752104694049
3.430948783070814,10.534708464401909,0.8366894634308693,0.6833305985821702,0.7642035439431643,16.717096420823847,3.0635509212747514,1.2343925222379204,1.3003424951007496,0.7545181015863829,0.028120771338579303,20.129698231167637,0.19141835161017612,-78.81217764481991
3.403614930437142,10.133078500770543,0.8944919617496891,0.6067416342349816,0.716315889337583,26.856328608557412,2.9390319457006564,1.2983912765613796,1.2841768171650647,0.7795728905579662,0.18853203079556383,23.799206550461186,0.20406460220003544,-122.80638560666897
3.4283893142493485,10.078111448362426,0.9953261250466645,0.5598575999659133,0.7597596170002153,24.220030567784356,2.667979502663557,1.3754859395683074,1.325490275660267,0.7409010797325566,0.06422741249358639,17.717100976035525,0.2003064374345614,-97.44060772141961
3.4256898300027534,10.75521044129264,0.7353428255486041,0.6109308327686531,0.7311222236111034,22.736800231066315,3.178835854328204,1.1890390901924552,1.227488193029937,0.7657317903863599,0.46058161003313913,19.95789893178255,0.18769291894596468,-72.60012598185128
3.418160202276547,10.235825386879725,0.6844900702625337,0.6980540826933529,0.7100857657573754,27.433710936238754,2.6474554734980402,1.2769084167378335,1.3828667876080343,0.7070111190815781,0.25491475283846043,14.98144659230628,0.15607201535538867,-7.424755488359466
3.4230461544077397,10.217192803219751,1.0259651715431783,0.6714473386114836,0.7732809773132626,18.531973822229777,2.9216512067758655,1.2044720563686995,1.1157582527853989,0.7099052160633319,0.26250964437262375,23.491474883433533,0.2171764603513647,-5.965686805387605
3.4133990725019006,10.69760807442187,0.8941567778839887,0.63344084828398,0.7195254883147885,18.372145263613092,2.891100166888842,1.3009057238452242,1.280413726253361,0.7308952016587311,0.4737960759397099,19.323245117196137,0.1967855957139137,-71.90489438933639
3.4337033710840896,10.659618403168182,0.728306439224059,0.5735154292041538,0.754074344294691,16.880526833029027,2.9263126625914504,1.232094739714945,1.3474922008942891,0.7136400072609688,0.21102584615006195,22.959641138604702,0.20602259247702692,-21.24056957469979
3.4231206677452266,10.260294593542481,1.0187494381550004,0.5529027434847901,0.7226177363970862,25.726531932231367,3.052106100723736,1.1452207856872092,1.278789953403846,0.7079291351220754,0.025577576682983383,21.504529760016602,0.18219193966672345,-96.47180052538177
3.438835860990664,10.194961226718634,0.8622839965689415,0.6418161543270522,0.7438667957539542,17.095289955928695,2.7573258492398343,1.114528325421247,1.1372577244734243,0.7631716951820876,0.19892075400441395,19.648296914285893,0.21174890304416885,-12.252700944976667
3.4060553574259815,10.799561588423302,0.871734631240749,0.5916315198101882,0.7599421706983105,19.876212268870624,2.774560269553619,1.12557132169349,1.2180895413422927,0.764925366793753,0.31613427739402605,16.070669335725093,0.2177657334126383,-123.89741778473466
3.421180157584049,10.110441578657658,0.663282201010247,0.5488544603021239,0.7227522064061452,16.62006046085188,3.2478869267912613,1.1337589275110658,1.3309503431258614,0.7479100850386529,0.2727441283926859,17.48984968025097,0.18698649745902493,-57.23859850804752
3.4159396662082324,10.654268523360797,0.9899067081346469,0.6722320687732338,0.702081479986416,15.721382633802556,3.004961223678421,1.120599585875106,1.1355495129855633,0.7116113001072873,0.08538603406398833,20.2796047875027,0.18035048782541457,-13.539946856177579
3.4385805598076558,10.713222581372971,0.6970357024086582,0.5996004480316466,0.7338947897118401,16.994198891896573,3.0339478796768518,1.3745548869462247,1.377341971147831,0.7101970046198887,0.364213541780892,15.410077300145193,0.18815517386524255,-74.4896629924144
3.403440052195625,10.015531519871951,0.9924127819663915,0.6244369890422464,0.7707454987387231,25.457412268859585,3.117231406821371,1.2115144121053423,1.1244363639725696,0.7789146367313854,0.26022181269030287,17.6223894143221,0.167341065896163,-67.49145437564016
3.421844660803878,10.722282297149462,0.8377996072269538,0.6747172034916514,0.7683263998259287,27.357677069492468,3.0020023558092386,1.2179006966172845,1.3013981186835852,0.7144381343162279,0.27138951030552105,23.022343747058756,0.17004567946333324,-6.181310788096582
3.4096823440038917,10.750760686644071,0.9469548010128178,0.5449212259948599,0.722581742188411,25.012884622390324,2.8414221860401176,1.175842144791954,1.3951055629462445,0.7728287679704299,0.3901064680914152,24.680351639627958,0.1949999800347186,-16.37613819473364
3.418656615159748,10.784263277246447,0.8881248730898332,0.5443469098292595,0.7314727275684049,26.12940755343623,3.0902336139342914,1.1223972715156902,1.3266604326890616,0.7863734523479873,0.3304017801214081,25.79449135332127,0.19654106159379583,-34.866186210018896
3.434300348264563,10.019058690835099,0.7571101527289413,0.643895610888027,0.7023438682242045,21.002019124873232,2.709549761020616,1.2922411174601014,1.1871742128426817,0.7525997168609331,0.37255291229827725,24.187132918750617,0.1974208484170007,-31.935358863512164
3.4336429306504317,10.71385890267735,0.8143699281588552,0.678763921025854,0.7142313121093905,25.617796338329946,2.936707570544624,1.297664245596407,1.2103876847622952,0.7486079162550198,0.10162462472897228,15.983079340901009,0.1545672255917341,-82.64586534079868
3.40878792717866,10.157506393740604,0.6561436542940681,0.5858359451600615,0.7681175311193817,16.936239144655634,3.2528188040452393,1.1112806121161465,1.3347118456262899,0.7978038940311601,0.0476073987565686,14.152057110532953,0.15544772493097497,-109.24342618218924
3.410573797200695,10.011824930743035,1.0112514081916995,0.5407943516561758,0.766738520302035,21.051149515254416,3.1594898169695096,1.1447391270601446,1.1310309348963725,0.7805177551352183,0.2010083071825202,17.17801819228844,0.15107349077762142,-95.51214977048458
3.425729859606985,10.841703171246827,0.9448752585145916,0.5492023672325494,0.7364417695164487,28.332629837934732,2.846860652887637,1.2978400914641195,1.2184092289410442,0.7894599762845339,0.37381109802683976,22.981092020518282,0.20394108737114436,-60.50630430669649
3.4209391982828525,10.29685050487304,1.0277085131819934,0.5813854992269295,0.731254112819039,18.924262589067727,2.9060891483282414,1.2397497116876628,1.1485641212023454,0.7468295738050175,0.2588741491233629,23.372289557132838,0.19230102496764753,-2.7488582589079584
3.428747813857989,10.309100928271137,0.7742461862351918,0.6015249416824703,0.764357965577903,25.848277041654804,3.1923305808089895,1.386333095889845,1.2828225274322662,0.7325006970704775,0.053081790765421535,21.013888156432415,0.15972937720943342,-15.642939210403256
3.409083252291843,10.770227120324273,0.6765991105168512,0.6695267876175628,0.7287909489569318,22.886144146130373,2.9087212343520696,1.3292156245846207,1.2063559357058646,0.7494579154034776,0.19897190993736866,18.003034385147267,0.21635073374868102,-67.24573340790792
3.432853748613562,10.518689078010205,0.9300815182318336,0.6136630874800215,0.7465466265350339,18.010203477912846,2.976068105248407,1.2500314487895263,1.3540258972732042,0.7766202926471769,0.1431560680912736,21.387340138399026,0.18476061264304797,-22.207012632970404
3.403032946898615,10.416469263769873,0.9600493991668623,0.6504922639180868,0.7646868555319096,23.777510361383268,3.117684399187623,1.2970145036290988,1.3012555381700222,0.7034458558687975,0.002514453930896699,20.96137783607859,0.21677764779097064,-47.24009968917861
3.4059772263412404,10.02045584140763,0.8672357001500248,0.6586419646719696,0.7626652658989077,16.426192887725563,2.949602253259216,1.1527154227605159,1.3439060219466912,0.7092784096925223,0.400802793169844,19.87295474719714,0.16987693791068137,-105.59774147838809
3.4191464524165784,10.19441279002204,0.7356693913442162,0.5482755646790262,0.7630277478419776,23.095818999933215,2.7626146492269967,1.296343071186414,1.2348083214885592,0.7900919808063533,0.004269269459469171,24.74120617542843,0.21145090133414862,-48.11068384542146
3.4157316251703045,10.151012510093631,0.973590741333023,0.688639132385563,0.7239135135603091,27.760948609413283,2.6968573171299037,1.2776331496512023,1.387949954171274,0.7987713825677019,0.004738585538886138,23.875488020355444,0.17555303918167478,-61.86913739140703
3.4180169278346395,10.328927493243311,0.9162448221788629,0.6618529939980062,0.7324409686275898,17.469952656041833,2.700382612940383,1.2932764711207407,1.3794711228724408,0.752121707775943,0.47157395847441425,23.83108461887039,0.20272636902473823,-66.39622192897428
3.439563114584611,10.139253440016525,0.9950964589374228,0.6245162917158469,0.7629690204695512,21.066870624593896,2.855718393498149,1.1094589452602743,1.175487564340332,0.7718138639204553,0.36697451493401695,16.80428720067603,0.1569752777867157,-32.92224114029378
3.437985654718595,10.71595780727433,0.7731644767946536,0.5764928025268081,0.7694599371956649,24.421514442417617,3.1377058138297125,1.3007080477561868,1.233331525648014,0.7736592989647885,0.38191926964941636,25.43150186065201,0.18274418252203947,-85.40816083144085
3.411638799601284,10.388122649427004,0.6737205408390641,0.599419222225815,0.7742719222265049,25.07019819323269,2.835470990737024,1.36943679786259,1.1050795199546357,0.7734774928640678,0.21291771164091128,21.1968670882846,0.15856879696565349,-41.01746136971434
3.431598131790128,10.264171800510772,0.7576106806258196,0.6446831202011144,0.7690051046424167,17.35377462303149,3.051614406430316,1.2346116895491437,1.190665468421858,0.7435667092038102,0.031153840320589536,21.304429346109984,0.1783210605377669,-19.734991974911722
3.4135607070317104,10.469397785025663,0.6553705721314969,0.6870948674879231,0.7153272194415812,17.81479620009826,2.9739675879886516,1.1487482048338864,1.2413124582766035,0.7910431793304531,0.3054200942653428,14.536584644424842,0.1656526565588955,-35.02310529206342
3.4269481332651175,10.585086192240738,0.6751222635655546,0.6119780962143607,0.7026110105632319,25.830622655162756,2.7757664165624867,1.2381283152467293,1.1079738156791548,0.7917278708010858,0.3087982213771242,18.625437425249224,0.20524832647426405,-19.37283415887417
3.4286265961769704,10.177055926071775,0.812678935981802,0.6490890107730294,0.7320139779604098,17.854153567865477,3.127876984436715,1.169546694396215,1.1839453702814167,0.7288075781272892,0.4077640626388337,23.310684075734898,0.19482241240252768,-13.825893399872143
3.4305633668472937,10.618609783626054,0.8940403483012093,0.693690085126373,0.7455803053829585,24.158479890071277,3.0673793083513066,1.337642440709034,1.3532374080216585,0.7204938224724384,0.18436338137693015,25.792346202967728,0.20408157786191766,-19.574198034082514
3.4239172099501194,10.8769044549134,0.994003912325783,0.5456127037849487,0.7553940492086206,26.932895457208126,3.148460566414962,1.3525705532504175,1.1056885713934348,0.7866095185774238,0.3009893220592797,15.60701879674761,0.17274459780795104,-116.15780250876765
3.403475727507612,10.436650186022788,0.6952360865297532,0.6744123791147567,0.7244930398708628,21.326813158943907,3.2770515936119464,1.3872971906397502,1.3554926214573177,0.7760079593417815,0.4091969494786089,21.65961086092712,0.17795297890480144,-111.67815263425499
3.409722310905415,10.820416033431716,0.7202652188743466,0.6030600846149832,0.7054519092473787,26.92534207288142,2.694751655080442,1.1906456360146738,1.1045120070333558,0.7474320733957263,0.1526951273372108,16.793142478615067,0.19358550957710974,-101.48825866925029
3.4370438900566342,10.88220448198088,0.8412768199245163,0.6625763895055516,0.7006627401319206,18.906233327089094,2.7835724977677367,1.3457568022876996,1.1468957249342584,0.7172885479641997,0.1992238030901088,20.309906239458964,0.21772762162299653,-14.882249662191597
3.416891777379844,10.385231285977857,0.967104223775991,0.6041491056952932,0.7276555321318106,23.78413938035092,2.703691728657004,1.2377348052269606,1.3549567330563614,0.798852314898589,0.03149538213896748,19.900383679325973,0.17861884342399345,-42.38545290002784
3.4190230460881414,10.726874512776789,0.9990219701556027,0.5633051636504165,0.7503351140933447,27.95665660974778,3.1257934264278453,1.2435359262627417,1.3618396782655695,0.7772026052222012,0.28877222337557434,19.04637085834824,0.18680931552710595,-26.73693476616758
3.402358641309754,10.745795086375146,0.7149198064944309,0.6066500847349581,0.7626098982210033,19.577061357947265,2.732923815800951,1.366907191298708,1.2131661265994655,0.7634432901893935,0.40465439442597384,17.834067407930203,0.20724059329512037,-10.194496771950355
3.4330437349040093,10.74645373421128,0.796355032421568,0.614370014043616,0.7758144122000897,22.653590839413113,2.7580650577672654,1.1092917892702832,1.2813413627681793,0.7133192646332829,0.30678155981407235,21.79800052082842,0.18703959772223727,-96.49698255172106
3.4006397121486027,10.53384321719485,0.7247338395300758,0.6662864246672445,0.7501109456704128,15.854588523630749,2.8562683991823237,1.1886179299994593,1.3157046681446571,0.7921981876527391,0.09385483201113685,23.370638884432793,0.21724126352635287,-7.355200530752953
3.421570901513024,10.779042007081157,1.005779334388359,0.6931210458357517,0.7571908521903015,26.966031445270282,3.228138046702501,1.3611655140404841,1.2584630150219507,0.7725869161467802,0.39668868498354204,17.266129459090752,0.1742473164249817,-71.65401046590672
3.40446033312513,10.696178734975438,0.8861574997649554,0.5411147941271137,0.7566876430334856,15.651721870986465,2.7464579034810868,1.261563222442454,1.299803961437409,0.7626184998200806,0.4282637922010945,18.841096991498997,0.2119310571385767,-109.00800227030889
3.4182710483774046,10.295911906014952,0.6511076154426343,0.6728302367855676,0.7104789660987261,18.199375788223296,2.934847604704216,1.3161987310000722,1.3111424983488134,0.7411945809026261,0.2995136548978433,19.848861491815985,0.18579464023930498,-78.30059537419288
3.408484258075554,10.34868494487293,0.948143510085488,0.6867469001646083,0.7409522432101968,23.441585002304535,3.121130359399844,1.131545458593998,1.2112739912109933,0.702922156397458,0.4623011346073448,21.57379099729125,0.18254024482340447,-69.69246671934923
3.4263567719239143,10.112222289909047,1.0158316137624395,0.6110242595144689,0.7594549304220939,23.057532840573742,2.8362333246399003,1.3867722743921767,1.2300470242856656,0.7251523208293383,0.12131769747666053,20.835008840413035,0.18269761503585832,-103.94515843746963
3.4334589927846406,10.295248049985323,0.995466717037714,0.6889894837242241,0.7310262021435682,21.999186995697613,2.654112553177215,1.3674474653726147,1.1713232180569682,0.7467049836266617,0.30347062420777,23.94234621330829,0.16496216327109367,-26.639854603968885
3.4211870468115637,10.356708543359398,0.6703560870672411,0.5583070082217308,0.7541621628756976,26.230115762246818,3.007616319820786,1.3129032827338158,1.3434245135660934,0.7255060540503367,0.47710976613765227,14.573427092936187,0.1766391847870856,-74.73095398168748
3.4326353514938734,10.529283112097199,0.7275204149188526,0.6209828008211661,0.7569083298448841,20.9026379480072,2.702475960947278,1.297530541431877,1.3042952047737786,0.7660972207493766,0.47007836172468404,21.96071436327575,0.21344027076883476,-16.311985627213105
3.4377221496471497,10.594816459915863,0.8784954348289196,0.6541703575241289,0.7634370167527729,18.701941444501813,2.9457562520519924,1.3764964288988384,1.2881362714827704,0.799433005140103,0.16715599403984263,15.751430763998266,0.18854472934953131,-33.799809144297214
3.407042164093382,10.063696567900145,0.8508583006775609,0.5749880400451672,0.7113243434034381,26.208809136975276,2.7460293228200365,1.2341385316482105,1.167588768439484,0.7077131164855172,0.43492837314427846,22.112290637688186,0.16030212495251628,-103.08182236035302
3.401292512392334,10.580796013229746,0.9155465966896307,0.56951639955415,0.760603209125103,22.910712245708638,2.9453211792293,1.117454758211282,1.2557603417593535,0.7730700198009409,0.16156148921949615,18.427468348934674,0.21737378346037456,-65.40021391644487
3.417587804990839,10.09054552783524,0.9235922701901531,0.694961394996668,0.7704902706730097,19.354383020315588,2.9569017322588396,1.2391523479211621,1.2249925795072902,0.7969544365176477,0.27990333237948656,17.203885012729643,0.17782356905390367,-84.34751808731762
3.4281268030234218,10.486248626348981,0.9962045002282438,0.5931686874217103,0.7732266218768479,27.474983437774462,2.9201653962473317,1.3570099362158439,1.384343702941191,0.701834169402464,0.2710128303392271,22.09479194114273,0.18721579652354367,-114.16876860484491
3.421980420621397,10.026493945164143,0.7337878302430699,0.6258526860510195,0.7543136347618875,17.8891829048908,2.7815506242928887,1.263689218036553,1.1858182520721248,0.727521207744969,0.08270757618729134,20.100529301450948,0.1906289777597184,-67.60247161221099
3.412108166217217,10.400834234646682,1.0014488437675078,0.6730476601956745,0.7027092722184283,24.901015121473435,2.96635250260818,1.128172347306063,1.256424326984216,0.7509120135914056,0.39733908182874617,20.07904410589962,0.19044960580818218,-74.7704090659392
3.403748006785589,10.655236873021554,0.7343819621124532,0.5732149588019086,0.735755956296125,26.780025580542798,2.810196355512214,1.3941878751183474,1.2602883752783172,0.748929349466469,0.23716028916056617,15.10707206296768,0.18392259549635717,-74.92602374185329
3.4213841473228626,10.612925947930828,0.8505748842702272,0.5434873267871515,0.741014061839865,20.612569782842243,2.8402023101322436,1.1796018059495659,1.154959187076531,0.7070808631035063,0.056957988868586065,24.752283001799334,0.16481221911816313,-102.16924328711613
3.427668473880217,10.158455798740814,0.6705335342165997,0.5625516161786925,0.7489410397913038,17.149021262206777,2.944497892546092,1.3660835395753566,1.2472262515013173,0.7222887108334812,0.29819874410555147,14.501926284412916,0.17133393236539585,-45.35276754926643
3.426111094654776,10.452422782737576,0.692846916300781,0.5918645289068046,0.7498264825517605,15.595123242053226,2.901255229299678,1.232578908544903,1.3077645273442153,0.7211761786740024,0.03254123449911511,22.041614736036735,0.1634962641509332,-121.96081709756524
3.4237445542938785,10.154243324315702,0.8357639443460769,0.5811064775710042,0.7478063027479764,16.03917617658317,3.2012855259286352,1.1176533439362901,1.3600757334740696,0.7324933791531174,0.31092469984019566,22.93193861405605,0.19422477048551307,-51.939516482719085
3.436777913937476,10.357723032825298,0.9034682718537057,0.5801499271304214,0.7794749052875823,22.126946682119,2.86291986575231,1.3299889377971563,1.3370282169470487,0.7293098844373617,0.10976440974366974,14.956633294806325,0.17578323848430877,-21.963014868964336
3.4266746351070276,10.430840236867223,0.9720950114775881,0.6688807259118514,0.7552206377767464,15.324661033765706,2.7058061769891513,1.2058193100392582,1.35931166317696,0.7037805714470807,0.3112430566897239,17.06069217933824,0.1957996918012993,-95.61131561748451
3.428305967580189,10.489954138748395,1.016522544068684,0.6981612213216719,0.757276338529635,21.29506235717232,2.6947190207336926,1.1854658671281135,1.277114531873123,0.7319276246263611,0.2351412170046917,21.96595762832005,0.17717325099174117,-112.79433901240817
3.436907694584207,10.13088174325858,0.721601577609526,0.6383871977664789,0.7758766521141177,18.79251531709147,3.1549316969580072,1.172760518248458,1.3832110409690395,0.7115784156122181,0.19152826167879194,15.368493160590821,0.19540438605832694,-62.656233745893886
3.416066439460215,10.542175467329695,0.6778933086020558,0.6295587187371245,0.7383403444580309,24.562418914821553,2.8979993731370755,1.1460847942491494,1.1419139950246957,0.7857237439592994,0.01698126227040472,17.098654059170286,0.19887899476388393,-85.990076353788
3.430768617011813,10.816842665353189,0.7701283964868472,0.6848967696213483,0.7000676278333204,19.133602087244018,3.2447975670209717,1.2739043282184073,1.2319797950711688,0.7347834382945286,0.23488245413613043,17.877915696571186,0.17883223118549452,-86.16187819145462
3.433291103715893,10.275011306637333,0.9099546629056557,0.6726115948511648,0.7031309083878704,24.470383425480712,3.059941192433543,1.2823561625849902,1.2872360597466221,0.7382855746137091,0.2109937323677343,16.610580104057426,0.2057992718828016,-74.32979825542935
3.4330151105965965,10.713284360610606,0.7817838429625128,0.5729580574290468,0.7114716125444573,20.430619715692306,3.1133699415656895,1.3180383163247436,1.2141734549730874,0.7507592018210218,0.08958160749087143,20.087575870962315,0.15063073938877958,-120.87879012594396
3.4162670704605147,10.709726514778483,0.655041093771839,0.6350710741205076,0.7496436408737149,28.29420620324725,3.157860493979699,1.248191242883247,1.3003113254540202,0.7445336055181885,0.40107051885188294,20.61277048307661,0.17903046991887456,-101.68512682589306
3.434014343214746,10.257840136777975,0.8750884593582704,0.6107130182224625,0.7099737820618719,21.594772144893717,2.7811418299789628,1.1081964289701325,1.1635603498862856,0.7396337425864108,0.46069077531269487,18.64679585249879,0.1511300518071724,-0.35184597682643926
3.417171425905268,10.158605903866201,0.9669681955327014,0.5777153836599124,0.7462444315253636,21.5919177514066,2.7309964889624907,1.3856592612116785,1.2748122059412423,0.7696728953685213,0.49501866784957893,24.213435438718577,0.16214055850724263,-62.379538013458635
3.43620834095545,10.370615144640716,0.7610532676303988,0.6542723705179485,0.7086221892122283,23.204537486241357,3.2322463425494505,1.3004435418756994,1.3962055588770685,0.7023990772901731,0.15854708261100214,20.830768248696135,0.17833045753172952,-53.30847898136504
3.40899893522646,10.429754700251152,0.6583016924057646,0.5432663701786425,0.7022935877423476,18.841641076083718,2.894799442217945,1.266821569981423,1.2761996274242629,0.7957931647231307,0.1278605290982832,21.443348616581865,0.1925058975191805,-114.2360965362859
3.4129208527965273,10.085919863350089,0.660369881139411,0.6730027851731498,0.7445997996849093,15.891454942246845,3.091280250315233,1.2293633781978988,1.1480224792325826,0.7117155742828486,0.21683649910003464,19.793410925541476,0.21532199989664236,-83.92102235072039
3.425210066898587,10.5780536911997,0.656621377670893,0.6722928543507215,0.7269006095592637,18.687281166034897,3.1623738057563306,1.1880320720868727,1.130574705129116,0.7739348442599405,0.19802754186634342,18.38103774783179,0.19043008173800025,-20.483706275349917
3.4149828617474745,10.252741330708558,0.9778799080515482,0.6866438649090691,0.7229985390127642,28.025035540118424,3.0490047565330163,1.1926380783117663,1.3433522311368171,0.7588959187768085,0.10195542615275997,22.152136872867978,0.1937904706423644,-72.65284672225783
3.4318763452228733,10.084991913125872,0.9004873464395722,0.5995663795233022,0.7627341560326456,24.70524509155944,2.923959845234579,1.3310242914892845,1.3969117232313393,0.729158558135072,0.12256372093134461,22.759774248163282,0.20427864922539446,-8.563358066632631
3.429070744093058,10.20057134857961,0.9018046858962544,0.6972263058773257,0.70277458872773,24.554790339333447,2.7497689976623927,1.1311532835990148,1.1386635195447248,0.7239778038643065,0.08771039309492729,19.930966202455984,0.18599305501865274,-19.914273207016606
3.4293948118048267,10.59570726972592,0.7470058778211118,0.5873501225860901,0.7602986607377445,17.021377153113907,2.7730022818340925,1.1231920681677865,1.190473338271144,0.7834283723842792,0.07005419820331742,20.357533795043757,0.19681523124255101,-115.86384408253761
3.430566275614996,10.896334026399224,0.8209854472184417,0.6225020115856632,0.7453018748489362,21.08835142248458,3.094079384274546,1.24764626447554,1.2285283567812293,0.7883893771546469,0.4228913672748793,23.851619615438075,0.18903654299990608,-13.765038711593334
3.4071300399895366,10.366040852914072,0.9387618964200225,0.6845792766256114,0.7621347745817206,18.22751683177489,3.1900092116926166,1.3544235219197005,1.1165011359255514,0.7827787805549652,0.361823243946318,17.764758114556564,0.17760714549941958,-5.793925660930313
3.4043474017047255,10.715558416319238,0.680059500163655,0.6376680750639433,0.7562695679782538,27.36849837577762,3.008431019518865,1.3907151199568695,1.2413393900743013,0.7381821890796618,0.04020177427358567,21.566706972805534,0.19580142195426103,-97.29200991356046
3.4073352714984813,10.464630954602177,0.9799165746690668,0.6973830032238593,0.7653686617190544,26.33059366143067,2.8450313548987958,1.1315712691703785,1.326058361386655,0.7978424284990682,0.15590114153803147,23.002292124209674,0.20422029518989637,-59.42999815008238
3.4332501812104357,10.594411265757163,0.8976187053709737,0.617705780638532,0.7411722841334835,26.986913005444716,2.6438696009140252,1.130130399615756,1.1317222794336277,0.7873051050025657,0.07688232720784097,18.62291481964841,0.16663563374815638,-13.310256854724187
3.420045578577441,10.268442824110982,0.9790464230214206,0.6819821704216138,0.7549310890775641,23.209973829877097,2.984289697985167,1.2067492043860213,1.1101647015515699,0.771473572982325,0.4795585564561074,23.144079054717835,0.15381586521615498,-2.9473940860265913
3.4262080508543105,10.46055378518142,0.7507105792816038,0.5793244374320893,0.7074844734509742,21.775639548887256,3.0920304850982134,1.1378590680736205,1.2780965479530357,0.7485889738259411,0.48899832375166125,18.047192991964046,0.19530735390639206,-101.78169103991365
3.437388764497666,10.32323497702852,0.9820308643731217,0.6167579885194805,0.7260310110423295,23.54863918045782,2.956378468233002,1.199903105911412,1.208783151385156,0.7589567965948432,0.43763256446992366,25.088685697156265,0.19056959952347,-47.04593735567592
3.4290850369941346,10.555007489767453,0.8433293076516797,0.6389428235852805,0.7135341845109814,24.107159202100927,2.983621786093921,1.12907698997629,1.1374167497236802,0.7699740890840583,0.16878014770084457,24.63216781765711,0.1678599695992937,-115.13295252325801
3.4330441720728526,10.337602928530195,0.9568453980886813,0.6667007556367767,0.725264445640117,26.895263913796356,3.07103130799564,1.2513282093088103,1.3893917677002592,0.7960125965038771,0.21000479682381853,25.179336694553363,0.17053701873284527,-2.1781872599239307
3.433008086493429,10.79103258783005,0.7276496637847316,0.6366960139776712,0.7476401523530475,21.331621141551324,2.6422793138074594,1.2665537201570076,1.1962963207635695,0.7599915243687976,0.47274872665471485,20.662184791180035,0.15894181397210164,-12.98148504697248
3.435935324365601,10.7848412658089,0.9320286097662609,0.6706204969914508,0.7406060035749419,24.37432645661117,2.6578997645318823,1.1873936851704685,1.312307733293143,0.7859557749539537,0.39326740305314806,20.19221287526686,0.202803914749913,-87.95389880376585
3.4028488008544,10.439051598678807,0.7930686118371166,0.6644852986180579,0.7545675938352555,26.539830656858058,2.725019548143586,1.2683653014986578,1.1162759439572256,0.7654679853592855,0.3829771118635041,24.765374046112107,0.1602643825728567,-13.671356889795646
3.4360107995761693,10.192342992337876,0.8304772577444796,0.6878755100639384,0.7299348156385929,17.20138391271657,3.012267822451164,1.2416061054187753,1.287264312070449,0.7879477285276313,0.4966746418788885,24.785742263337294,0.16083918279904158,-90.30654415574284
3.4012415179256195,10.6441556296881,0.9943879286176386,0.6394179532377074,0.7342155188162812,18.684035685546153,3.279282836532505,1.2687654768808743,1.1935629220618504,0.7095691245574144,0.48190907071676753,22.68823764565269,0.18779558564132393,-33.3469267130113
3.4103327278266593,10.275421974173788,0.7166309856791477,0.5638975548255706,0.7705007917605847,25.71425671261496,3.0847116209237413,1.3701894366863405,1.154546434291718,0.7368000165417491,0.3737227045961099,15.290518639591674,0.16860719398947488,-52.55874206013361
3.4195781933823053,10.686797599490832,0.8623177757019609,0.6710799514247121,0.7736278221353952,19.349060346945308,2.650166807797713,1.127228389731639,1.3836045702505602,0.7553269028472447,0.0650757525826165,23.40653751169528,0.1902324002599789,-91.09514070409244
3.418446349312063,10.391897068079517,0.8746689821028153,0.620545219392712,0.7793603710786218,17.619777221424012,2.6839838968548477,1.3144178002488536,1.3551593642304869,0.7394148585232387,0.40723973181847456,23.709656743009596,0.1914519572735514,-61.62259265013717
3.4397963464563426,10.373494607943439,0.8323348569228542,0.5958344258135606,0.7116611888445664,16.86536378712232,2.8057001196000217,1.147245283882452,1.2550309551214685,0.7992319129125997,0.4224860572801199,14.322659635666302,0.20373517130832353,-63.30219790168718
3.408435767434196,10.087877664348522,1.02356103945514,0.6333126546917673,0.7105810803693049,22.961679410826953,2.915838638729497,1.2133177349394424,1.3845917404181787,0.7971760754679542,0.15689684347197383,25.850866693844637,0.1636858618871719,-24.078615305660307
3.424585732041235,10.661089941855828,0.8075485542368561,0.6501396521880192,0.7055845472612675,19.997300047261305,2.7476882965049905,1.3603138260026615,1.3477816314756816,0.7262459008727818,0.4464579782067119,23.521618726368835,0.19026462202797226,-71.74149002696961
3.4127482763057166,10.790032196972454,0.8046099743926829,0.5983196275746911,0.7737154964346331,15.73478373623359,3.100980405132173,1.36412525854545,1.205341623363027,0.7946477163953953,0.011194730345327957,18.083605709257302,0.2035550221184517,-54.191452767661076
3.4155692479974924,10.175117161337615,0.7555375084010205,0.6690760681770452,0.7468820580219149,23.83303199214697,2.7423278607518045,1.1029321216500911,1.37727963996254,0.7453816188742113,0.09510880483313691,17.520794620434536,0.15169884405127698,-66.20665450134683
3.405933367407345,10.118067745303232,0.9163486829239276,0.5959288878914276,0.7321554091198814,18.34468655686578,3.0840746497534792,1.3992293457310478,1.3722879248080826,0.7206158383616186,0.4196459510168935,18.73704263006335,0.18554346395463986,-116.43587084506852
3.431412944230776,10.096021080439064,0.9997879047671183,0.6966317665022463,0.7365793572715551,21.435265095957526,3.035912026368786,1.2363427756795533,1.1251585238056212,0.7462149128276652,0.02135773568006387,20.33092286764992,0.2154930650486674,-112.32766779884429
3.4108552784326616,10.207865517212317,0.7411162769510783,0.5571915882665833,0.7787905967612272,22.586012288252967,2.8385475353840293,1.1102533820787375,1.193658989801351,0.7243236331074664,0.32252082465610216,16.591650451290135,0.17921377143360367,-34.92574327781581
3.4233263069438333,10.627096218192822,0.8986085910339175,0.6531598586946766,0.7151712291390968,27.990962684735777,3.202109808501384,1.230951691487062,1.1340103584799361,0.7201382629898292,0.4705797969512316,24.972988718960302,0.2161672893860721,-96.32417630506615
3.4346934935867046,10.694474574847591,0.7241731126119905,0.698027157555833,0.7442110935639823,28.002613303496226,3.064680568750369,1.3716037029327313,1.125523651562404,0.7189302365710029,0.2247338776761285,24.50472884174069,0.15248243325280886,-70.95198848547882
3.425707248857697,10.769429333202558,0.6870839519392934,0.5837806734278614,0.7482181447846558,21.241716921558055,2.974135540997574,1.1736741832464919,1.1963752660516054,0.7335229465472302,0.4144267704543145,16.58682718451359,0.2142860257614259,-16.97931702777835
3.427043559506425,10.60458281010693,0.7112842786837553,0.5780629427367469,0.7769658364302922,20.934548485985516,2.665946005693104,1.3950358353166026,1.3462961531245334,0.7752697355086021,0.4536523531875403,24.974236746935436,0.19770575149286124,-4.715878314988814
3.4216338095698546,10.685607814360838,0.6522623021017488,0.5504309088200761,0.746671960634617,25.149375303420197,2.8441592394137434,1.2477825130750821,1.1791074063827176,0.7087966026753026,0.30485778220488724,21.635004199845618,0.15508069260912377,-76.78122639548938
3.431776310637335,10.099574555165152,1.0065809058062425,0.609248370607191,0.7093912454801627,23.674819460120048,2.687750970207154,1.2348021497051338,1.2467116259675817,0.7176137638531861,0.17752446920026435,20.766843271281477,0.21088140739969155,-82.53739323721481
3.4147449244117194,10.221647511803475,0.7133678684598723,0.6343114566906095,0.7798209458542498,27.26769705890321,3.193324301497504,1.2488065534663384,1.3086303909077786,0.737499888672081,0.29747074250123895,24.547738394065988,0.174218377147785,-77.57876115542766
3.4074086976189917,10.349731962006416,0.8845802789801728,0.56017700820881,0.7265420129522475,26.357068145632176,3.0138420544841305,1.3522495085227086,1.2708819602352879,0.7629962041949802,0.03410124055672093,21.717045498771444,0.16781490136498584,-54.56037667171289
3.423273958095885,10.364391681585182,0.8107112804894425,0.5649271932415093,0.7040144049599472,22.577231344291665,2.653109276996731,1.154837179512839,1.1683766322868736,0.7666394837130209,0.303923008538721,23.035845405491077,0.15038571532566775,-49.24016090473063
3.404056684582042,10.537411952614212,0.7316094477219873,0.674805492854521,0.736275346058807,18.812664168229873,2.7941130848537283,1.394959612526315,1.2431440385650219,0.7079147262554619,0.06911846618390612,18.962549149125856,0.20292737601760483,-4.698059375549732
3.408530649246863,10.706292154180268,0.8929266954839691,0.6647252547660037,0.7337858874053323,19.763691653555625,2.6677111270673515,1.3956914438054484,1.3621555701133437,0.7361520980436533,0.015055725281741913,19.998217913799536,0.17253365666092993,-60.77112400019899
3.4353805019611827,10.088842617016295,0.9143545243485592,0.5484024581878814,0.7435272295644992,18.075260337918152,2.8578994771082615,1.25280577970407,1.1283224155856864,0.7347163381827718,0.24154970915980856,19.867386051720764,0.15835839323131165,-104.12968580485713
3.422829383906751,10.342684212626555,0.9020094230404206,0.5597094895580955,0.727354059615356,21.16329442095264,3.037658227631811,1.1205534619311097,1.1512765863231955,0.7089619064802378,0.20824307098841552,19.22624610767399,0.16905283727458506,-121.66802706242568
3.4127793258580077,10.27192301537946,1.0029166846515707,0.6102021808791235,0.7425824849577517,21.478976623413153,2.9508209515979282,1.371929705650271,1.226888163767249,0.7823584665271881,0.0889865204818761,18.82610649025454,0.2000211674524609,-90.6941073255949
3.40181826623841,10.108967955546373,1.0007432779107304,0.5503859227296267,0.7628029147432159,19.274055025243836,2.8003766950343194,1.2031074695522124,1.230579683382072,0.777697989066562,0.02119442631696813,22.370637217829398,0.20855823736743723,-15.722598754511722
3.410987428653475,10.078677427038965,0.6810110933088532,0.625835558775593,0.7157588266206023,23.361223954012978,2.686826908864299,1.3113551808020165,1.3919225739634304,0.7222556726953809,0.32287452673860884,25.655696012270433,0.17048753118989562,-36.777119609513065
3.4155939603287404,10.382547836543125,0.7243719450226658,0.6074065374844758,0.7602358548972348,23.99157279944799,3.0015951049413543,1.3149045726734567,1.3894580587506202,0.719576793318493,0.12947531502825244,14.093161963516259,0.16396688834213985,-35.29495878802517
3.4346661847039686,10.433377883821073,0.8361684023565635,0.6935435574358639,0.7637817942628249,16.779422624646507,2.670732119266957,1.2255769541611072,1.3330061841285203,0.7645272198754574,0.19282434535584397,22.23908148037424,0.1806371581316173,-101.60109714209474
3.4157492779045526,10.376831812812236,0.8124943960335146,0.5969831570311313,0.711371162920046,24.44881545463965,2.733610276436477,1.230791723119889,1.1654436609776124,0.7714540985157933,0.3157949443040102,15.378020194392647,0.20521034897755583,-51.849349461469885
3.400782201926948,10.726992620972698,0.8919451935179641,0.6811687021755208,0.7660126768277641,16.967662764575994,2.9514425015309995,1.1772291700503466,1.3434183540168663,0.7564761713637573,0.3895409024046446,21.434787259653206,0.155413013525776,-120.53997857921703
3.4032052636021946,10.144756284041003,0.6612430057169125,0.6206245251900362,0.7417471575692757,26.1581553847932,2.977968407900185,1.3106903897298703,1.1938643467760257,0.7248106223115397,0.23993348631381453,18.83795881423527,0.19067055255772186,-87.34425708281657
3.4294352039482057,10.797101516185789,0.7793074528598142,0.6687427774049259,0.7495812185679201,25.014938385317734,2.749652167136134,1.3803802181193952,1.371446913678657,0.7686122813175917,0.15344916352052193,18.055145426302207,0.1712379832443519,-111.38727396934175
3.416219499000218,10.346764492130363,0.6605070428024691,0.5799108601003164,0.756917908524261,23.470408416121977,2.878742042684666,1.3814506103782662,1.2411853983148058,0.7554822110232243,0.032248563590164155,15.167152161413089,0.16591924011528936,-43.76632535480414
3.412907370228243,10.122808607839206,0.6757225958049191,0.6396663064238438,0.7418766386452941,19.75278047763393,2.825780263154341,1.2464380085919116,1.3984965979264046,0.7359314799973347,0.33435025234696497,25.197955289386464,0.19673920640591977,-68.62607730305919
3.407437718625249,10.560498551809827,0.6724451141249397,0.6107542314950315,0.7310493133829499,16.631362615770108,2.961576106652001,1.1912372318176536,1.1531047271111785,0.7806712391744095,0.4089703055646429,21.02775129334043,0.17025294167820482,-70.03138039114904
3.435657214480009,10.47208491021155,0.9355469300389869,0.6597741255906617,0.7251956597051675,27.77981175518697,2.835448014428735,1.385497516495901,1.29072458568782,0.7789351308051885,0.37983802753737594,20.491806729919077,0.1906843284559365,-21.711551767814555
3.4051366630525117,10.231527582675573,0.7031128799387604,0.5635486795352578,0.7489172684109396,21.545969622413526,2.8085679008072595,1.386653521073148,1.2698121900449395,0.7517450433515989,0.07908285892714753,22.06265820368446,0.1989251381461471,-3.9017959381594807
3.4237501262380396,10.747356973183061,0.9152782771112877,0.6799562426046022,0.756375891358652,17.58368749295869,2.7569814633414085,1.1528271640166676,1.22438718945049,0.7442251743075955,0.18150335239225987,23.119082156900426,0.16294881992636295,-15.995688176450912
3.4193108424743808,10.02880707582294,0.7630678783141888,0.6911485677697942,0.7192603439192656,20.270842717881205,2.7255479635122732,1.3004753593128904,1.201592490151567,0.7951355539011441,0.061682572890908505,22.335188807453427,0.17902158222063178,-17.37774830772888
3.4146405982475323,10.756345772908553,0.6700924423675266,0.659701004066021,0.7570838736967639,21.613972280745035,2.8063509611665443,1.3635342622656506,1.1183736045505646,0.7136397376048367,0.49945288192846543,15.979672061199578,0.21354285992831903,-67.0069390696729
3.4144963455541615,10.77263043937216,0.6986422241005482,0.6830330078254737,0.7367292792878428,15.861824249664114,2.9593508271005025,1.2859243587928317,1.3747384114359442,0.7861829964526406,0.23578388153045382,17.05732674561309,0.20569424727368368,-40.93714841111937
3.4398682283418913,10.782878937863007,0.8204815764950938,0.6707195809674947,0.7515449415940417,27.829674224811278,3.027354681384616,1.3037437704961434,1.308402678215721,0.7437411197343726,0.32172268313207675,15.656341112323194,0.16453384946114794,-39.279846680024974
3.4363694192517547,10.666736261081994,0.9860001964458505,0.6343514794523529,0.7011194241278499,20.100919970121875,3.0966329716615384,1.2524211852345584,1.1003406170108296,0.7385578412300372,0.27223973410343166,15.991103577674519,0.21631747228472475,-112.8849962706138
3.427389643096807,10.293861150068551,0.825441161946342,0.6478374298650167,0.7486695649993168,18.203016083885107,2.751708406051807,1.1850309565473405,1.1032531600252624,0.7875822911321292,0.07463303307769166,20.776794441165052,0.1622881497828311,-72.39940935635916
3.4082087502655445,10.218941838154878,1.0046535763429358,0.5522304237704864,0.7255096078281315,17.96051846989239,2.891626016358526,1.1561521393890903,1.1819076863888323,0.754038785457772,0.12504160351432955,19.402576298298566,0.1634480569063447,-78.62478580920985
3.418431567057589,10.19253437402028,0.866258529207653,0.6249574230551403,0.7197392905748979,25.901343315204038,2.700074263756676,1.1568786061109146,1.34849945026005,0.7674828024627751,0.4479782262509013,23.552745076781807,0.19303175046162147,-105.0296922402486
3.4138342507501522,10.234905769497848,0.8451330610487333,0.674753110184634,0.7112089372902194,25.051615954005847,2.9126106414431128,1.328625890310649,1.3879876115488388,0.7984996136764896,0.17069242644779042,17.024644265011638,0.21449528400227685,-41.821062847783196
3.422219114043538,10.047633982965129,0.8170084698490403,0.6297639740821422,0.7458005431252587,26.71275669671642,2.9833850013397507,1.3493674053133518,1.1039185020808244,0.7380498012862399,0.2795347603400055,14.793507666424382,0.1838738409956524,-14.833952541340437
3.435523406478364,10.604364349327952,0.6977560088065239,0.5646404090898297,0.7058154781605316,27.300027057995372,3.2283132368469496,1.1638494772505381,1.3057736979339436,0.7969999134016208,0.27807000771922086,18.940001981255076,0.15542824639115024,-40.00542282212892
3.423672113203779,10.047769977072472,0.8785528404727525,0.5454044896322552,0.757720500401493,22.638014608660782,2.712360667441902,1.294920670475671,1.1277370954563872,0.7370308897674861,0.3781434421575329,23.999896356620958,0.16833485397693787,-66.70693372521808
3.4287366508142685,10.268672650264172,0.6794694476565016,0.6928898375178082,0.7768071930023142,20.67157268935867,3.083044854653364,1.3512836183105659,1.3546732169290454,0.7910565941930151,0.20742694344942333,18.068610479080494,0.16048547057258467,-54.30299189854914
3.4219491327216853,10.167190205094366,0.6914567350552806,0.669010967446218,0.7087886266966761,18.664754544321454,2.9549493951476973,1.264238499852977,1.266721814895043,0.7316124747189414,0.30625056793920774,22.760278317092087,0.18174101552441058,-79.03446767802089
3.4130207672056563,10.678947149775778,0.7101741187013147,0.6347237959127469,0.7319346232866013,22.581974520472162,2.9749638714010205,1.3564914642676393,1.3157877792903494,0.7497935067988559,0.46828519171236876,20.73428876327891,0.21291404237022432,-25.680626601572612
3.4037183528063415,10.672448589834783,0.7237332051556049,0.6430652775527173,0.7398655427448164,25.425597505499898,3.249491007425479,1.388137610501703,1.2640907773192325,0.7569240737218283,0.13635878457671724,24.17944014788691,0.20385006516227422,-33.02925959043846
3.4165712413004248,10.767266955935549,0.806576548354929,0.6228375767045828,0.7005494379564844,28.22379721329578,2.9646101972599013,1.224303242310525,1.3876308686139103,0.7792177880287268,0.09159599739671496,19.948076620338664,0.1661136908656514,-106.94977931381747
3.4067986272303243,10.355634002579865,0.980588918301744,0.6768380579238684,0.7582630765830981,22.4701525819451,3.196773052706644,1.3690309340170679,1.1646491906452652,0.7414348076792969,0.1398852476803229,21.05355563410954,0.17462022326726798,-32.7432204355858
3.4141227858890026,10.419202060901638,0.8091361678017294,0.6217220020964641,0.7434718422906091,27.5014360296076,2.699241934540669,1.272711413828913,1.398609860439041,0.7427675062149326,0.2893441417607576,16.63896275697674,0.1578081198954889,-85.79506510875686
3.4355751141386075,10.278494715405783,1.02890811836438,0.5614722669558045,0.7213617097279789,15.842004492663042,2.6824757410458075,1.3586944071109095,1.3878225006597762,0.7403060284098968,0.06494117690818489,14.972012241971118,0.19501512061866205,-116.12035890794819
3.4167134762412714,10.886280480401398,0.7267543689166772,0.6638921306908531,0.7317910302693674,25.206644163034483,2.696937380699811,1.2110381570773145,1.2438530742192195,0.7836659164371799,0.0345180064158165,22.271979750193065,0.16553193959036305,-96.99710703069385
3.432497525779246,10.434236297395127,1.0049116691195956,0.6545711326665354,0.7292319461739709,26.463248597178996,2.807254394934956,1.2680470166929567,1.339448207991894,0.7875407738951266,0.05335522969004803,14.176943352260878,0.1973713109558671,-96.06098649498566
3.424998319396934,10.106078515203109,0.7777020621330086,0.5748031463252612,0.7184666362364787,21.92403659002336,2.969309430218509,1.1007560267660916,1.370902073204088,0.7349027219470022,0.009799182029869109,20.772923453736126,0.1803103364441842,-95.64250266871116
3.4099480505346564,10.305103294968875,1.0278448724382203,0.6571991473173637,0.7415067686670667,24.995450132901773,2.759213462112773,1.2388965299073322,1.2961587193471245,0.785128108435654,0.39120961272117394,24.34099190084153,0.1959788017330544,-99.26307136707146
3.4075261083476254,10.719142520653651,0.9686241436336374,0.5533448698242693,0.740713041421285,16.172023141981075,3.2041599571525388,1.27912177805948,1.1715958513161189,0.7882608256124569,0.27566889234731434,16.36525923183302,0.1952560085226614,-106.89819782773954
3.4118601194237868,10.642600962247482,0.6501918559635562,0.6462892438863532,0.7679276670232407,26.590667306795723,3.1463824053237897,1.2725637380164065,1.3730843674668003,0.7380020505971332,0.38957679021831254,16.860519174777536,0.21100701899347113,-18.32738489208556
3.4047894783130013,10.123482559124525,0.905553123459584,0.5642897512980904,0.7730820668344744,17.55428174554518,3.225728884607119,1.2209581320998433,1.3169850397193277,0.783685500961056,0.433561830359065,20.70099844615465,0.1744049364228676,-53.284360093106585
3.401650627696587,10.832000378296655,0.9709489538060059,0.6609995982662772,0.7689570666844094,19.45814837169437,2.6634735234729,1.334478616881344,1.3348167569210383,0.7771971375560679,0.13159486557939404,14.757397983175325,0.21928528182037044,-84.79001481286784
3.406857681614363,10.263795080988064,0.8290741447894028,0.655750192725202,0.7374908097827945,20.342428902515007,3.1563194439281848,1.1845054584847796,1.3529372858355995,0.7537605060021944,0.46414923247718726,20.155470628197733,0.21501073546476185,-88.24387671320568
3.4240460319187633,10.326254071614098,0.9009019093787838,0.5714443569806815,0.7335653169621614,18.015065143239426,2.9127501035202337,1.1668211060114895,1.3426623539397757,0.7305200780839752,0.22520384482884828,15.168226645424408,0.15945134504028674,-54.7958984416196
3.4335289229979864,10.24041214636682,0.9590169591968876,0.6495679788661514,0.7065919699343892,20.57719410771743,3.2641403907160784,1.3549365370792312,1.140545000441239,0.7977352597593006,0.12778505193447368,18.154630575959214,0.1514758768918491,-28.61882443016694
3.4390492434837387,10.15140862449143,0.8933973757447469,0.5823523070374741,0.7066664393112432,17.928216425606614,2.704418587970498,1.3943828179309747,1.37749538884589,0.7292102225254045,0.013018165918360518,19.265748439878976,0.1765917543784366,-96.56321140884596
3.438686288047981,10.336648316561126,0.6546531639141343,0.6903506756813547,0.7114792078226817,24.74893285683777,2.9057338537710207,1.3689079997382252,1.3218480059512898,0.7332280716353315,0.23766435799280858,25.22584637955435,0.19153462286501124,-57.30035522114083
3.433221508877963,10.425966097049692,0.9738912074256872,0.6403813464238711,0.702945923150699,25.82640545971004,3.0998744967455623,1.2351522176420782,1.1487599487262736,0.7452354111593301,0.2389516178451923,15.427756576450243,0.1528532920897209,-5.000404206946172
3.423545019509264,10.672828488890401,0.9713059892920535,0.6756407657438792,0.7680808309136717,27.228681795195826,2.707947905793525,1.3020350330706545,1.2305923040919537,0.7428030813036642,0.04721042635193615,23.90523857604869,0.18485242722872003,-15.452496136449383
3.436176506644776,10.443801326943152,0.8455594964255921,0.5577302157880125,0.7631409073833851,17.64551588777942,3.244262444152336,1.2938405471055519,1.2873276314697104,0.7536540746372175,0.3282166721003777,24.972444132018566,0.19051205033392615,-112.47890737929264
3.414941311445187,10.53527632759069,0.8340428851253937,0.5766878839612523,0.7730766458414137,22.49053066179293,3.0775027420188703,1.284324243567781,1.3542700132716625,0.7509521358200784,0.2642606498848487,14.760173496230028,0.2129166612682934,-7.377657694025231
3.4108345583830615,10.550505723357,0.7870194470729497,0.5675200924906405,0.7453551464676047,24.96294785005773,2.8122671595829734,1.167651172436424,1.2084597000631727,0.700746942313034,0.15014312497588167,21.770798692596557,0.18783857286143096,-20.05402932454409
3.408497731827289,10.15829030915116,0.992335888880375,0.6071817328298474,0.7152418200596306,15.49729437715096,3.1614243339662336,1.2579523416829959,1.3517280169014485,0.779475562475334,0.1854028679917251,16.912345070063076,0.18810287638702472,-63.2964719291957
3.426122267630137,10.162141495588939,0.8075313377430328,0.6302199385442226,0.7767446663663344,24.053334009920796,2.663288954642565,1.2722952084897032,1.2987991763043047,0.7446378204441223,0.11623626466199066,23.617268826216755,0.19622092634719368,-4.6201219810036065
3.4294674863399197,10.044039241867043,0.9820630493453759,0.6223571182051542,0.7736470129413274,15.678394281357752,2.9789996519128517,1.276167516723045,1.3815674630731576,0.7985047781397552,0.017467426296302702,19.95511270186669,0.1876134332448812,-96.90322170601294
3.4121518672885287,10.299888286993431,0.6973339303095152,0.6795215250882332,0.716724434692542,23.14815711956008,2.6443847238559473,1.3153394740496083,1.1604396827094134,0.7107702810644788,0.18761609396580609,18.267315976859244,0.17506741434832807,-54.093879351116655
3.4187202607191822,10.251160579132655,0.7305617225991797,0.6924354556512806,0.7519251942595686,24.722138202194415,2.7468188726763163,1.2596374830323633,1.295940424768461,0.7434060465691594,0.03711670718400956,18.048663890456627,0.19550463170764762,-109.3611542152618
3.4279330767175096,10.459759828874498,1.015492281422202,0.67352562718563,0.7169251026243284,18.422796824054153,2.8430424717416805,1.2549915106347616,1.1595116332355024,0.7193993670380708,0.04091691514420323,21.09866669691562,0.15469978797811584,-123.71276314191233
3.4030433916942586,10.887726361060848,0.9796693134328451,0.6395101528823572,0.740586444411949,27.129820460012,2.9151688620115315,1.2186899666637498,1.3801844334015358,0.7744494747279468,0.4782610020866502,21.625200460831728,0.17449678945180447,-105.52895558108
3.408357934603119,10.48726400225513,0.7200161402302179,0.59644826862201,0.7149887133480599,21.160329655116502,2.7441984759290974,1.1749816574231646,1.396262443611828,0.772883545744117,0.022985492675385747,20.329003744333967,0.1850811050477349,-89.25267539725024
3.4253037563854174,10.825526504265632,0.7617831121353719,0.6413448994661823,0.7607940533598775,23.373864117119307,3.237805503669339,1.3161314588663915,1.3816524095983715,0.7947658873745294,0.43687486004594317,14.724829069298885,0.21845546751360553,-75.82224033901284
3.400183947041347,10.848214359378488,0.650590974747509,0.6780539039417903,0.7538919045809311,19.978695554914122,2.6615085596586687,1.1321283784072182,1.1948528544381964,0.7749330922733069,0.21574740360381486,25.661569814136953,0.195771707941941,-97.6579614016106
3.414479001473394,10.689054788955419,0.9458026077663522,0.6074221138521111,0.7432777978349683,17.70124150342512,2.793131654107133,1.1469455412749352,1.1356510131408624,0.7432370155356725,0.3318250862315075,15.483674898972508,0.18272757898407166,-103.74310430915982
3.404420053198197,10.081139961552015,0.8994904958603187,0.6378558654559799,0.7742124281388622,18.158051447450575,3.1278537681012515,1.1463333866562369,1.2092149187200782,0.7691322363131223,0.3625314221255627,22.33127987956503,0.19806394019211007,-8.03777715771922
3.4336906046079902,10.088647753675483,0.9501207354114729,0.5548487028882203,0.7460372172300538,16.83412887734625,3.2128988436986914,1.3227534907625806,1.1480813260887905,0.784494662370019,0.0019884120699473714,16.355798938944016,0.1677678739223349,-82.67915380852284
3.427589331658373,10.17561196562177,1.0040970894356958,0.619710214790697,0.7378123866982896,27.556703320329117,3.1869030371998988,1.3944632696861305,1.2017058065524908,0.7851971858903851,0.27122061913169176,22.172161925031435,0.15662365830650962,-105.04101370073656
3.4031221160679275,10.164313891974874,0.7063252937531234,0.5706742592908957,0.7077375253392187,22.820445218999662,2.8016305334821783,1.2165130755539886,1.3351509670884854,0.76974659102358,0.01642919417870123,21.036727821875264,0.15044997532772794,-9.68758217438591
3.400827436321815,10.481342172938508,0.9077987467782076,0.6954204738951284,0.7131133817148373,20.52123037674935,3.031441758265153,1.3831336158875707,1.278384272133747,0.7852490642566424,0.0447091195071636,17.95637481793318,0.19090480568156126,-16.223525991258484
3.410439483310023,10.149725321877382,0.8626182829903464,0.628012007622813,0.7240327091399261,22.70563762880243,2.844711174341973,1.2928225244669678,1.338149817528035,0.7337176240695593,0.16314385590279926,15.090448577170271,0.15937081064586595,-33.27127472272076
3.408993792877721,10.191875187817233,0.9308430653497215,0.5577741539637149,0.7110235153481234,17.670594471504323,2.9222299739526405,1.1823614456596114,1.156861628228796,0.748914883302865,0.43389432099151265,18.45826640327435,0.18832263795947443,-44.96450757871749
3.434514530322897,10.068583475090591,0.6793180436183811,0.5649334236312489,0.7242359666794033,16.32753036987914,3.1647713146919765,1.1988579892150104,1.2648012530767938,0.7370237112106078,0.12355031898572942,20.274494033911562,0.21384236715310204,-90.96074790834776
3.4218989784963503,10.497747388501594,0.6650473504853393,0.6200151221173879,0.733209945567445,22.43757295667274,2.7619679060801783,1.1497339868227763,1.394576909925291,0.7665702933402813,0.3931402491668005,17.31176957446951,0.16191209373141233,-75.37769672090249
3.425321885581214,10.113350598793179,0.8466136575146915,0.6166373467263071,0.7653458820693053,19.9952830485506,3.041058495769954,1.3188547037441618,1.3918724595577974,0.7599552739846243,0.30330068689062506,16.299124559267625,0.19187664238604552,-109.66760242614441
3.412259244621604,10.791377553927461,0.8553030874146407,0.5808400005088542,0.770043331097264,21.394718431227872,2.6559582697056006,1.1414319071874701,1.2467673486811783,0.7943385884868156,0.21814760304075642,23.86544174041955,0.165213541264836,-29.97778189267605
3.406546971329511,10.607804269886623,0.7703034247030581,0.6587957501013282,0.7140713108791682,20.97795106695286,2.7660605481289875,1.2643774848535927,1.2351007216074321,0.7631935890128088,0.12339199286040903,17.125303704055366,0.1956425709834585,-121.01347672290198
3.435304174707548,10.619218356651967,0.8210201503472835,0.6203078863846285,0.7184999554352469,24.64470664150873,3.240601537776092,1.292951223772422,1.351986501188053,0.7317819117610282,0.3524231208183886,24.951784740962573,0.21373880914001694,-27.434717046202366
3.427548645600832,10.67211775682341,0.9347308728936672,0.6377556708620514,0.7339332924529086,27.969508443749977,2.983729544189531,1.2209625922215301,1.1388332100376557,0.7963345788686371,0.36959523502181413,21.755930783861107,0.21155507352693623,-66.77837300895405
3.4078351756809666,10.379035821119926,0.916721854786884,0.5497924113486934,0.7291366632228389,23.97276464507558,2.785794250168729,1.2253811733303974,1.3301093022108568,0.7413287734608826,0.3518366317668948,18.015820111671317,0.16295151417214998,-97.07026590181482
3.4382459959147624,10.373511664034211,0.929425471804399,0.6845150579713185,0.7332256085542223,20.2856964242142,2.681975745751082,1.2058441476880826,1.2934288757749568,0.7008397920097917,0.023781107590714626,14.401944258481604,0.1788756940806615,-105.09745599063443
3.4015374162343086,10.675117100826185,0.673784852932837,0.6033622203284089,0.7657820626087054,26.110790560646947,2.8490364008994664,1.3381793955288637,1.1662949395896824,0.7525783545579724,0.13574056430946782,22.66215635599007,0.17618690005442803,-48.19247301235724
3.4192772837308762,10.108561871213027,0.6623150391382286,0.6071197119236613,0.7678435398744385,22.71554881693884,3.1514274250311,1.150101519902233,1.2124882485237463,0.71360753197391,0.030534951230455736,24.704504439879592,0.2183813180793363,-10.539424745168049
3.435052626822,10.086300890945452,0.7656730975008254,0.6382933201565476,0.7775587774597106,15.906148143500294,2.923622499643515,1.1673012517967931,1.2340698440869127,0.7429547051750541,0.20246562569593102,19.731695645571865,0.1929264620566239,-9.800867751119213
3.4179511122719943,10.379419203531134,0.6739045974094469,0.6938399079729864,0.749027354443218,23.605588660511877,2.7794218426060127,1.267604755953669,1.2808317083409178,0.7535681197642721,0.08885410049862995,16.82381443934461,0.1866109987764867,-63.61186160279022
3.4282102614453507,10.319845923777699,0.8615366489876337,0.687122835267546,0.7677276646350695,19.715076406261524,2.867630712414713,1.119282789158194,1.3602851912255152,0.7237138424737729,0.01489712349174231,23.69158767196424,0.15324541725053936,-0.3135442998401743
3.421266985134986,10.576075437538126,0.8516658945602329,0.6264146041298402,0.7576389839017272,25.17592312366806,3.2547435445237625,1.290294541995105,1.2266768554500305,0.7780094226358787,0.049188807517525655,15.903874331589744,0.2140821359658392,-75.95584024023753
3.4106355387286253,10.126016151856447,0.6645922515287479,0.6471231936372428,0.7368537193015668,26.417789685363417,3.234622921409043,1.2248111131691464,1.165724506659168,0.7005669672077568,0.30268949404295115,16.312289964864497,0.15361261241466542,-119.29312655352891
3.4374720879956184,10.606868999012857,0.9391884508564268,0.6289164213348417,0.7171736326097236,19.07501075463033,2.9638651207639004,1.2234495319010306,1.2788241405526897,0.7309054804063594,0.3025785506964581,25.426917904621522,0.19334162544233024,-14.282400232270518
3.4284517465134785,10.00119970400512,0.7500656251311868,0.6854186040212966,0.7320685506308793,20.556650930769717,2.7349895470286443,1.2272836179967141,1.2115168090276847,0.7942249860667475,0.4734696253475867,19.503855662453848,0.21278806300352743,-100.46138449453564
3.4196953103317096,10.445967242156792,0.7333849651044734,0.5840855045289606,0.7128282603687115,17.121390589274224,2.9908992453414673,1.2854555712816818,1.2798666305723547,0.7531405033814605,0.4035210017129451,23.590561718445223,0.19545277132789524,-88.19907932359263
3.4294967928800504,10.651729413742643,0.7170850427407732,0.5602462945240217,0.7633051139926263,16.84897709123065,2.984718841660355,1.2799203215454256,1.10620488431177,0.7243034870698153,0.28548568635567856,24.259123434104964,0.20862823996284566,-99.85591541378183
3.4264532614110537,10.89626997664596,0.958477428569616,0.6241681973207054,0.7097215315883332,23.903132954511875,3.1886831514395455,1.2184412695004962,1.1841968753250178,0.7909675127327283,0.02226649155211807,22.17432004715156,0.19875459136399093,-15.809231724797598
3.4029921905408327,10.420090708024235,0.8823756571081962,0.6765642662098088,0.7167198751104624,23.010212427345913,3.1004524950730095,1.3226616072827042,1.3600353656481428,0.7697009714720976,0.2700111264072001,20.302618116903332,0.16658118950588777,-78.65777260001502
3.4024608906825455,10.099882958221041,0.9335266947223995,0.6350162876231507,0.7477402756248508,19.552398302697487,2.958131398867743,1.3849996068381738,1.141631812529391,0.7280704794303663,0.4801905042279724,22.892237271152805,0.20648793775251992,-36.590630909220934
3.43306340859311,10.36211561980929,0.812451168989244,0.5478736137558652,0.7629155136784622,22.6829029751096,3.1737366186149236,1.2845034424218755,1.2000454027638798,0.7857807068194985,0.1526476705676465,14.847093554104472,0.1968082128144612,-73.51842689996217
3.4126763910490028,10.883776728885012,0.7985241195360646,0.6353470877722444,0.7540090042287632,24.432744719181436,2.6945496411528245,1.1267780866217647,1.3514061266660202,0.78908845823062,0.43578477183017145,17.485550076549533,0.18341091970604467,-16.87075758981095
3.4110566118693177,10.22571368931365,0.7726674249007349,0.5489447013958165,0.7339255411401171,16.257003642844612,2.6647299650510825,1.1533354519479977,1.141016222999794,0.7052594498583173,0.355622097962883,16.52592319491122,0.16293785629916036,-107.48456698706998
3.421256216984552,10.279179694272543,0.8700991351710317,0.6575762305399302,0.7043678121387542,26.540936047621816,3.0137866895078207,1.1161435425833655,1.2858793433837445,0.755947746680618,0.19380624931727375,20.825198570070768,0.1879010026531954,-109.95638924909838
3.411463725506374,10.286735783851913,0.771544205416499,0.6789563367030016,0.7033835051718759,16.0597504663278,2.746404803016277,1.3515834420418273,1.1095447045268347,0.7003771934795425,0.19695085179317545,17.489517256481207,0.19082312539198953,-29.66451305992578
3.439109827673763,10.431552210004728,1.0204312472646975,0.6976020251655014,0.7546575404973154,15.388245007752701,3.1771765195080537,1.2588445015479963,1.3964743922627751,0.7040735808718406,0.009829758915380061,24.384974832220347,0.18216640881215151,-71.67127322645948
3.427322579582733,10.005157840199008,0.7621002335611421,0.6896553855581231,0.7704335182357983,21.99114830380448,3.25832849452955,1.2018897335364935,1.2905962495379826,0.7648799449412199,0.21577472248967833,20.53521663348708,0.18474253486544076,-13.904397354027765
3.4053640064930835,10.66473240702747,0.8897231059548428,0.6522418432222621,0.7496606808693353,24.338465590626193,2.654718513014772,1.2269113130868732,1.227316134861911,0.7715290596640451,0.038437291985862904,24.42020831274453,0.20168372396475465,-34.338195039310065
3.425482225686539,10.198201430921824,1.022486451734796,0.6120599505079742,0.7746989536488882,20.110860055622943,2.8638008356780835,1.3177396566546362,1.1031236704368745,0.768919709857093,0.4698319045499913,22.09395505673846,0.15521044946523532,-101.3340472977884
3.413879630494391,10.514229536725908,0.9664824418330112,0.5838150607064823,0.7094579096280031,25.91010418344912,2.6841961622857466,1.1098403066055205,1.3963771037788915,0.7441293124624858,0.3887118707134279,22.82910284666,0.2088294585143269,-4.744194584956475
3.4060057100496737,10.717132509606564,0.6986299474260411,0.6681695620239962,0.7140875106504353,23.919867960402115,3.279969384205164,1.2990237023454592,1.1242764702521535,0.7276401656947704,0.32535923491212626,19.49429936309031,0.19323551115710136,-21.94985802502272
3.4137265197370983,10.25577450058293,0.7709514244148556,0.5842091891556666,0.7134150445982563,27.705104510836655,3.2259740895133318,1.3967731687825502,1.2759695229253611,0.7084498638592205,0.37472004241042395,25.514018379167354,0.15480542305852268,-81.10028559610382
3.416695111216922,10.36723438868947,0.8552168704016208,0.6698109522582099,0.71551395961271,17.097151598262847,2.737861019983459,1.2204991107175622,1.385656702030275,0.7494400417860408,0.49474555468560205,15.592824550946007,0.20054702183217907,-87.10521161663961
3.403287220752038,10.341398663974626,0.9158485589964278,0.6693650634710512,0.7701994118949133,22.256799011637728,2.821964333866055,1.156946345618789,1.3987713286863885,0.7336590812387319,0.3541830349319488,20.573089366866895,0.1694856511963034,-102.06305724374187
3.421668654033737,10.312077647970849,0.7176039136963247,0.6506377850719878,0.738071162895975,17.438006176788665,2.8656320131055635,1.1075686111344658,1.332444393406276,0.7104648479243882,0.43338888584518565,18.966311008985436,0.1655167329636864,-98.45709899568455
3.4200623714655762,10.87984522284291,0.7574756856526346,0.6301074784427825,0.7396056415044111,17.241758282894867,2.7842850945495785,1.3272277368726828,1.2006802640967493,0.747308029261699,0.1480120531857678,20.39162716820121,0.1672655776453716,-61.734512817572494
3.4103463835663734,10.618384459498468,1.0134425242772658,0.6491484784224049,0.7393133337079624,23.00825393245535,2.8464484387442224,1.1917015443787455,1.1810645009216314,0.7517809374683252,0.09864856398665284,25.50430023033565,0.20977538967568554,-23.35082704463761
3.4288844651600696,10.672994074612445,1.0253166572577583,0.6994456698753501,0.7392970161575191,18.456611553340352,3.1837088649473824,1.3735836633554765,1.254124467154995,0.7109241936838051,0.2888082668621684,18.687115982954843,0.17737676795277363,-101.2850296259425
3.437361971470797,10.898017629917883,0.797673575863377,0.6637706244135113,0.7544867955347446,18.229714632640427,2.8396673874716734,1.2384778199672308,1.2292537652989213,0.727670302718345,0.24921762607939005,15.588261656517824,0.1762546807130094,-38.9158050141064
3.4362019419469805,10.025475390723548,0.7932129109272165,0.6261067922092122,0.7469239660035171,19.801823519183948,2.6613661345456614,1.1596194242119393,1.239195366489889,0.7625825617301446,0.10922821263311593,14.44186634373851,0.16939165213948554,-51.97440938458702
3.415965166555966,10.605234649741108,1.0054205931316682,0.6388281550323156,0.7076716641594261,15.62841498099334,2.8972601997516803,1.2435162861533064,1.1132696187826305,0.7863543559455921,0.23059724176510962,21.124524234900726,0.1956618678181865,-12.425720412179217
3.422368895421811,10.505335657618685,0.8413048775682963,0.6176534665001108,0.7225247292018988,18.65736580460911,2.765282475449524,1.3874209291729382,1.3422437559177063,0.7829915704421724,0.434059942057252,19.516040519126932,0.18658010527745206,-22.686396468322314
3.4175148041056516,10.58942031893715,0.9030959222201507,0.601021735364333,0.76725219726933,21.73403481310807,2.7817515033363924,1.2917663634597536,1.1570435798129777,0.7853886938216812,0.36194520346986103,19.073320829920196,0.165079039846301,-83.97047733870255
3.4191874866153364,10.542983657896984,1.002552858082948,0.5921303033324861,0.7713827486931599,20.49020986198736,2.7552814995944144,1.2231820011647307,1.373529273875393,0.7276038810278685,0.4432385330753835,18.101702208024278,0.17751799536428722,-121.60827762031828
3.4077073724566915,10.780204978746216,0.7401576725134748,0.6096435367063749,0.7178422901590833,28.167822150012476,3.0534694445386137,1.1775711914332034,1.1197611974364878,0.7542226126633793,0.13264260426872243,14.104467896088916,0.21986138519398357,-108.86720217982933
3.4206455816585164,10.019597240426027,1.01195726262521,0.6729372113708952,0.7134919000863394,21.854158014987718,3.269113499851643,1.172692245399435,1.2305582152630636,0.7224892097948107,0.0012588689311532383,16.263971856753678,0.19561309210681066,-75.61532260845624
3.4332611685599765,10.288121346135082,0.8148570483378391,0.5909642526360809,0.7532524886753468,19.31746513098594,3.1550994316352154,1.194749448285104,1.199799142624163,0.7045728304957508,0.31491365489620093,24.491180701403774,0.15771570260078796,-42.23110237461498
3.40135016434351,10.761624208811273,0.9880118835189424,0.658355682722795,0.7430315578544718,17.14194995320696,3.2625769452646254,1.1514826662589381,1.16474645532203,0.7500739732582578,0.20291300286284905,15.037529920479951,0.18576147685618297,-93.55962003420352
3.43471205051579,10.819599215826976,0.9423848275400281,0.6165794047284617,0.7264010510382176,16.39417329830064,2.6692946799766615,1.1725990729004636,1.1336443939027463,0.7778330075753144,0.47570826248421444,16.021530450757908,0.2015285875358054,-59.202094687548936
3.4183438685853265,10.041664912478854,0.8124478801610481,0.5942513832317132,0.76114779220999,18.567692301668323,2.6776561097965645,1.3914774479397358,1.2135858295331818,0.7206020973450229,0.3202280448122303,16.426352557028597,0.21377011914137353,-58.46107367181705
3.4142982772271786,10.065279405537822,0.659815881686235,0.5704912183856519,0.7365730173018563,22.645111914202953,3.0094854349230613,1.1332171768799677,1.3844896175332746,0.7227790852773444,0.08747879516487489,22.46144303682303,0.16613049969753216,-33.06677980123666
3.4001938507633755,10.682913056695762,0.9585702199743836,0.6558348842898128,0.7449487972514552,24.31856842361557,2.9910438601988285,1.3135726751531909,1.3299987746791944,0.770615726107075,0.28731125613447656,17.0680874477012,0.21778334451304138,-6.510024416879162
3.4051620853086852,10.49583391840782,0.8131172814215601,0.5860098954252286,0.768109909416731,20.276349360667766,2.768155575369226,1.242528838402691,1.3551354567032547,0.7180651649662441,0.41865370879572533,16.6834816784211,0.2089063975115869,-57.85900866246999
3.422602310203696,10.424151830258621,0.800290386128107,0.5977018735256222,0.7215708513455835,26.379690442934276,2.961995627736842,1.188745927088363,1.1915335024028042,0.7374226463707694,0.32630007080089324,14.490240305456751,0.1791634185490237,-69.01139132273002
3.4396197255029524,10.27784856471764,0.7626272128154602,0.6335048267923475,0.7411659776698332,17.34661621664941,3.2232095831337744,1.1743969115247166,1.2634141839433086,0.7203062900389806,0.10941700834286355,16.29137881295533,0.18799462960419228,-77.35826273968163
3.4395840652239174,10.622013444152142,0.8143117693003449,0.6344235876128311,0.7231038817279273,16.3193375992046,2.976029087237537,1.2177236289798874,1.2638586575465194,0.7905297146606812,0.13008381658511764,18.13287227152227,0.15264973053353414,-35.871233975539326
3.4111426335097947,10.246532857493165,0.821512600289182,0.592274331099194,0.7531498857983686,28.290220904844045,3.246702452373846,1.3510356006089328,1.2186201268169063,0.7075325550178237,0.39549609888395176,19.802821303383308,0.20775837092388233,-63.9218453317756
3.4135245785691506,10.22499838482302,0.7223737420714214,0.6926199127417587,0.7786451183289272,15.774972212772834,3.2506310084889947,1.2672193529044244,1.133767588010269,0.7198508286237829,0.14933695041920358,22.11742808426255,0.19236749948839177,-14.371427564543765
3.419105218061792,10.762999702573188,0.7095668965868069,0.6220155746053414,0.778439147447048,15.639603715781822,3.268483728341455,1.2439406577986711,1.1654951940499312,0.710175762544436,0.3608252952238373,19.281652929409248,0.21705343082257494,-90.8742709032759
3.4078639060414146,10.121536574755321,0.8152859072988309,0.6750582180875158,0.7011537820644553,23.35145220967494,2.888949650641189,1.2539674164920407,1.2507460561883388,0.7385354605652774,0.35862289024237953,19.331131443621775,0.1814926359405779,-26.125708753219655
3.4152792361040007,10.679947214728054,0.7195981959734142,0.6239634983169329,0.7265588071800257,19.28321718454545,3.016557946394101,1.272993738568132,1.3236383320630507,0.7837212032887306,0.4394818580301441,15.847599672171317,0.2190343859021348,-94.56097073245414
3.4195408949975015,10.355153859243153,0.8945502630721507,0.6591097908591524,0.7185443631229423,22.413703736830378,3.0045538732078496,1.2510524483181888,1.1913614353426936,0.726859135359875,0.29464158010310865,21.728533294714794,0.19776679899381935,-9.630531176708786
3.405144220348795,10.018627616278758,0.685446740442117,0.6866157273314912,0.7732939890728121,22.315377747164742,2.843088035221423,1.2280886514178073,1.3369886984503783,0.7718957066072138,0.38289987941913695,22.135598982585172,0.1598817544432767,-122.1703949883032
3.4122313987414907,10.12199461868739,0.7948827921219327,0.5930017571734683,0.7405296860341192,19.330429838533274,2.7727344868929817,1.3331417814134983,1.2157249554418919,0.7260888788126661,0.3128324165139363,19.325048954804586,0.15389868174033006,-102.62509577657495
3.4235033168404154,10.181070484987721,0.8873147861048223,0.5680942135134329,0.7622979264414735,17.606542646204918,2.922569795593957,1.3440644715425563,1.2227316591676585,0.7122421136874133,0.3334169702242919,25.50635183682693,0.16008801436259285,-67.33841777171077
3.4140184039261783,10.235663242644721,1.0064612004288356,0.5741492000510843,0.7648696062245862,28.235801535711534,2.8735347797162354,1.3859077300506812,1.3974803577553039,0.7691598179966923,0.2472939407962848,22.493475029289748,0.21623101334703748,-17.008982994290662
3.4062616565710075,10.250388992850743,0.6930044913911543,0.6256740075316419,0.7558138678761709,19.631406678683376,2.9338359104177836,1.2349821513727655,1.2112535855381215,0.773526112976301,0.481649141115262,18.42817283310452,0.17956646836058715,-71.53654687063258
3.42848153944749,10.534600460749333,0.7804405029753025,0.6540768402924035,0.7619781383363192,26.448095165276065,2.687238005588545,1.1438076579479186,1.135971118394756,0.7304133004172468,0.11768536383381499,16.965989477185737,0.17901454494588948,-51.01292742081695
3.4260347820377195,10.1539413593561,0.857206580340307,0.6346013514795834,0.7428840967043643,23.029660495865055,2.7305188839581795,1.3547425213132522,1.111025708412845,0.7014851929189737,0.23685788750903156,23.7646675439956,0.17514989712154558,-2.067965904580234
3.4284397384215834,10.657141893199734,0.6971875489381368,0.5688757666141435,0.7461009829366867,20.25642575709313,3.1001422707226816,1.3530703863844378,1.2044330500146179,0.7771016211321751,0.21785360105252002,16.83250061132818,0.17319064199541914,-100.327940014982
3.41590355226751,10.267633270240204,0.8029218986845517,0.5646898268128961,0.7214409250478144,27.51339613716538,2.885756722536511,1.2192331084922556,1.3989838233669762,0.7974033265706058,0.1051875016809886,17.351219712014192,0.1879616346723105,-6.635451266665527
3.4093630182802817,10.881575840269761,0.9526440273054775,0.6360225112450651,0.7635567100335914,15.582681980320745,2.7573974909504275,1.3192330294805488,1.3898963128800816,0.7898667642233951,0.47148400235471993,19.262050330608098,0.20749040816853168,-86.71886260902075
3.4182833554424694,10.23130292565417,0.9863325476311113,0.6179407961133218,0.7492617880127775,25.296605265650008,3.2527262442195792,1.345388979331442,1.2695687358775096,0.7667516803579276,0.14162330636537449,25.895754311800015,0.1997092008147624,-95.66983217870128
3.4049898277129125,10.190853710456812,1.0037917382528763,0.5768805911467247,0.7070517095421204,28.269820806464477,2.6464913237439496,1.256344366105513,1.160826489145565,0.7092170943717169,0.4735510815618982,25.99202713135289,0.21213955165332235,-55.832380305342895
3.4109818578195448,10.239455021566085,0.8980968059329438,0.6823457863959377,0.7465785613826557,28.231176440248994,2.9394725893752747,1.115574277668952,1.244726330522141,0.7130913061159287,0.2551394417150771,15.98150955379355,0.15060143270192122,-12.735093208601526
3.4213674257929965,10.840644386793393,0.7279791713381872,0.558140316662182,0.7514723041579003,20.005685574781577,2.6467776035190793,1.3087300921986884,1.370703389442736,0.7545839467220623,0.21604039024965913,14.086714658345853,0.19542016881570562,-25.94354901717
3.430554390640629,10.25200518319223,0.7440498590998278,0.6805060904393658,0.7246902588719947,26.34200919904415,3.2542830170369426,1.1844094479109266,1.1854079755736566,0.7634790434095244,0.22071128067541776,19.976458929246675,0.19474959224487115,-112.50567208763624
3.4114899990733583,10.402448273662758,0.9016923952603,0.5585432009836578,0.7454542222061834,21.21691110269859,2.8899401124214608,1.337053059621817,1.3276472622701991,0.7476199604713561,0.34185098577093387,25.587264184827823,0.1815538576211756,-66.75242041364807
3.4236198093269943,10.046436902299028,0.7146797241651541,0.6050710097962001,0.7706836955810318,19.489833642454904,3.0894513543974718,1.2710870190038626,1.21946984882871,0.7301448345264266,0.09951690232234672,14.6171930037356,0.19949910583808772,-15.603650752241592
3.4119112242794554,10.882345083273284,0.9566780176989647,0.5671739106440228,0.7782563484243343,23.52462962484496,2.9499459047038927,1.1797666054286282,1.249339340200391,0.7026500634165016,0.4139294118843136,20.806070630863687,0.17688439047610924,-114.1343781439468
3.4265602100103187,10.603791118308399,0.6844370808023978,0.6480120621182115,0.7644050949488033,21.596133717948888,2.6406997938662906,1.3356906062724896,1.2776297794913833,0.702759639268535,0.3306628702521804,18.534768359495935,0.20795866693029139,-12.007545450813296
3.434923774193177,10.061119277896037,0.8050942226512724,0.6848066177905713,0.7230133826873287,28.161605222589486,3.097439089287713,1.2655657028408984,1.2792215286039479,0.7449175766912163,0.24719747415975424,25.164690508296488,0.20960212928664532,-11.095012157218122
3.4168985123488405,10.811774365931976,0.7239429542143148,0.6824581523752884,0.7672830297603308,17.27429113383173,2.9697688065179806,1.3491532253822618,1.1412020534335774,0.7148698030439882,0.43485374669127225,25.622805610941697,0.2016997096615207,-33.38973000278628
3.4117342117078775,10.790372060489629,1.0212899458566387,0.5906089728533622,0.7426781395389545,20.057210720059697,3.0329879797222907,1.1669961548711683,1.132460750010977,0.7875716255150418,0.06414402483965927,16.632179331555363,0.17768970412890803,-56.0103169754517
3.416230505168004,10.311388241899929,0.9348274242246049,0.6815649366914421,0.7178553121841523,23.428374769150025,3.225823508173147,1.177616591603858,1.169579062798155,0.7062625190447767,0.03204938450775899,18.84792373865006,0.2056117625028278,-23.669566873374137
3.4262289302810727,10.704091833667363,0.6943553094677029,0.6783101752591169,0.7665772628369052,15.386337821689086,2.9934602959818934,1.1127166549766923,1.1805546544251508,0.7518341586252294,0.4838307441498523,15.786390858651222,0.18735549772605817,-55.75297084075869
3.429431458641019,10.844508243484531,0.87949428915632,0.6502777075480198,0.772152308240371,25.154426744557405,3.1490360190954116,1.2528758433317195,1.188184888912505,0.7551265201881702,0.3465195017217819,21.604877233817284,0.1673711369783991,-122.66281867034859
3.4214908962091295,10.136669070102348,0.9433919979157375,0.6910325379168047,0.7703626326562246,23.244882352139637,2.9364611975580956,1.2819259128640603,1.1857107376007832,0.7186106162283885,0.4306586240722467,17.237529080702952,0.2163651916857759,-34.88167767839373
3.4051049742506168,10.259406928156942,0.976167197206889,0.6257527399609273,0.7178643537800948,23.768170444621475,3.036482948410763,1.1666555558757745,1.250225560816877,0.7731782664462508,0.3745272292021564,18.115655331241935,0.2090410129319411,-119.61329228728147
3.4339403653822984,10.888913952143236,1.0164951520116785,0.6695409946392477,0.7665525160324775,17.396982581130732,3.0289482312683806,1.3346156107610778,1.2950934221645471,0.7154921948520284,0.23453484215223105,21.880873163027896,0.19799921536910353,-70.99267743160958
3.428261996099647,10.70647804515171,0.8173314842294992,0.6592111014744415,0.7638234419483639,22.07357920882987,2.9241951448489316,1.191083759987911,1.34257576372024,0.7238534596819477,0.08583948073702409,23.281462366967858,0.15812747911735603,-94.50474485928521
3.401029565880783,10.034921649575821,0.9660854459283879,0.6888038925994224,0.7775326027941395,19.748120575414358,3.1806014528624753,1.137265385587981,1.2156527687604786,0.7078029807842203,0.13510209673336537,24.133572183374007,0.20038499459553138,-76.48210591589631
3.4056907438721056,10.366733470959403,0.9074212425175472,0.6100871053357874,0.7291592941212692,24.21666401028732,2.7204206529396515,1.1319598751440154,1.2216594812574155,0.7822256038218842,0.4652493337677301,20.865481488444587,0.17566282081136636,-48.09170202178608
3.416682907181072,10.7883047952699,0.6769505716018124,0.6974339306571811,0.7296813303721178,20.644760570696032,3.0177121757259,1.3361201078628868,1.3827600023064035,0.7322947172168748,0.36832459359379566,19.222089468499348,0.18037560763945387,-61.811233601184085
3.4259490151543894,10.729030410801474,0.8748685216352823,0.6027334832535568,0.7701028185554107,16.72369138365992,2.873058436878667,1.1803808834457676,1.35843365393922,0.7721040547920617,0.16568752303157566,14.682375595704535,0.17716121505003438,-9.18535717951113
3.4388940173773497,10.73044247277383,0.6882984082194152,0.6477401700980767,0.7664947576757349,18.84748231544147,3.2310425711773365,1.3912283414228965,1.32554903919129,0.7283209427473767,0.4930864569562976,21.821017261451907,0.15634489224374004,-116.55234107092166
3.435524797962305,10.341799774839364,0.8108104391349643,0.5979710685215696,0.7082106759469773,16.57084886266756,2.737337429058754,1.2264185275546846,1.3702305938537183,0.7533126476190374,0.36766060498822817,17.716242616371517,0.15429709487640908,-44.95071538242573
3.4095238232570937,10.421925104329988,0.7935647597996229,0.6588860482661907,0.7263051095450247,26.76055091800627,2.7230339360329125,1.1682222965019955,1.2160632183651179,0.7938135646657194,0.24578144602997137,18.650158304106878,0.15365168165051662,-120.76540683663568
3.4124562594437067,10.632785437642772,0.9303218855727202,0.6296739271894375,0.7156647282766562,25.388409280935782,2.845145770577915,1.3635771991814272,1.2709949558797258,0.7937023982507329,0.4140154772966792,22.11483371280404,0.1871411177828719,-74.2581241085788
3.401789645184193,10.441774036937682,0.8983921321851007,0.6490526887287894,0.7597610943581322,23.715967978428456,3.1824819588617057,1.2310296372697158,1.1551064808105038,0.7779242921112043,0.3365024244318168,21.185455726348955,0.18546725013261545,-41.46396262937357
3.4076700005636833,10.40602212647145,0.9824076358149765,0.5704993845489367,0.7682765550952628,25.647081123920408,2.968322406203886,1.340285580423863,1.167424169604001,0.7916012680417804,0.3312533082547171,18.220889265819856,0.19005042460043806,-112.7142946330056
3.429355480456157,10.771019914940343,0.7587843680226284,0.670181900446505,0.7260875823729217,23.264307117788157,3.2270530299156697,1.1977044032146356,1.190173397852461,0.7444969393033581,0.4935931884121814,15.576865902869148,0.16238415904003414,-107.51935064407553
3.4397455090486377,10.019691131432927,0.9218170292068656,0.636083293235682,0.7243732780570198,21.055481037592912,2.891389419776642,1.3097956878486423,1.3735773726246876,0.7811675939170917,0.3564501375225306,25.121098322086475,0.1928749849248317,-8.907675318642063
3.42515087062564,10.294024809572303,0.9052894138722811,0.5420617729506947,0.7797276571834706,19.005969199326486,3.0317612623013313,1.244027671828922,1.3298510317538859,0.7639904686379391,0.3439650867390873,24.528694891177143,0.1950968591488016,-122.94486615539371
3.411085659490807,10.076828138389367,0.7155562490229651,0.5450504340785933,0.7443988296662347,21.78304500556274,2.874249990918228,1.2814689556663006,1.2687315399871153,0.7777587745439849,0.48849878129045055,19.504834577134915,0.21193760417124258,-33.3122143623051
3.4049290871884312,10.421793156854543,0.686597054521246,0.6944035967089661,0.7364616059557878,24.801399045324573,2.6624776658654463,1.1784813835471666,1.3955326998511162,0.7335184770478381,0.22005244617017886,16.687990647721435,0.15323378922670866,-67.63556884850188
3.4217302865763313,10.264805424799563,0.6537950844481797,0.5827174867610018,0.7566228153862187,28.29565733092187,3.060372060024932,1.2922034032609244,1.1817823375021674,0.7713659835716141,0.05973947444088256,16.458176865431472,0.18020114344951446,-84.0770221719397
3.4000406861057644,10.07897881248716,0.7960267374838639,0.6638861023877372,0.7263866196255163,18.33563818793945,2.7981203151187946,1.2150817438872052,1.207545446134805,0.7331880361161389,0.09679766509056408,23.24850848144774,0.19178520924541048,-39.385280082924126
3.4099983983063145,10.341489155078571,1.0106957909089926,0.6833869816771472,0.7153143424142158,19.11283066511819,3.094339676422225,1.2378285057937426,1.195015763308163,0.7489774807872281,0.45036757906931363,21.887234533978315,0.21548326514058233,-104.17565702771061
3.417695076363529,10.644758938532826,0.9860441710572991,0.599086610123619,0.7712072457663328,27.67106188076241,3.071458831635282,1.3867461291192367,1.3597642190074481,0.7831477399125071,0.31934970202829605,20.639391008499665,0.17224601803865858,-61.59729538648496
3.4124641683660673,10.729376696883714,1.0060533993886778,0.5696680712655694,0.7365139384359762,28.34427078217059,3.0731632976389474,1.1876679696385593,1.246382451256472,0.7562938656194059,0.0764903202366085,14.64423321659453,0.19991857103026717,-57.372205192185035
3.4186226834643927,10.227465826261534,0.6981553868468388,0.5730923881680887,0.7589072789771898,26.021623066804672,3.137255073262387,1.2865538973878485,1.161600623347248,0.7312346123014093,0.4107199231346007,17.873392538112967,0.19105465704602248,-72.10666745430974
3.4184140156162393,10.669127971799814,0.7167010446723765,0.5873191162065157,0.7078859969579187,17.47991761794494,3.1904377358827993,1.3530193809724647,1.270140721430885,0.782378053686113,0.09188256243108395,21.788552024469155,0.15881018986095938,-95.99793778121877
3.406990050083076,10.282377643135781,0.999097976764804,0.6202474108596419,0.7653828549312613,16.358614644571738,2.8500774802885136,1.1442852681962974,1.321567385500212,0.7839760024119522,0.3475271501343216,23.20439445736291,0.19328210003624385,-28.336689685780485
3.4278218133995453,10.307122359857747,0.9011014116757581,0.6642466383249577,0.7283680924044921,27.292111140496296,3.057628331929174,1.3664542655072527,1.3693766733943373,0.7307826107490331,0.08209883206621911,24.703450947479432,0.1877397387804055,-61.417214093466626
3.42257215882579,10.836819944389562,0.6769338972261258,0.5804791475809735,0.7509617396226844,23.789655026478833,2.9997119877744494,1.2921743377753543,1.2314440710747458,0.7018139694471793,0.40922205694900354,19.907960377750484,0.19281121345522284,-64.5238775150195
3.4036516363103972,10.623199289700308,0.6680340754135842,0.6017958452616481,0.7187806748984799,22.963597486609622,3.263761351384754,1.142043658314403,1.1724393094220842,0.7853416736740255,0.3125826864792896,20.01076487725224,0.20868588957608755,-23.59017470285407
3.4357084643468263,10.56299191394156,0.7531231744610392,0.6113211078921081,0.7353209865323043,17.57441642491209,2.855284975958428,1.1345320118470128,1.3316137862555948,0.7328794584696479,0.07288417946497042,14.185735056627193,0.15475869184960805,-73.93523964320596
3.4267229177924627,10.456017999981352,0.7029922454232043,0.5650672365904,0.7473879361761873,24.231334281580835,3.0964014733064613,1.2002884620427843,1.209236005348248,0.7487635279296282,0.03538525424014277,18.793159951800668,0.2038002925619305,-97.03698845577979
3.4183266759813766,10.452652131836889,0.806956080776603,0.5939628507089617,0.7574290225908117,16.070048610680537,2.654605813211865,1.2657432463846137,1.3439629023200839,0.7972653404682953,0.39726954261327785,25.799074826977577,0.18122477390963232,-45.15592269200219
3.4317844053200144,10.742720618782228,0.7281606619303103,0.6008168819677888,0.7445097676442808,27.697091755040784,2.642997218709184,1.2481602659532334,1.3497169479618576,0.7823411255976636,0.4477754626844254,25.12938420161791,0.21823140698559285,-10.873090778522624
3.4215498932834496,10.349880303146804,0.9987208212214256,0.5901541574575434,0.7758860749243647,20.309201122309354,3.2781208951873184,1.2787989404108067,1.3707703586601951,0.7215217259591735,0.2577824457918503,24.398379983617176,0.1638069794059846,-29.341251298678387
3.407726897223599,10.088308400877967,0.9027701043487208,0.6581696455951497,0.7296614569146932,19.03577480780405,2.694252882282847,1.3837866892218393,1.267037772948432,0.7575855948415956,0.2715110503633131,20.006849609773447,0.20750501200615423,-116.76651246795093
3.4307976522644146,10.008655027906084,0.7006094274092479,0.5721953594187621,0.7244763333766226,18.665126608983023,2.977297888551487,1.1941565081528185,1.1214174451563848,0.789716980539485,0.2028228577037994,19.61186199455085,0.1713620889495117,-104.45638767633803
3.407323766026196,10.058562111431021,0.7274494994694072,0.602846572456925,0.7615329812463657,27.282472346297176,3.2775756977607573,1.1430256696438892,1.2195360599599963,0.7027689048379583,0.23424605483494143,24.651128678057873,0.1877905995833607,-111.91010602324118
3.4335466821826133,10.236548685491096,0.8632984106509998,0.6603285984330969,0.7737281442435446,26.428804857373542,3.088684665648181,1.24050029764861,1.2376313093502231,0.7835237681360582,0.40908028412039005,22.729323251227598,0.20785812853135377,-69.58855619463611
3.404129548367572,10.55598436629175,0.7981638468137354,0.5631743581342894,0.7080734975486439,19.20901815145227,2.744964142588297,1.2955058480835784,1.39344571561961,0.7997546942105879,0.045215452789616854,21.65858998656945,0.21932984355076232,-117.96861049877906
3.4291511292625736,10.590258159303316,0.7700522173915255,0.5953291038495306,0.7554990231219153,18.31501675747062,3.0948585094891756,1.221406266407584,1.137485918035123,0.753823432037166,0.41742907735168133,17.68692060062036,0.19200172186147146,-59.06640161716548
3.4164802156155885,10.792478168207156,0.9976301841504458,0.6499163012117588,0.7399957004312541,24.601454579651083,2.6846348331103576,1.3275284477126017,1.1938718807644122,0.7517630037972897,0.2994337960881356,23.452753873033494,0.15247648687203066,-65.86136137589841
3.424560108065582,10.896119878282642,0.6565721773529761,0.5807682542236168,0.7155414295616959,22.519691626989093,2.973251479720139,1.1684310379838587,1.1667392437043378,0.7647198813016092,0.25290042279286995,14.695769391412842,0.1510236046038188,-38.94412942607744
3.4179842528100117,10.38344567037075,0.9311999040215664,0.5648827956054777,0.7671227832174878,18.56625030919644,3.0854614640719498,1.3639627234993523,1.1368191669540602,0.7959759818496317,0.0660685099976519,18.763777273651534,0.20362970117918316,-96.66442701982783
3.4356900724752113,10.099107558925843,0.6554259540405208,0.5669396038887521,0.7581630517266916,17.397865918325014,2.7894616551572944,1.3647496864387125,1.3789666432392609,0.7473760035074841,0.01154419313682374,16.39261982029652,0.18741343513279848,-18.886641793375475
3.415292152710346,10.685853076770782,0.9627708797121501,0.5716340274338471,0.7660809842171349,22.92387409791908,2.9562469020380115,1.1612690076671603,1.1612130459843644,0.7750402473091819,0.11307783053837783,25.27273253710757,0.21910681134320478,-49.24629033692402
3.4227811985035843,10.548749381763068,0.959816927999851,0.6993626123316522,0.7447386581630528,22.461941443001805,3.152665567333867,1.3983072595379635,1.2598517700396346,0.7758205880873039,0.2861684086471079,15.327820853670149,0.19609093918456866,-91.72216468731824
3.4156056183434584,10.378158068571683,0.9245997704179602,0.6873189973822595,0.7562849353996328,18.570677579944363,2.64154468300031,1.3789265168011566,1.1840176830527336,0.7318630346830917,0.14981818695956084,22.377321868992535,0.20121758503532838,-102.41525931286688
3.4350659951951323,10.411225460288074,0.6988508770320739,0.6220782729913464,0.7669502265405496,25.25101790774582,2.6878809778814197,1.1813981429919773,1.2196428360461269,0.707527192682981,0.4086619811381305,18.67300866108132,0.18975847652471955,-113.87902767612411
3.408272401344647,10.532213184328826,0.7882884093522893,0.5784173865929858,0.7233822083752827,20.864746623314232,3.234089286411785,1.3493482249123816,1.1495222408248889,0.777329874526888,0.13673562719053978,24.230858562806382,0.2058912497607743,-101.85904693060006
3.4243106715290756,10.513839809940272,0.9871319774877755,0.601753709091641,0.7014047433033146,17.760151295453852,2.7578451564176816,1.2792662053554544,1.2157819182565215,0.7550319678506316,0.3610841199527389,16.107762527760848,0.1613055040326402,-84.00036313447129
3.4154838300811865,10.573178995552208,1.0183539542571598,0.5891842042387353,0.7385332111824083,21.54820400705992,2.8286949605715557,1.3940597568416155,1.292697792172476,0.7550204421953712,0.20636480395357004,15.530077687958794,0.1707828580797473,-32.70462618025083
3.4251693518363577,10.78455089933986,0.7479810498078275,0.6054255648369015,0.761803248109924,15.354600478587834,3.004299661239132,1.2692151757432557,1.3957996002956898,0.7193882359964113,0.32705074266220413,24.45264592167733,0.21277006012251345,-21.635559541523207
3.4172487384619457,10.593982085732002,0.9788521191782571,0.612953781034083,0.7114200533886533,16.305638274644814,2.720456639430325,1.1127628634863633,1.1799205663380228,0.7557194740607411,0.3977106783824842,14.512427439020916,0.19318343686186007,-113.97669574052601
3.4255865718796614,10.248906644236959,0.943670179571679,0.6555590559554293,0.7188392863684582,15.918206293325259,3.0029793921793457,1.3116584545192045,1.188118542056338,0.7263688651433409,0.16637958318413115,17.970805348289826,0.21441821850760345,-30.355271479028545
3.406103228334621,10.634677817863327,0.7026809539473342,0.6002132575959226,0.7249763857891778,21.12840143087834,3.111537974246614,1.1739193462115545,1.3787239849252426,0.7335897015801562,0.1223822906754862,20.024970378175205,0.15412917697572157,-88.51854121697014
3.411724617496079,10.315703934028088,0.7360674775981091,0.6821124439719182,0.7704410364726878,18.272811528501244,2.7191544173388547,1.3294092539956917,1.1582472530621848,0.7416909329216125,0.3826812991680629,19.834439257680916,0.19044470753184714,-45.01479180496845
3.4172570467709162,10.386914914781611,0.7564298713234959,0.5935846883912285,0.7526416964203531,15.897260417740561,2.6939598183087425,1.2483714122931364,1.296068746859317,0.7851087362685544,0.2664034224594958,17.084135050843372,0.17124769468948664,-113.36639998468812
3.421602625077721,10.401944680455012,0.9076821352433626,0.6112913801845402,0.7767324059355036,25.0393793243296,2.7184711604293974,1.310046766840979,1.2458416542595223,0.7245630822811022,0.2986519782508033,19.465182552643135,0.1830728816301597,-73.77338321626189
3.4023926473630226,10.560164400860055,0.791823780238802,0.6056988559693741,0.7328999776010291,28.205582856523527,2.866679001592824,1.3721619216518695,1.1804027281667993,0.7491183217862181,0.1260481496847633,19.06345634803893,0.20821612907679232,-69.80960551027857
3.4274063312627323,10.884033449092216,0.6898592805106614,0.679362111276859,0.7404014917282126,27.601454349273144,3.2773387879152067,1.3511746999927898,1.2619611719396204,0.7882234716838776,0.07339487926982945,18.692182465378366,0.18201451352431858,-119.11609848795523
3.4297501316637393,10.471368682684815,0.9013012785019011,0.6459875580578042,0.7572982741314414,16.398712517123165,2.9735982702598456,1.3404467070006747,1.1196627829805337,0.7218237241786001,0.03564501381036298,14.29381823355751,0.16895174058980522,-99.98699331845941
3.4303796346919784,10.808108927508888,0.718898376269083,0.5672788760317158,0.7172510579641858,22.43022169206122,2.7819204902154926,1.1035311972658979,1.3242798460791265,0.7464254559093091,0.2973097165453345,25.67763438512702,0.15463492020674782,-99.87886584742803
3.4063648030149714,10.060151789094146,0.9749122965212238,0.6919839871952206,0.7294070739724587,15.686112122505026,2.8939477632621573,1.1203374757953437,1.2255449881285734,0.747034787885197,0.2682434403412681,21.14596125927686,0.1668027094522494,-54.50389847990509
3.410886821729183,10.730618272016004,0.9798768034013029,0.6362683772637158,0.7246273298641813,18.14435046994133,2.7029525919541264,1.1610514637305713,1.247430140748533,0.7141718601979753,0.07273249735627316,18.809816071471907,0.1859248523918556,-88.89911456489098
3.4368993762380824,10.646459784894427,0.7938352470172001,0.6427341004884082,0.7080403015296978,25.561382002865212,2.928406399943131,1.2541914944955797,1.2265930072834819,0.7000438196908338,0.48988203489976545,23.541289221228784,0.1613187469208874,-97.0231149872464
3.4206872296572093,10.458512955272964,0.8609857621774322,0.6400889394680686,0.7347504031290889,19.279368417029353,3.1353885475637324,1.1502146182816047,1.1010071463794846,0.7024294518206792,0.02361790453755255,19.949093488518518,0.18658699961688296,-65.97819222354869
3.415460702800463,10.621422533168714,0.8642682523224288,0.683824339473429,0.742523826260438,23.48634768942741,3.2765028903293025,1.3251470649339425,1.2979990395000136,0.7120594360088441,0.490111929867994,15.574617760552465,0.2146317804347951,-16.359146480271335
3.432032463306246,10.620134039608189,0.8117310256033995,0.5785581941387978,0.7294570114546763,25.06299158639787,2.7274333273303526,1.3118665650586978,1.2887628347521307,0.7942458934533633,0.18067124228654197,24.260550318215124,0.208643961130168,-15.594611047397649
3.434280234790619,10.564911015218973,0.8140637042955959,0.5757333333604138,0.7710017470389061,15.563656573804211,2.7592529923756195,1.10522814814172,1.1834338207517043,0.7649955334715873,0.09889079512032688,20.308647249908105,0.18079175978194492,-54.66633297288405
3.4070991430977773,10.741877272252802,0.8654822550462027,0.595811542312611,0.7184426114527086,18.31164875519913,3.009003819176382,1.2205531662904079,1.2047042808697812,0.741749515239204,0.08846800410334306,24.799861819474827,0.1607549207944554,-69.72382299322618
3.420682652109109,10.236145163280185,0.9078737553297075,0.5759509646860221,0.705968103818507,27.261583948259155,2.6423285000022116,1.2950432050544076,1.3614697724104863,0.7112060318435441,0.23731120353222604,18.544027975905454,0.17408426255221954,-123.77977192447392
3.4326048989111904,10.743297102354807,0.7655439955466701,0.6187247438945945,0.7504961621063116,21.719645176747765,2.976318339656615,1.178374979308393,1.3633235538855588,0.7687728383321057,0.4246243576162643,16.967403053940952,0.18600403322965078,-95.87709632932152
3.4048992181682327,10.426596330498693,0.9639327155161788,0.5930664924905426,0.7654601124223722,24.640872911842774,3.1587199658377916,1.3081066866245252,1.2574525831245804,0.7495332863296018,0.4137677481581843,25.50109951068344,0.21312010395154335,-4.47814745373249
3.4252807843957847,10.50065413642036,0.6797309633744686,0.5783839418370346,0.7171827165004075,20.649977129732203,2.8400102492528516,1.2111994889079267,1.2033755849051417,0.7455505381079928,0.26909239395708195,21.61055518812337,0.1815148231745508,-111.40296584033834
3.4104829306890347,10.018253920981786,0.9958339041301216,0.6699911934588988,0.7424909791437884,18.73686783061416,3.26801635116065,1.2494373221577169,1.1097460292906236,0.7963716333575036,0.2217777071063769,23.565980575078342,0.18047388436570025,-43.076236815196495
3.425711307387126,10.217620711082056,0.8530134663737696,0.6773693902770649,0.7076481163444122,20.7970583834095,2.7021066332991746,1.1917584888876775,1.1889494785517891,0.7755052749779141,0.2918454154695883,21.584154681192857,0.21557612471712867,-32.913261411723994
3.415024436185345,10.52059935256487,0.7265318028443796,0.5870207059745225,0.7323826526858265,19.294001242674298,2.9099957097616826,1.2871664190549312,1.235337137489145,0.7352645461139685,0.12980352513799578,23.918479140353924,0.19164430528776216,-100.2256825873481
3.423125382771706,10.71769709469859,0.7355941583143484,0.5774686923012373,0.7119277973777854,22.356466952934746,3.136067282231907,1.1356122058623068,1.1073349486197963,0.7746585778426762,0.1563102292414051,15.442232017184484,0.20735542100944426,-22.86841628676811
3.4202960409689322,10.264761860689571,0.9207575453764631,0.6259045208443103,0.7538232792807947,27.867580304612254,2.6593386472030995,1.2503953306857885,1.265004625916109,0.7495606000150583,0.46081782621462963,25.772718049627642,0.18803674622335056,-37.13459960750056
3.425652245951135,10.554912805757212,0.7057394799015491,0.6283078973310865,0.7580304375773014,18.64989608304287,3.194185324823883,1.1544225012454221,1.3666880110333304,0.7645336860672113,0.04712690994268851,19.3165983368231,0.20823816751055677,-21.485013224270844
3.425664969363993,10.578233677271765,0.6591946487122231,0.5698785901808134,0.7550716678869941,24.82810973198078,2.9643667301408567,1.1469941800072607,1.368748359090231,0.7229113575060436,0.05824252110883669,22.15464868953712,0.21367107237136418,-61.8315520012046
3.4102884474133095,10.71389861524181,0.7583502016569108,0.6167059082570895,0.7716635333305335,26.765103925115476,3.1708480033137283,1.2710335263000256,1.39223844880062,0.7641452509895381,0.21641449179721606,17.836232032433532,0.19449811387454358,-123.43512758968558
3.4141467084732735,10.611249815488435,0.8791719438746303,0.615439891654641,0.7253242762394718,25.75531653251593,3.1401687895743544,1.356916078239934,1.3408431989340646,0.7780141584740093,0.24263911580986533,22.01168471738051,0.20385947104937566,-52.36439675077014
3.418231228867782,10.556653255465985,0.6963627184654365,0.6663364633615523,0.7670102952618595,21.46903034839654,3.266161516976622,1.3744742508021879,1.3704836966752183,0.7852221801165368,0.2096284504191646,16.785131654880576,0.16648017550984853,-1.6016632186438784
3.4272090975950467,10.831513831619425,1.0261532950356917,0.5836590317826551,0.7351975446439631,21.725303372862452,3.213824634184448,1.1495195885377472,1.1441778079352458,0.7341738095661088,0.40049202076693774,22.485530438338603,0.17360404819668265,-74.59372544552046
3.435641491869036,10.807010720954748,0.9360460324096014,0.5998569806994786,0.7706761636649673,21.099912377846714,3.143488254476975,1.1045593564976979,1.3537342383904172,0.7971596360448505,0.2971983360282234,22.796244644000716,0.19722476318109372,-99.07866414674032
3.417866358247562,10.04967990901978,0.9921563934409743,0.5955535987867638,0.7435849421509679,16.585875018684973,2.928111273679058,1.1934994615680192,1.1246098302958645,0.7469293564284392,0.33493928732536254,23.08284722920566,0.1729002093466593,-59.136973601043664
3.4385085429655162,10.65264910105055,0.8686080420799536,0.6773812568259713,0.7717577328376194,16.222665267515875,2.76676364020695,1.2733262538765941,1.194253056836413,0.7294199232909945,0.23586744870800208,22.065272967941567,0.18619222259851112,-32.40210178108454
3.4250165779863186,10.59973246868341,0.922147701648304,0.5645812253237771,0.7607725066706614,26.573755417713357,3.0790004192083584,1.2052824601456453,1.3224474664785693,0.7170791621045144,0.02591503356319343,16.07250893989465,0.15074982100959053,-95.04339775828461
3.4131278253102515,10.557438075370724,0.6647666372217832,0.644530353329903,0.7658607772555336,26.45381137212381,3.185067273508135,1.175673732062474,1.287375637824642,0.7183418276609737,0.44928454899537107,23.888266907879753,0.20969354705092783,-93.62637364913488
3.439418873064349,10.143350204831304,0.9047468928215399,0.5678676849169586,0.7228006629993239,16.452850071169323,3.146480446790224,1.2921421095384553,1.1187522076159444,0.7477164533455243,0.059068650910439995,14.585521022373468,0.17545624591444517,-72.95371747928613
3.42216669700737,10.338723205575713,0.9488456928796034,0.5598072396141067,0.7061136796082081,24.039794383635183,3.001528959030828,1.1764325688820834,1.2435270624982926,0.7098628284183948,0.21864846131277932,21.105011925502573,0.1564575681791178,-4.904248298316361
3.417076432928785,10.090459877269916,0.6819038495946473,0.6595305949469943,0.7099942887980168,16.863469254945613,2.648428373577207,1.3483320625977422,1.3872774441167481,0.7347476939543499,0.4190573930944933,22.47178535609537,0.21893536269260613,-41.55269718714774
3.4279124957653213,10.48067535653756,0.7198273086097966,0.6849712497620573,0.7461610586526457,28.11438557807655,3.1966061296559594,1.100377325398061,1.1448895051581198,0.7159403905301471,0.30444973034400785,21.59970976572654,0.2106080515105518,-50.06846171564774
3.400542557779822,10.441267836307874,0.9572782024620718,0.6616745261774232,0.7685524888712254,27.414148613132454,2.940742541828074,1.2256945357799267,1.1510668280883087,0.7997238358210057,0.34242772072939004,25.702997260443027,0.2179564893371569,-2.960494571045615
3.428279730963082,10.750324824064604,0.9937556068804632,0.5575429776064331,0.713915337100318,23.650954807782913,2.8416846483109452,1.3933244656383312,1.1748164651744093,0.7341855704530668,0.25870730660742786,14.304760322546747,0.20682415476417346,-117.06056387719477
3.4377793464771256,10.470845673060207,0.7886783843064491,0.566270171963315,0.7606289231032868,28.350051905738283,3.0200899544079722,1.3385841130225566,1.1622574811049664,0.7096448058736675,0.4081534404593809,21.949418871172846,0.21691458021338733,-106.28374779662754
3.414442530495123,10.131969894145698,0.9477416435628528,0.5412684590182616,0.7079305513244529,16.012403182283574,2.866513035720125,1.1708731787817201,1.1954173264754484,0.7943636923197017,0.38878229667562214,22.220345985673607,0.20093646652660152,-74.56671453901282
3.409238356549737,10.379736948285457,0.6728716592257173,0.6307825345071407,0.739250821177396,23.58083164991558,2.720563593509143,1.2059686178249636,1.3229474257035472,0.7132579646652647,0.11460975349336944,17.848405436193175,0.16514142403212248,-64.11735146911715
3.4312865520352185,10.866761098510183,0.8828713055183827,0.6429136265137608,0.7351260852176456,15.644980140795928,3.132953830785204,1.2999038486148797,1.2804428223982365,0.7611558735387868,0.040335607181843244,24.614113094862766,0.15152356557207403,-8.299241561821574
3.4365259701536517,10.61066336252511,0.8634075462540064,0.6895663628336545,0.769455685397066,25.067267111334527,2.7498999295177478,1.2132502621646424,1.205260009267009,0.751700148207537,0.2448406584400914,24.112546711236362,0.18325103302552337,-99.97423621902074
3.4198080798541928,10.06762259921467,0.9333504048916175,0.6035789451607263,0.758112486353341,22.976512046163272,3.1919328880748608,1.1250496980652007,1.1710095821140234,0.7521423627604831,0.44072826865072073,16.569233586126096,0.1696736718940834,-30.239385172638663
3.4046155687072455,10.25716504519828,0.9474868575122961,0.5937307522123707,0.7501793179827965,26.16398092454768,2.91133611880295,1.2585327447411938,1.3026327167076641,0.7374487166767812,0.3621050398260739,25.07534028227125,0.15695947751574363,-20.49936966754329
3.4166078030754097,10.768138486722364,0.7250281688245334,0.6717553943302329,0.7282886703961591,24.74608956829551,3.227226470010554,1.1371717667948438,1.3746021781896507,0.707310830673523,0.3499333568578934,15.067668689731484,0.21887607549189736,-74.83526003765365
3.4095820681185325,10.557815708533779,0.8394159635570818,0.6582642856736607,0.7256609885961501,23.36758917159233,2.6968191555191203,1.1230395556580597,1.1413973828219781,0.7487070638415175,0.4941072431027672,18.487389103733065,0.16018205688154416,-119.41954790943318
3.4349829701983503,10.245265101897177,1.0283496270561034,0.5472493605737391,0.7212605575731607,20.953010214006838,2.724478717372356,1.1013706796751048,1.3084625209480698,0.7442912750174159,0.26264488657607743,14.888516045867608,0.21549933324082324,-55.68303401290062
3.413395162236745,10.457746534663793,0.6730887205952303,0.5891087146743719,0.7554252754209969,22.161320160149153,2.871385626050084,1.163183845018252,1.2364066817727022,0.7102425345699023,0.48647476799551653,23.53530320200131,0.20306009693699273,-67.11774622760095
3.4371356438159664,10.728741262801115,0.7288901115042988,0.675564748721206,0.7589983689314427,22.40008047880849,3.199903134123179,1.3933456214364428,1.1135784380617615,0.7327363876313443,0.17760881489384772,22.388563217900206,0.1961087390156695,-7.8417882194312085
3.4350812200658574,10.787560260276432,0.6770981822895797,0.5850173852131838,0.7491541472123805,26.225151666590953,3.0311181843134487,1.2875913164516646,1.295255167678499,0.7355694427875171,0.0429341074935115,17.69208694883454,0.21667877259171153,-82.11123418643265
3.4078762496641684,10.138596568464838,0.7724955828946851,0.646951414817493,0.7287531586399414,21.28334138260404,3.21790715615357,1.248555095220707,1.1950580091752652,0.756572034684746,0.29873888415759475,20.872717635612954,0.1754013312516422,-39.92057810352091
3.431463185536025,10.649920123416148,0.9515223680379905,0.6070715709951932,0.7146575753765865,15.616177164972779,3.0387489902899723,1.1711139231537393,1.3711134005583085,0.7431217084346227,0.18607726955007706,16.096050486391107,0.21306380961060017,-48.71903395703433
3.4030907526485374,10.258793614998973,0.7413843864983528,0.5856300675663535,0.7773456636303184,23.596362465129374,2.652142680717216,1.3842962633084814,1.2491428997701621,0.7815059954994545,0.4795484521385984,20.897470862139464,0.19947825305804162,-83.40676759802088
3.402427875680441,10.476437974428277,0.9084212586813454,0.6245103447904893,0.7352406051323109,25.97865924934125,2.8203593435865106,1.2869918227830364,1.366500671093539,0.7935828894559784,0.2899413580812284,22.003503240887405,0.1992517700996308,-37.2828247071197
3.4018861165493908,10.091617820822169,0.7577250089226923,0.6610238827911675,0.7269194733133588,27.71316522260619,3.214530066788824,1.301842788848869,1.1407798214156801,0.7709930568690745,0.4643364505082862,25.78352723929821,0.1755820358914412,-13.33722975754651
3.431696418550621,10.602212137739881,0.6765089521635209,0.6395932863501739,0.7300043764099786,27.40498908947488,3.057456083475807,1.251181620733538,1.1201597425163536,0.7129690810459623,0.017136576163832507,20.532541669618794,0.1958859111278724,-51.711711755350464
3.40184799631922,10.654022079809991,0.7629700077737939,0.677746621966265,0.7351135851655104,25.574845425485016,2.7701602794685387,1.1511779092911854,1.36815766842416,0.7710295121281806,0.30946611921822526,20.671455745389586,0.19179436751271906,-112.37218443878012
3.406167174140527,10.004161562845775,0.9792840955873593,0.6273346675012064,0.7253693621183501,24.88263461191038,2.7125230879764537,1.1105098462240133,1.312170210663138,0.7730911563682024,0.2673736223388648,14.136061737703203,0.1981291790915131,-76.4506137789237
3.42261442447278,10.715316424611087,1.0087843210904435,0.6247137585051392,0.7061336833791045,23.05893657226262,3.130688161389042,1.141575462802737,1.1483698719751239,0.7071956596929159,0.04463537851550345,21.001544032180988,0.20324070767781574,-57.567078211934216
3.4310648747646724,10.344094024495362,0.755959967132515,0.6013244785445393,0.7623457386946466,19.490902301251623,3.2363042960998003,1.1144206000117483,1.1139558145253587,0.7924989665989386,0.42568302838527616,22.92668646923976,0.19998714305017465,-115.39269439392339
3.417366681352546,10.184727839226488,0.7627991932667555,0.6528195967574315,0.7317595461438555,27.330488133297777,3.2038862793057445,1.1683479700032955,1.1767323488566357,0.7920976826720747,0.2359833497347245,20.910735928127963,0.19109067104079897,-8.089685061607724
3.416407380735985,10.328999841141242,0.9204091109328664,0.6372281856353158,0.7481211918392228,21.089576975391463,2.7165766876845647,1.3599722885707388,1.3717344939504421,0.7040402890807056,0.137941701407991,25.658333396850203,0.21444561728154177,-92.03771578982116
3.4087116412532104,10.831743598964486,0.7496608969022112,0.6234993366808592,0.7410277466250892,18.71582004188994,2.954280726959657,1.1760509047109449,1.2270304940716206,0.7087431455180385,0.413991406474198,25.133735432447736,0.15416411242382416,-33.552010460529544
3.4247776399065817,10.704421216273019,0.9752635710305594,0.6611476617794663,0.7720369721166442,26.504588449942343,2.8147234809262693,1.236401213053231,1.160358182113631,0.7405819503178874,0.35387721219678875,18.212318875582227,0.15461881201996444,-50.69273094619446
3.4206064370199774,10.490712484013299,0.7773615216038925,0.5766567853170551,0.7218448585499069,19.857168598149656,3.2472728871751886,1.1894581365143853,1.12402022694804,0.7466878959733878,0.03515007401725199,14.685215682695661,0.15560516629978952,-51.73188529202474
3.4276467077749913,10.115406475622283,0.7179169445710115,0.6744929444419674,0.7089195042622677,19.275041438099862,3.0250166950581145,1.3928051260046423,1.3504030099652509,0.7580673688819193,0.17823031973841214,16.74979248428932,0.15308924993422915,-50.63962287659672
3.4311408076534127,10.705654056485477,0.8705769004209682,0.5524688518985041,0.7708004735268325,24.12104851151834,3.1275860922768177,1.1376818746664146,1.1249029014015182,0.7123865913506954,0.31445395253432123,16.960707219285677,0.21529170898986433,-5.683901403636483
3.4276943005108924,10.513396148452435,0.785864089546235,0.5918166079236047,0.7135112507243013,17.09178072075814,2.868866580543495,1.2258475226810903,1.2959629248327775,0.7162921212767845,0.02455414657383959,18.127232886711884,0.15518171927671148,-109.41242510306415
3.4137672746455987,10.861155218956709,0.6916924622253546,0.6739441689613631,0.7722612555019519,26.35329940200024,3.194151349033196,1.3449656779293926,1.3726926327895588,0.7559634297455794,0.20617712264610213,21.349372048757367,0.1899019019652614,-22.532817781851264
3.41676744554974,10.347359583590082,0.6731279887127654,0.679126181037028,0.7067744304216432,15.479905153164166,3.079559823536468,1.2134751559111439,1.1924292837805612,0.7093597374663881,0.41785824214358874,25.365137533038574,0.2002661594486663,-98.25785222680348
3.4087068503414693,10.495104995089855,0.8111725666292671,0.5615360068037559,0.7762460726084621,22.810761481342812,3.261704257469143,1.2093578431508738,1.3860804357978223,0.7371809391976206,0.4960251390399294,23.953744934772125,0.175133679334388,-46.7065376384121
3.424627596509516,10.673031065458026,0.8441861830698625,0.5993940611770061,0.7374106945282953,16.413766685601825,2.741876816601987,1.3455385425261288,1.1407276208657966,0.7303493441002363,0.15554092170183,16.45712151303155,0.21486904494940798,-83.99497830665706
3.4181924906855077,10.731965561330627,0.6954905994887262,0.6824428365977454,0.75896441131654,19.27159841321702,3.2081007221373756,1.2730317905752881,1.1468494215714873,0.7457258795465532,0.26285253389354113,23.26108765991735,0.1796129408011872,-54.32981172739618
3.422758399359092,10.2392033894252,0.8256162260205206,0.5558650683462385,0.7429519756670282,22.307483480401594,2.9310115358384388,1.3834173433355013,1.2896436729712264,0.7747691717132683,0.26268300280867984,25.384758772917944,0.17644969069979013,-88.83796969084298
3.4044013229865744,10.01138953655428,0.6850759074709247,0.6526577314434407,0.7662124122784535,27.26964282680481,2.7278285054619205,1.1710438536840204,1.3171118126625099,0.7185570794751955,0.1089226084183954,24.34755141330666,0.19868609514764843,-74.66287175722829
3.4220087852115304,10.199042178074071,0.7457928760812677,0.6566502834336737,0.7572421204995826,19.749935872744572,2.777122068024194,1.137563993329695,1.3559517656602758,0.7695178284106685,0.2980538746877783,15.052988831423736,0.18075681075940483,-73.38192817187607
3.412153264331362,10.81140770578262,0.8208088255549192,0.6586358702236181,0.7566579954084023,21.380564090180044,2.6812198643922707,1.1090385283308797,1.1685288580365525,0.7555970588459362,0.12042310941549086,14.995200689692872,0.19802643790333388,-108.58781870709895
3.4288507592505693,10.826540457664633,0.8330708007900827,0.629639802717992,0.7690938295567782,21.325219465304606,3.0780296424497005,1.2569857032703897,1.3933490082261182,0.7105015696584956,0.48121658003238327,14.206401932584901,0.15769855209134898,-107.18298635110588
3.4331945676069786,10.284126876886964,0.9717851831661306,0.5780066971913875,0.7279278050123399,23.097209914792348,3.1125181703855485,1.3774613036812846,1.3668283115638598,0.7947415110007807,0.15033678083891336,20.104463074482734,0.21157419500510335,-58.98135420218634
3.4290121054527734,10.268618204871458,0.7518251395223376,0.6964703748737252,0.7675139984143118,24.820823164357954,2.7829669848128447,1.1730458733616875,1.3863867534688383,0.7583371390207179,0.32629644007162883,17.52755523818674,0.19613047635570396,-68.54736328538395
3.435184735740035,10.87225130223313,0.9960322715308914,0.6596356899709921,0.7074892571489806,17.15949251497694,3.0395203892487945,1.3653769083175034,1.3488699903900803,0.7401087941839979,0.14190515859950587,17.234697343782297,0.15803082167271587,-2.6341587315661883
3.4363257115961447,10.360592263876196,0.9413147384867344,0.6624811923879377,0.7547512070920274,24.36127974084303,2.8806351730718984,1.184997706228593,1.3286229288296796,0.7013833804536528,0.32400900853968917,14.562292597674974,0.15861819409902728,-6.483100079547825
3.437152717599823,10.493548842430801,0.8583148205193863,0.628909645365084,0.7387692381245409,19.441573110106873,3.232125699348326,1.243683616860158,1.310109276435275,0.7205150787743654,0.38136993077866105,18.44820646410691,0.16701811690140383,-17.083500650159323
3.4370271039726195,10.429404267471734,0.8490942855371721,0.6275562156500244,0.7334495900779955,24.043568386336855,3.054356758857083,1.1068022469346113,1.3826974792850684,0.7112171463537952,0.11962850662665077,24.159478594758845,0.17619525170926015,-15.774476937114102
3.4341852623569165,10.314860460293033,0.8734988213799323,0.5686546875077315,0.7641201416603891,15.70005004941961,2.6592323480639712,1.14756674617853,1.1853721212524626,0.7275117807083905,0.27116102597083297,20.770632324209682,0.1848951244705619,-15.76095317762946
3.41652128572145,10.366652571625636,0.9711661212969671,0.5771926348884695,0.7233230981866423,16.684628449532752,3.219261629145457,1.3772538179990954,1.2481903310233478,0.7989911897889258,0.45290404853925165,25.27063144985538,0.16065706311742872,-100.31459469500669
3.411658942224301,10.766019407632234,0.6722398506034574,0.6141129984169723,0.7468115328707418,16.313834044180894,3.0440587406375608,1.3436632366965637,1.3369583566342935,0.7746083451830228,0.22948664047172251,19.686165795464404,0.17450774646292125,-18.182909319842267
3.4399826804923235,10.481692391811041,0.9665521222749527,0.5890130301900115,0.7643984390622721,23.56791695349485,3.2471298438915404,1.2191641465249186,1.1518566621798823,0.7353295051299606,0.30772881883091074,14.63240916230696,0.2175578010841588,-78.59773478998383
3.4223498143620743,10.16754436650617,0.9463645488033496,0.6969587217706206,0.7544784974441552,17.34076585981197,3.2797888141756486,1.1243119607022736,1.2814798447787785,0.703199913718313,0.33992642162215586,16.50973602360054,0.21356765177113918,-20.90235761814553
3.4222207167015886,10.248395837669761,0.8137638796195162,0.5942061268860758,0.7668473478182061,21.930705315335,2.8375108310185575,1.296283955536164,1.1678574642066928,0.745472126525075,0.4322406711001357,19.094513773890593,0.18907285816841182,-42.118673285462165
3.420764912874435,10.611704320156907,0.6716393084274949,0.5976625783457516,0.7150651885474646,22.392074517991063,3.254874065624075,1.3897972909107714,1.2531953546810342,0.7665350600410225,0.40222571715285343,23.804185646809565,0.1789621699564605,-21.906924811265696
3.4325184794778747,10.685258077296266,0.8761159378701786,0.6444806866452838,0.7339896882460085,23.019428652510673,2.831355935771814,1.2087896440676975,1.3567994256643787,0.7147498970383975,0.1974336988078793,25.6300236117982,0.21957202502879997,-45.447318045290785
3.4287001774494965,10.362749525205873,0.9851309630079423,0.6481078085445361,0.7141730359432379,18.020983033575437,3.107997947527414,1.256930389604754,1.2170258649340193,0.7590723849113968,0.36963502971475076,25.448719864935917,0.20329990866961808,-30.16174033280015
3.4125576293048536,10.831685506715022,0.768642876017826,0.5728275587186774,0.7126588380623429,19.180925378148423,3.2674372809373984,1.269391613203613,1.2032974164235481,0.7743259326115111,0.2522939416416536,17.15061233798748,0.20252242963624312,-94.73195175126757
3.4348633593284164,10.840498122970239,0.9795120176816601,0.5796713281968251,0.7630447401215177,27.39206100804498,2.740877099238016,1.1408529846081634,1.323668458350125,0.7050002508456107,0.04200055343831517,19.02862427610599,0.1613573291303162,-20.774583243869586
3.4210975658324716,10.681964925798988,1.025767025151218,0.5798052608303829,0.7768635040154912,21.512376913474817,2.9564373903226757,1.1168585726973783,1.39435804841643,0.7602182464246282,0.13382630786643537,14.568175903851165,0.1591551951177188,-22.601741932759126
3.435777621924569,10.73507657200807,0.9497424560541629,0.6084593240361458,0.7760012318184,20.89370711246852,2.8935589727469777,1.3117439826545236,1.1764905965123926,0.7938816155516853,0.3506934635914255,14.60646601380875,0.21581298378588576,-73.14714668805178
3.4157448248813735,10.626166132320925,0.9631520881603017,0.6162939456715724,0.720924734980598,16.449858238736226,3.1949868519335736,1.2049635516984365,1.2172667318938193,0.7044060845708805,0.029317083201328382,14.194403420238475,0.165917435452849,-104.08057524860111
3.408971612845655,10.737898640658576,0.757505775232888,0.673887248895609,0.7120014959140288,19.032937973152816,2.674770508885719,1.3003141496214503,1.3597900134967997,0.7350454892729525,0.31375735419369705,15.761621678618635,0.17797754710989705,-71.48401912270711
3.426802162098534,10.738806557077591,1.0249375614289886,0.6487719460018451,0.7434281224169237,18.30263302353819,3.2574253582835997,1.2979771483302962,1.1052637572240844,0.7959545562849252,0.4846482260709008,19.108931755171554,0.20066946911509387,-100.82503838224127
3.421432741484394,10.384974575210576,0.7422369617004869,0.5471946973482805,0.7612571500671661,24.848494166411854,2.9691148895822455,1.1036906237220392,1.3246025933587868,0.7082604629490538,0.381202275528212,23.439523464066006,0.21142027084609163,-107.19021495958918
3.4052733962770856,10.252424651589944,0.9689536036696623,0.6787411385161973,0.7052042992091885,23.855746531422803,3.160057707897088,1.1873064063898755,1.340749484683335,0.7007151471013783,0.2592281682941975,14.86019534596291,0.18930984172096507,-98.23605116884822
3.4217945920332773,10.179696506296201,0.8549939169802803,0.6960706093588807,0.7601778891668487,23.989547432617336,2.8906122486436545,1.3465551761594714,1.2647802110574962,0.7605415828037363,0.09832653818239934,15.202879380117981,0.17946065804477873,-96.71648907658118
3.4373112158225085,10.394479045767198,0.8754610155665532,0.6831747556222594,0.7702288646930694,20.938394608371475,3.2326918212524,1.3537585099817397,1.251167543858685,0.73150398276331,0.10690780196419464,17.966898089011654,0.1573762152705985,-35.42946718617668
3.4067601404190855,10.216925624480673,0.8228833218328335,0.6331371000948869,0.726265802595509,24.3690711314993,3.2382922383773876,1.349251059285917,1.1426469013816414,0.7658374936734839,0.08864054001049884,15.456790474606589,0.2100481361709249,-36.50239011187509
3.434579777863093,10.222798882312011,0.8884401698984412,0.6580180141111386,0.7525167122841364,19.584461992587613,3.05082626188328,1.195102752692302,1.3840554965766434,0.7417686740840518,0.09548696618997449,17.124121152537622,0.16499439242785288,-104.34919703956662
3.4262210637160178,10.282326540084169,1.0292848758176047,0.602626992057276,0.7187118943439462,25.160651926255813,2.795151658084904,1.3462933260797056,1.2681543541033757,0.7651885824094536,0.24238592908694298,25.8119232518499,0.2068478684217019,-83.53843631870566
3.429173207571715,10.259734806765197,0.975354437266824,0.5543947925749416,0.7676657226536688,15.752521749115141,2.7567651641030855,1.1348249382836026,1.2237148338398516,0.7997687651272813,0.29169781333770406,21.49781395815476,0.16275534997138594,-33.174669791041666
3.411709439774851,10.109301313967226,0.7135463629321916,0.559200340015641,0.7144688357305177,20.875964369223855,3.2572230436773424,1.157695227670031,1.394721539275265,0.7447819939786688,0.3109635988663526,16.91248915018232,0.1584565571807919,-123.18138213815894
3.436023813215081,10.855427205592,0.7843718279181668,0.5922683172177937,0.7498229078293285,18.3478460355791,3.173412122555975,1.3234220255332447,1.3054680274177746,0.7961402776607713,0.4151150234984892,24.113986027993,0.19442772858340113,-122.59344269795847
3.434685551060576,10.432610650908746,0.7713405651044954,0.5694115282955874,0.7046068050955611,27.42779872499503,2.996659980459055,1.3905612190151946,1.1367883977539694,0.7342129311822782,0.21501965422203398,16.661294499315396,0.17606926706872092,-15.245884542774832
3.432564222308475,10.816119239003907,0.8311122357264713,0.5564707569274563,0.7231480233918285,18.79962175151123,2.938456437586045,1.3184871881785443,1.3284963693118472,0.7561857227734256,0.18758344840416077,25.599374232458466,0.16080364658585639,-23.348728441468182
3.409421240028125,10.432081060917719,0.8134027074193,0.6359020124176442,0.7326717674612987,19.272198024107567,3.1999929969349186,1.3341452211069693,1.2818106995165113,0.7114901243845003,0.005632299133315603,23.96602907573562,0.2012862951489441,-50.39424066278937
3.416381365296166,10.882533432138501,0.6657874367953633,0.6921824527975893,0.7301685057803037,21.31713842575528,3.1482627265150525,1.3636531760664028,1.3662067241317328,0.7890938414479339,0.22251859445061084,24.014604739079886,0.16184192037653675,-111.84498709725776
3.4182870154240916,10.18196447138663,0.9412963584212688,0.5983362347225011,0.7261088387030805,28.20512764651501,2.8797050173028773,1.374171939453768,1.1335912159616262,0.7642840820595134,0.18314444987013587,19.843870398382457,0.2143317044251602,-99.41977701291202
3.4199255492951015,10.872308996557667,1.018796907514929,0.5930736187854471,0.7654399713095628,24.11187859529639,3.0772651892138807,1.3947097979175656,1.3446584803267632,0.7709552396499086,0.13545841812746284,22.628853404266806,0.1842641042570332,-12.615358002207216
3.4016609030837968,10.017871463081091,0.9911496404623426,0.627623476914938,0.7004777241208395,16.064303495762125,2.8387797043960523,1.2005770999474263,1.3486965095774504,0.7013581610661709,0.41992201457345985,18.727726136539978,0.17284219840826115,-6.748311722649788
3.412888106926277,10.020587592007605,0.9470033667911582,0.5615279095175836,0.7151103015935746,28.386708680192164,2.899541558987784,1.2772219269926681,1.2816836827687947,0.7812497988838616,0.2914067511311986,23.479517985179143,0.1570000397339402,-23.190800014107054
3.428618808285492,10.619187663684277,0.7370475543052949,0.5869728526196606,0.7602585743568354,26.754372041047066,2.7845780328824645,1.3969851218692653,1.131113827027614,0.7253318943275193,0.24617191260148702,21.71209427464268,0.16728659729265616,-86.46101121693326
3.4366286536976305,10.593891056320873,1.0239966011894546,0.6552008172985552,0.7763298914385621,22.737215352284817,2.8200492522246017,1.306184690115794,1.3213426962772163,0.757106096768618,0.04581712054293851,20.92363196217231,0.1794383485004795,-60.89963370639476
3.438850041983922,10.664869471909066,0.9170118819909019,0.597421162524413,0.7403897147981549,26.54172051794461,3.1888583621093125,1.2841795948158912,1.1664547343449276,0.712891842631079,0.1256990992077213,23.43790338189426,0.20953249883424685,-65.90883892748693
3.4248704141348814,10.109844605784899,0.7246775553564708,0.6282042261747677,0.7712649680440633,22.395377547742573,2.824819010634862,1.2001250701821884,1.3598978535082287,0.7479677302311241,0.26496312693432444,17.304019814742635,0.16617038065668704,-17.862929653134472
3.4349609702843433,10.497468497055214,0.7755954315304757,0.5878840296827456,0.7593964682892019,21.555743938824172,3.051163573055201,1.3899701557464663,1.2650998066901682,0.7067286194643564,0.2328011927033203,19.50734636656708,0.20973575587418533,-93.69763174224352
3.423759124622872,10.343671454310426,1.0138013668159518,0.6304170382211921,0.7540859997045898,26.518839882623332,3.2454123184888166,1.2514680985095277,1.1301302650709826,0.7579152462752967,0.06309467872792571,14.598897728459548,0.17786333060092022,-13.521389772717598
3.4229297523508166,10.311946643050538,0.9409121855424722,0.6649741433402088,0.7096410284646856,17.671344527801487,2.899243986869738,1.244132381342125,1.3856661055041202,0.70136138989167,0.3382941402520519,22.577470487370682,0.16204672248073146,-25.63758912252257
3.4384731848140935,10.403755758830368,0.9384841966843818,0.5863493464257742,0.7792808974584374,15.712509715903806,2.6858111073016917,1.2765489942376544,1.1530995636336439,0.7090151164020044,0.3422932373190946,17.195981079131535,0.20824378685173378,-24.121555405209136
3.422787141071062,10.601922053769467,0.8792854325833898,0.6484734763337457,0.7678520982715143,20.166096791769302,3.1799692365028562,1.2324319083288477,1.1250548839312469,0.7085042194312836,0.08761816788743568,15.008707192883351,0.21836133715812137,-2.226652303639611
3.422126218385533,10.551428466516667,0.9672438411148543,0.5668773195325307,0.712329842495249,16.37473711750578,2.9275087878257104,1.2623268553692168,1.2972786868179877,0.7249122525628354,0.07497478566453468,21.942693871347828,0.19715912030659621,-40.80199966705001
3.410895557622706,10.859421851885703,0.9329747674967033,0.6100272085463145,0.7434413840440901,27.936178758718818,2.9857210542584895,1.399539184316116,1.2962294422651852,0.756635963652098,0.23088273330373255,21.938127837005894,0.21844412990887707,-83.79301948790062
3.427756245203565,10.20858493145131,0.6583653052241288,0.6094641797635528,0.717427380720409,16.53323018047713,2.738888193697087,1.2289521387692994,1.3337361070268212,0.7423543548220907,0.04772417884154329,25.173528410522124,0.17908516667162122,-41.31525589336826
3.4258549980464315,10.274737632515352,0.804469054220752,0.5563335936902748,0.7505374549298343,18.048743782010927,2.762536067259878,1.2763575852274938,1.1078833604399605,0.7330098403811369,0.4657054133958156,23.547127564613312,0.21040111794259012,-123.63461841492436
3.410820541190691,10.498556446660897,0.7307856856803033,0.5515689725928954,0.7045909117704792,22.929594140812796,3.1486529157323773,1.1370105074250798,1.3679964510346831,0.77456668562529,0.33149861733249214,25.673669884900512,0.20966809349077384,-100.90258825973912
3.420524627937772,10.628713431284966,0.8549191072362867,0.5518774111626686,0.7522329632181323,27.520001735163127,3.1201677424240866,1.2088463169443282,1.273936632152695,0.7072346890781489,0.04389559986592339,15.800505562243599,0.17800164996989687,-83.55151857230835
3.4087657631116,10.76305664759474,0.940294079160099,0.6892635015668263,0.7235472393586262,20.296796514449078,2.722316831904186,1.3705345275389484,1.2359766800401588,0.7226576706487715,0.3749982708734438,25.89813044786727,0.20019078580731106,-2.4703974091658125
3.438222338341811,10.243522853431447,0.948535113476991,0.6899302699869436,0.7478573912380729,26.2754374615141,2.7284560668522446,1.2005040167905945,1.3971626174832366,0.7525836323171835,0.44299340092683875,15.108484969780768,0.205226714151663,-123.5945574959778
3.404550254208007,10.042814563342201,0.9559673326097498,0.582808342435139,0.7242973155690225,21.10325317226726,3.0749175744415522,1.259026227823312,1.3927307116216743,0.777780200493017,0.08705489856568287,15.951465698543151,0.15057773367099173,-122.20121518147329
3.4296438807273932,10.529193702559192,0.7788507038330331,0.6168567444232353,0.7727086829419814,23.171244467817782,3.1855945994812074,1.3264056929467625,1.3605569895782308,0.7793556209540589,0.0748007077300831,21.513839595983065,0.16767360651324537,-52.670493208929
3.4162973768273965,10.775150995482841,0.7075287170152128,0.6160610601612366,0.7536298408624118,16.364809417512138,3.0235646983264752,1.126188322843949,1.1982994669276585,0.7536782505970924,0.1556177830829608,19.07623117118331,0.15171673078014947,-55.139845556631
3.410363459706842,10.069387031140547,0.7600100832272598,0.6009323562111583,0.7041222679718628,26.753916195875078,2.9107112349583204,1.2107073814867622,1.3719235436137052,0.7454849590045951,0.286210644369689,20.286234327943802,0.1533326422239284,-33.29384540336463
3.411248428812973,10.61777796154113,0.809761266694726,0.5812058016511639,0.7141806043460677,28.281237653616394,2.9670019357417012,1.133289036927913,1.141766512314899,0.7305313846805784,0.2633393824882926,19.60699100821155,0.18117864701459602,-35.78146416694928
3.4183848080489887,10.744474904335105,0.7563214588113616,0.6424243632709514,0.7097395757550574,19.366670231036924,3.10434661746239,1.117855243721311,1.3962208801622558,0.7390123442744486,0.29292720056803784,20.429297089161345,0.19285344349643624,-57.907592040432434
3.4130117438402867,10.252612411434848,0.9494132633293083,0.6683611232572186,0.7521008177232562,27.496254225267375,2.897824503730448,1.3777091753709454,1.2786342876601864,0.700647327132669,0.41227694788343344,25.455856812970573,0.183992069245125,-10.968494751785784
3.4231638131626103,10.234174322095667,0.6934055222295402,0.5725533035532421,0.7172798384446925,21.21078313520124,2.892806548561267,1.1585026990133178,1.2342113145115587,0.7283439926915957,0.19989819374073636,15.110810407710852,0.20085988887487455,-60.197182114775096
3.4314858457316038,10.787032631742353,0.7335004020185257,0.5406996276082106,0.7179243296195041,22.508470867863284,2.805568969045314,1.2042344469575692,1.2809265370932401,0.753786076412638,0.2881199307016615,20.36976834956642,0.19780824555488166,-85.20770197112476
3.4330834662973113,10.624319764900989,0.6880584765455453,0.585856261107625,0.7148652309916217,22.057058302114207,3.073264061476858,1.2507535257839266,1.2743169353936987,0.7508676430020641,0.07317130548673069,15.885061904063562,0.1721744089245439,-50.78926296812563
3.4299448998751116,10.616693270633728,1.0054665682263293,0.5532784583168684,0.740063140251205,28.388831744396903,3.010617531106611,1.2495217685621804,1.3595525784614004,0.7331619444268447,0.16236951367806438,22.692196989784225,0.21267803769850646,-111.96944741381837
3.425158469132472,10.25335818267292,1.0254920858450989,0.59377493057234,0.7338172477840802,23.718033061542222,2.725774092124804,1.2288803465277711,1.3019927593440883,0.7070080668372256,0.2323907381045518,22.22961904464482,0.1602486999424487,-121.27046638994636
3.4020926374068594,10.876564959110326,0.8537440048336675,0.6125914908863324,0.7256293625250598,28.0144372561669,2.6943455192882175,1.339680450525621,1.1970130077366796,0.7706686036569053,0.05241097206654959,17.33314437229023,0.15957741133170456,-104.13685731311747
3.416525458563339,10.501621686588846,0.8367453426524496,0.6480504675735296,0.7440974677950573,18.24960527330455,3.177058635166989,1.3793635384287815,1.2127133198989892,0.7815498167608734,0.4833636443952599,19.46898059388176,0.15603694559300824,-113.89332386223505
3.4342951499300933,10.155067321348954,0.8403509256385616,0.5628153128928108,0.7240092317893092,23.623392144641954,3.263565381940994,1.2057452165441127,1.1056497281455073,0.7140768511419764,0.23051743729669713,14.901212805172648,0.20130078483262037,-24.91497894054723
3.438928155494455,10.709435798129881,0.8759304774800631,0.6016041526487801,0.7638969671130851,26.483433343641106,2.7530590292114847,1.2954717127885902,1.3846243263413907,0.7291286123352478,0.28348399758501847,14.011136920113715,0.18397449489393913,-25.362801599274334
3.4039012700329545,10.663479370107227,0.8576342570198674,0.5689211185722148,0.7332519685613319,19.039086822975246,2.8725168790360063,1.29174613442502,1.1787976426409599,0.7700233840864925,0.11972539326574998,15.319542991111476,0.16985861408188413,-28.201582844864447
3.4307024437784075,10.613244383875914,0.8068848325163374,0.6827912045863092,0.7110056131434503,20.335379714454923,2.9266543228650566,1.2252441187591956,1.3560643822130727,0.7186484514752662,0.3948474397769737,19.153615653323705,0.18379466879847012,-100.25677394275604
3.4262450868919534,10.59736192504169,0.8358305096752388,0.5683182858399763,0.772700617228387,17.769747676508544,2.8424107442741757,1.1662080570807007,1.1960076206472763,0.7743629927313999,0.47314025630799567,21.82364295318626,0.17202126212158902,-47.60826760602015
3.4259991236374625,10.398788750744018,0.8571110142419326,0.6908124315699421,0.7008547724130818,19.586927421179485,2.8295100154087933,1.3311613839012053,1.2039158653800905,0.7522888547006163,0.2099445729929013,14.580813321095114,0.17521634243188644,-47.91599088641803
3.4365838575343504,10.795452385654022,0.7283849753615067,0.6171034182464185,0.7671839675067781,27.681674706116734,3.1148799141016066,1.2770215542370902,1.3914958512768987,0.7244805927447795,0.011462009127851827,15.672090891906889,0.21221855214682267,-10.353050533775601
3.412120520841013,10.167025381358663,0.9393007267753196,0.6043047271879005,0.7423660378659505,26.625776769970294,2.7018615904528756,1.3589666893507149,1.122851328326692,0.7499226586340758,0.05923066686484374,21.090107920494596,0.1672970212005508,-25.86459951254909
3.4297595522144415,10.835788772910774,0.8638155943538169,0.5492681115420449,0.7086330746491352,16.503959676618113,3.009789702976923,1.2766904631211542,1.3029599075690426,0.7753857293888173,0.042733056013649365,23.862606878149307,0.1769190823118459,-55.61382041995243
3.4092467673211817,10.404377893696408,0.8186079648635316,0.5865659366257168,0.7017202446652898,17.188492497694856,2.9734291300861626,1.1235195202189856,1.1440045472893805,0.7804969249350647,0.00889742364459476,20.26192854281942,0.18746042499914164,-94.69047587205654
3.415977828420908,10.55293123934673,0.9388186069471187,0.552590162743187,0.7490738535276417,19.216527289471717,3.0723016394950604,1.127092098494778,1.2661859889646636,0.7675514763930242,0.14121170452307583,20.59871041027391,0.18853438246555917,-70.52603510897498
3.4273754027690844,10.636606883460246,0.8999550991390494,0.5516168289100635,0.7232492071118332,15.880963890462507,2.7030478681026335,1.3474609759761715,1.3048172128177984,0.711880380852045,0.13281518696582625,25.998945463198417,0.2169345567498538,-29.034403470481777
3.436772947093026,10.11923303118964,0.7269504349588266,0.661337888543036,0.7475834809503237,25.383274801528387,3.1014243224974267,1.385292882328618,1.2010538934486372,0.7687574319622293,0.4264504412014643,23.557208946421554,0.19489074655459898,-32.29471387799404
3.4142296101363914,10.596483343868236,0.6641248738102998,0.6688178004234266,0.7518948952117288,15.417371157209466,2.8553967438697345,1.231906124839591,1.2832649453641805,0.7325997827055708,0.06778349494346031,15.306683870142313,0.16498169289335626,-82.21074550368468
3.4215349074125636,10.34896735920868,0.7145779944336715,0.5829227488438686,0.7613831900670378,23.352701314246268,2.8316089400661903,1.3332888591772671,1.1043121345284486,0.7497464601424759,0.0040686492413527205,16.296051671164843,0.2109698513487486,-23.762730059631195
3.430904368593708,10.455842115955438,0.7470147935226567,0.5454374667416074,0.7265770707016624,19.8053908142545,3.0040126405314207,1.2154779653640642,1.1987753374881784,0.7954653084871254,0.2422141695050029,19.064841069520416,0.1577711957458121,-109.13148081442665
3.4082773300954963,10.822529786001079,0.6709676383070877,0.5404355011704215,0.7791725139073593,17.600236096363545,2.986390118110181,1.273949190793983,1.1121577606049429,0.7394454999446528,0.48563557872899105,17.380936737109447,0.19719449529939034,-12.244349503559462
3.4177810548974965,10.699679858167526,0.9988967350635356,0.6405416226897181,0.7562486086326329,25.073355900835445,3.2556424727277538,1.1576841562528362,1.1457164597078142,0.7618455828164079,0.1281211393917959,19.929737351561357,0.15678515968595644,-94.18498511145509
3.4107045012819976,10.296984849234878,0.8821008841684448,0.6946736662515767,0.7433392237186452,18.10010925273635,3.022142314665164,1.3668578687766968,1.2796395713918927,0.7419354864836448,0.37640770837035153,17.268694577265446,0.17520079988020937,-41.88880190203619
3.4110996487437504,10.29343964564352,0.8899814440263534,0.5755732453648078,0.736150823629306,17.64678846864132,2.668947776734439,1.2727420589435918,1.114970488482373,0.7022039448533708,0.24088252181715986,16.499862300307058,0.2127648275297044,-44.77825093413415
3.433838241650306,10.628801114973243,0.8057172804278456,0.554445007229862,0.7097750630187837,16.242220425076077,3.1320245019804593,1.2333212066175387,1.386577632788876,0.7016238966790176,0.07869329797620245,18.591271219923538,0.21568412063451758,-2.3720438443593252
3.410153627716147,10.677398228862385,0.660152481209058,0.6055937452281389,0.706081258585091,17.30658142319723,2.781992901580282,1.2970569961994656,1.3835772309825187,0.7954257531948401,0.3710286304808895,20.69442437979394,0.1811683171326977,-114.48060008531455
3.4381679855969223,10.649843122749223,0.7306369957460903,0.6642978483171832,0.7693072559964648,18.922618717300693,2.898915933033659,1.3164487164111667,1.2501098309545182,0.7679345684580183,0.2058478099508221,22.197314169858508,0.19834489384933285,-57.48404797790677
3.414003925414944,10.048245996976481,0.8697083389691145,0.6456890148676171,0.7369801424322656,15.465158769875764,3.2751753079127948,1.145600100891893,1.2947360962327639,0.7487107070604747,0.20816469323496176,17.757569000097355,0.1716729079473946,-64.26228990004918
3.427971173078288,10.208076127844025,0.9231832701450775,0.6464850482832408,0.7542856953967088,21.68215250323989,2.809541830332914,1.1945600995470715,1.2012981216809164,0.7990074885598468,0.4159447160549715,16.507994412936224,0.21042209283147656,-84.82926300534783
3.4069433754942726,10.644387001215396,1.0250511473801525,0.6011664664642832,0.7201216581407877,27.108128929713303,3.036739323009493,1.3637568138065823,1.1322676346105436,0.7826096423279829,0.3330407327565448,19.594369992053203,0.1613664920571432,-53.250858493678635
3.4313072538885883,10.638757588096869,0.7821505302117506,0.6715053600499169,0.7277024620977159,16.20743736996684,3.2429361178641156,1.3266010417399579,1.2303051656564834,0.7134664052270583,0.12296571983804963,21.509658362057813,0.1528591516232565,-47.766338807493625
3.40102582342087,10.490946502012411,0.8798023863482707,0.6541858861583809,0.7276776428090657,16.184696765991937,3.0941478241837315,1.2889494991957628,1.3640362760805256,0.7932656484473093,0.17979740891836157,18.363522097940546,0.20822633166710225,-2.086096941424657
3.425035012895515,10.46638641432633,0.8277003181647006,0.5759079600073725,0.7061577242155643,23.662852471632647,2.882763837707559,1.3291268059308994,1.3467375661123413,0.7396046377665474,0.0002760848649402851,18.83574482796102,0.1677208161940268,-104.57836965870726
3.4360778292122345,10.33228605641272,0.7375729692665947,0.5754844186182404,0.7224442209201778,18.759387463561033,2.8227954905715134,1.2287727608530248,1.2243456679064624,0.7741799226347805,0.20169689274274247,23.017374271520715,0.21973889312958317,-16.671786311392637
3.420883094065149,10.011929722765343,0.822440232093693,0.5492829085283504,0.7020883649778478,23.628232157095937,2.6849580789261225,1.2825637554138027,1.3980217563045674,0.7698919655610899,0.0030982168121498413,17.098138745410964,0.1932251640855045,-105.19303419436261
3.409196939505416,10.589196748736578,0.8822156670291945,0.5940198936569734,0.7127859252756884,18.241002208913535,2.7558373310648028,1.1249296237210018,1.3411436823298166,0.7223976743650479,0.30335737086332654,14.394915353528571,0.16996591788404733,-55.32536714535465
3.4159470959198877,10.273781371565256,0.711603348839413,0.6950527042936748,0.7761525153438559,24.365428029198398,2.7373754831185027,1.3124040891321676,1.258692971962341,0.7143730598157215,0.24374612949161825,24.20025738370071,0.19431338756342625,-102.65926075808142
3.418987775794105,10.74706908712978,0.9806806906873382,0.5559182722303513,0.7360931428314755,27.17580640461259,3.2507725328282047,1.3089986427974238,1.173200474628882,0.7025288667221674,0.19061119733899526,14.324478743571179,0.15975704554820389,-37.5384172390215
3.418977215641507,10.315301497837329,0.7902213154098267,0.5690684401669648,0.7400063965694924,28.087150056650927,2.8895713142141393,1.3365735168389699,1.1777995729385733,0.7708005265886826,0.1978481521628266,24.846903434788,0.18346095810688548,-42.76656211343952
3.425816468280956,10.504610753508755,0.9582912197979314,0.5864534786816362,0.7499922384188975,15.772693294256117,3.013325311034429,1.1239391145377693,1.1989690693436954,0.7288458214880192,0.03449908838923842,19.468297569424116,0.15662129411843373,-33.56054248316153
3.4036323928450405,10.114298624745617,0.9051220124405748,0.6683278615493398,0.7072646134224271,20.097465321006553,2.8673304934587076,1.2773493670704192,1.324018189817471,0.7652049852799108,0.3374445372050125,23.285256517947033,0.18657350894064595,-40.344509081979126
3.4081287587102693,10.246260811640097,1.0246635754448667,0.5751852355622541,0.7413955441015097,15.72885419857468,3.2297576341379197,1.22611027180487,1.2384395448020429,0.7297271177168572,0.08373958916190198,15.596233656116091,0.15010084602751939,-81.41793891994254
3.4004012371292966,10.464280280910248,0.6944446059747057,0.5413070810976562,0.7421066190863179,27.382377874498385,2.884934595307449,1.2058857699885293,1.1342601726882002,0.7284663775675099,0.4738555920841904,24.13708367429465,0.1535421554144118,-69.32087470531505
3.402008911245686,10.482015337559513,0.7661365255164598,0.623629940279381,0.7073500005052968,28.070893744809272,2.728919020014786,1.214941900027691,1.2359383769335461,0.7594505037326967,0.030448598421660183,18.75656174696588,0.19663802958080942,-3.709470652260549
3.423783736064316,10.10158115855352,0.7624702426952334,0.6841396555313902,0.7062715946536352,21.866860689963797,3.110930953025579,1.3656810611440076,1.2587342285519452,0.7588382360929825,0.4822673631807704,24.20288774637188,0.18053860153138918,-115.35364188394027
3.4166889780080396,10.143691592835854,0.920064051028458,0.6612285884359864,0.7640646491472427,19.181983296053428,3.130089380420936,1.2064258006392994,1.2388586737587193,0.701893976182847,0.12428539016972254,17.41235885300877,0.1565090754103577,-87.04445864376558
3.4333933836136374,10.47107645635882,0.7398957352714464,0.63070332216299,0.7007246405887593,15.801098399017565,2.8636640588848095,1.341946509958467,1.1629354505181417,0.7062786232642152,0.4723191070562737,18.666989437051484,0.1550339026217952,-58.6648780581626
3.433954874347879,10.351706902836305,0.945435348488344,0.6678816449083245,0.7551617253260553,21.821458033895833,3.1831286356009088,1.2538452830846332,1.2723929777235339,0.7742805495542405,0.37002071307606815,21.077180254019403,0.16192934265215547,-38.51291327490057
3.4011565915699724,10.560650965560773,0.9606255948651627,0.6444007871798787,0.7096210171765086,15.51007347523987,2.9315177223739357,1.2158512735594535,1.2686295410055881,0.7074696698789574,0.15142051182860622,18.26677093419285,0.18818322390472703,-101.11048276930946
3.4095072991201807,10.523999859123236,1.0183930683293312,0.6242218460952335,0.7479785893929252,19.13943879466309,2.9559176289578937,1.3469295408376543,1.1270517077910278,0.775777942339439,0.47479911095170196,15.063349879418661,0.17156537733169858,-40.967774993452835
3.419005633612013,10.648976854549945,0.7113167635426655,0.6004416881582642,0.7151673505325248,17.14311959676036,3.1816045873872847,1.2812432785742993,1.390641564758504,0.7197166410684139,0.1026321526203645,25.256142932308364,0.19465897030360557,-47.81382452274492
3.4050392052917724,10.49718593641405,0.8788397355094371,0.556614477746034,0.7225095040423367,15.677752407868812,2.9631165673066833,1.220882079755719,1.1679267501088606,0.7559230303890394,0.45239361298600944,24.78964594062654,0.21803326024090897,-122.97273272823499
3.403147501593221,10.691722379299005,0.6595055495516637,0.6236684990575788,0.7442557614650104,22.86840695360409,2.960828951316305,1.1718648908529101,1.139033134997875,0.7286986129526499,0.4838581859587625,24.566246510313448,0.200003305742543,-44.748860370729446
3.434748753771251,10.181209241808196,0.8487435978058341,0.5903329933530904,0.7199345441814795,23.018419236647745,2.7814108673916627,1.2277362357886652,1.300960884972912,0.7482440332120676,0.49670325351939454,24.549600938029123,0.21140835998627033,-43.635717183333824
3.4177912066945852,10.67270908818162,0.9632574405264112,0.6749039693846879,0.7431967048087484,17.597712470772027,3.2466050337195087,1.2394250994350489,1.3105244945451489,0.7605664037286157,0.48938597446314586,16.941086801194473,0.1634856538525618,-113.14726278357674
3.4139768534075525,10.879140983149014,0.8259404269704824,0.6918023718223413,0.7300911860707067,18.681238315287,3.0665616651158127,1.1863493436821684,1.3386231669050126,0.7496459999391916,0.2086340903471743,21.86064241968191,0.20122593415096712,-116.53395117799249
3.411459401335401,10.701982101069477,0.6856035393214838,0.6531238113270645,0.7052813036396328,24.185924458783425,2.874930738177694,1.2198457450930666,1.1215902508861184,0.7643743177504065,0.2696651379193025,20.69223031504098,0.16979920488366368,-18.5365083858391
3.4045184815698875,10.489451079290637,0.6909614672719149,0.5668144888003437,0.7633217906401658,27.674641424493633,3.253298970485574,1.3973334152720267,1.3066569479938377,0.7719216445095789,0.3863909676635889,19.493339137626485,0.1759531342412421,-72.3165302830812
3.4061348522528356,10.587985133577474,0.819588478776488,0.6442153130149607,0.7319076950437385,26.87444285996115,2.704697837253478,1.3814068499133274,1.2599594116037203,0.7722504955104996,0.3338930879783575,21.515355823548717,0.1529766925487387,-40.045429738688185
3.433860786327584,10.218648025818219,0.710423744399852,0.6774294268270346,0.7777029225453429,16.47735722421264,2.899012777281441,1.2678152063778154,1.171909020072822,0.7045259543906867,0.045982578001268905,21.893587635402955,0.16749622139066017,-102.85804630194039
3.406194339383576,10.49847640890704,0.802462940544451,0.6930412139080522,0.7129793695116309,17.37457848551473,2.7579364569286065,1.3624000824973526,1.2976107608685845,0.7013072945075791,0.04912788986272769,18.41545988608824,0.1617340023502326,-89.64557179188103
3.4258383379765274,10.524808605120406,0.6599496469307994,0.6512992891600462,0.7154383272323636,19.671850499994537,2.8482227439363337,1.2216918638930219,1.251231475734368,0.7196854615881059,0.19676244777379578,15.499071064699187,0.16254388612247012,-1.817470086296737
3.438916488800594,10.642433096167842,0.707473589671845,0.5818544505195755,0.769232139702161,24.42565925226433,3.1195313936692557,1.2009130439966222,1.2447165875578756,0.7516991196923445,0.4929662656507547,16.922671102722006,0.18412822630471143,-8.141112251279239
3.4386242049985287,10.62301268520513,0.6560989049063162,0.6361579261441888,0.7075634280862663,27.018507686681684,3.2274575004255404,1.1681930304859347,1.3220969749316942,0.7438197791456937,0.03353010332742686,21.613624468877656,0.18570940671634767,-53.38761266106076
3.4029163902196076,10.187562041423895,0.8014074889682661,0.6274781909903779,0.7404626635522699,21.974184584780616,2.767801953320833,1.3353358682079004,1.3246952115747903,0.7652972433239248,0.05266430489948699,17.868744231172876,0.1825065925223562,-85.7632618634606
3.4157949407871504,10.727552740347232,0.7444075773013648,0.6663945203167205,0.7070993144700695,27.017369655222964,2.8581845368874346,1.179433589096191,1.3948672631200725,0.7535708206731351,0.048233019984532874,14.807260769759775,0.20074204150674207,-90.25106771453673
3.404507480773019,10.34922532710322,0.97189659746762,0.5720932075020153,0.7410982050542817,20.225575594830264,2.793073617546014,1.1207583180480316,1.2675804812833027,0.7990738313770139,0.2930011430889098,23.58250772147762,0.16751009855697913,-32.09517636934244
3.42296321636047,10.785436549944881,0.7125626183325212,0.578257015504548,0.7320598972101754,25.621521652272,2.7532047033540517,1.1373754186607639,1.1962620061862919,0.7114458014874169,0.20302911475718133,20.132734781714507,0.2074672425676149,-74.5802638575098
3.4158650124696686,10.751860082062896,0.9796271687539682,0.6860025878101345,0.7293795516312566,17.007967643080057,2.7511952261971797,1.3388810981599961,1.1025110483930947,0.7205401178254071,0.4899632029618406,25.691738050009768,0.21472230352558097,-58.536586308984155
3.4305133030198136,10.055309822340911,0.9263411473852678,0.6045123239995116,0.7126931376169457,21.79785788651117,3.0198419710795794,1.1422827824618333,1.261498750142898,0.7154531882242823,0.3669411556836254,20.18218633135747,0.18977435765425016,-106.64447485731131
3.403221799355487,10.683866680119896,0.9452008927862525,0.6568731009049976,0.7068760681323916,21.50240119933325,3.063352708689349,1.1038437685632612,1.1688184391008938,0.7306544527328958,0.2699464391270853,14.129202845701268,0.18905533626875856,-34.83220669654335
3.4355609861707697,10.570664687118494,0.7585052511568777,0.6807037761419074,0.7765432312499331,15.875757819826463,2.889875935910034,1.2113324619222863,1.3208050482945952,0.7786103815606682,0.4321446177606348,15.988051327583191,0.18655781781807476,-95.47540745592384
3.4280395358015308,10.501945322910808,0.7181232139803896,0.6365299382177576,0.7032654440503385,16.767721413751186,2.963653097602079,1.1234629457435767,1.224911942978477,0.7238333148747396,0.23445352148175364,19.7437406901519,0.21019820859561195,-30.182700440480815
3.4096661355404376,10.754636525600874,1.011842465716526,0.6143937827716016,0.7443788879684766,24.749478933169634,2.742632500959433,1.3570453858452463,1.3628704407821142,0.7633913532856258,0.12341132493020793,15.221717679697303,0.16787636095013259,-43.79833209466935
3.403167085345453,10.547600911994525,0.8774124092794563,0.655192255572334,0.7298565753269947,18.236169445704366,2.6835133175152244,1.1497456097517387,1.1920244471041643,0.7333494392882651,0.3417988625915097,22.058379609058587,0.2040473727916995,-81.2834724257061
3.425186246398899,10.42642624265201,0.6849720215729834,0.567488915044465,0.7241059890081373,18.552954051806854,3.2241033943729276,1.1674505192759486,1.3179509502808113,0.7757462373174415,0.10103536241401613,22.590808032217343,0.18630504685365765,-24.702602575207877
3.439956350622988,10.862679375980706,1.0220891373297905,0.6931955009235427,0.7283355035036888,19.11156845185108,3.105964852944781,1.217069418010962,1.343386978934132,0.7839961779864755,0.15295136078387472,17.52870980979346,0.20358928626744244,-97.43315173055413
3.4311953633027317,10.401773131448378,1.0179062202845204,0.6361731702767478,0.7505697423661417,17.489691944104568,3.0251096497918764,1.2493870047470572,1.3889780745259177,0.7944729970537769,0.04113649012183604,14.552408529918054,0.21519663584235615,-7.958627166828649
3.409850657313426,10.298021070183351,0.8736027470424973,0.5955729644886235,0.736559722214698,26.412812252776227,2.8198988260448186,1.117971744848064,1.1817696999471727,0.7162705180238633,0.18745483476499603,24.68350425480981,0.21192477054270736,-51.592624414550514
3.416352720307321,10.266275234264167,0.8327987517155784,0.5528172999213224,0.7022601831612039,24.019627328451946,2.737115482689106,1.227553501241767,1.380506751190321,0.7496893119581904,0.22658722844867196,14.629734752037782,0.20913188801353477,-13.964220575668264
3.4248644075866097,10.853179462317911,0.7580073871075491,0.5719956025093726,0.7386278779869501,22.19222594262331,3.262754443742945,1.384053209704349,1.26801811998717,0.7868276950140128,0.16214168111757155,20.029925534636668,0.16381348169418222,-111.85733864931697
3.4027872428668795,10.38508992552826,0.9014463589634221,0.6328528329583879,0.7369667094978466,26.597387379377636,2.907673530579435,1.336924075455626,1.2980396332078599,0.7321000761548963,0.29349108472699315,24.42694795491545,0.18672837098664014,-53.131852689089214
3.4216302547794863,10.14164675862654,0.7720495040067047,0.5622634574127893,0.7632480483069184,22.20290996803796,2.8126349848697916,1.1273192332191946,1.1342910721534478,0.7865630374278174,0.30075965361451773,24.24137464948889,0.2085512503477535,-55.3687158656534
3.4227121238006415,10.175457949778627,0.9093204124528518,0.5665646433602304,0.7251594850871518,19.835943432250463,2.9642045348364188,1.2032949988386763,1.2014226230769633,0.7543287841931249,0.1782556854212709,15.519262474441216,0.16800407641635975,-75.20306014398496
3.4353662159391365,10.859521901412087,0.7724593835407376,0.646651292655188,0.7155320797958052,21.767766598098873,3.1435778763021363,1.1813126791060606,1.3390004376055396,0.7581787292585639,0.008681671860206068,20.87550663198924,0.1716516837399531,-26.551319793155884
3.4306498673897523,10.555383809686369,1.0157877753583167,0.6035638785572779,0.7539227305901218,16.368366449722288,2.9185181134946117,1.3364400533710261,1.1795434925675583,0.7501878394749294,0.10716758173206563,23.333857067243933,0.1532937153691744,-46.16085302261959
3.436450394857271,10.093217806148255,0.6500317302838361,0.6717319163680113,0.7718178670236714,27.926085374000493,3.044435904804525,1.2460860432130987,1.1911790741195567,0.7400330777049523,0.0006232528920777071,24.84208367952228,0.20650413094372655,-18.086724782323287
3.4155886338582135,10.511943091211482,0.7637847322692451,0.6788597543443164,0.7650568238839489,23.78823747844485,2.846252022709913,1.2379099979645773,1.117830127705776,0.7574618510404765,0.022704534871987026,16.319723357492446,0.17915530691915718,-123.19970047307385
3.40620643032743,10.703620035935108,0.689510137679348,0.6376199000498549,0.730212345012345,27.349371984715354,3.1229167625181256,1.211094950142167,1.3972718745744834,0.7836725496699081,0.14468978829421392,14.819700258249897,0.20455422103347196,-8.484682087203765
3.427639664860433,10.617681123859672,0.6538027548636458,0.6828312183932729,0.7086282087576439,22.410024153650976,3.100584387383943,1.3108875703204195,1.2523989093947683,0.7672942915640237,0.35332308504711996,25.95453409475148,0.15930381964005336,-111.89690349323065
3.403007187127693,10.212347856627622,0.678839739602119,0.6155890710846579,0.7795278847175711,23.981215922488847,3.0610108482759224,1.2003007954185771,1.2061468954033752,0.7649195780070708,0.1614082200848141,23.191941300696794,0.1513217333823291,-82.97290705358651
3.4058275700531806,10.72398410424928,0.8559516039642472,0.6276357901974505,0.7156933066669651,20.023851703456472,3.0716103777686814,1.2585064346605705,1.1039377202500102,0.7241133547578069,0.025325330915339457,16.21372417504469,0.16676363569400085,-48.922685291015796
3.4010209904069146,10.538405240374036,0.6605865709939773,0.6108509000140631,0.7444779810535388,21.879467845402615,2.910027942466549,1.1437531031619068,1.29532969054823,0.7167509424807457,0.298547357390875,25.190176698422846,0.21689273779624302,-26.807189906186665
3.401300344456855,10.585852044422886,0.6853338722594886,0.6907376812048471,0.7431228563959896,17.213364806781744,2.946899815590401,1.3526424399110786,1.3091674731197187,0.7781591995962752,0.17175441320337156,16.58324673970962,0.20814658361396385,-78.11307172689607
3.4173627703622103,10.06011265401842,0.6976578959041703,0.6145307232507965,0.7153740789228552,18.655090796030866,2.940380879929578,1.29422337819866,1.3180905184909983,0.7554103642337191,0.22551464629508447,14.383094345897078,0.1586564655452505,-38.440810187873154
3.4090445064715285,10.351011897619152,0.8884543117322203,0.5487500421916969,0.7409071063429129,26.980382262413556,2.647096504608177,1.2207957427862668,1.3305248871319935,0.7909325919223714,0.05958978851838762,24.16698488588153,0.15492698845601988,-70.22904297021603
3.4251807292945675,10.615695238471428,0.9376079008769438,0.5904671043613018,0.7733193789827832,19.042193128886623,2.7915148149936186,1.1552601066769264,1.2868342918448132,0.7130183012359533,0.20881062314015855,24.315154116728714,0.19684272712992631,-36.34259589948354
3.432200663963711,10.407687095385342,0.9326178928787356,0.6311960487409555,0.7380547952241212,26.750999596012072,3.1158606061686593,1.3553564318353337,1.3454195814591745,0.765241430920709,0.4125619608912435,15.144833360295785,0.18246828451726751,-109.62794133147518
3.4002393773746515,10.772550076905546,0.7826969475114208,0.6547797672107399,0.7036771141856804,18.452334637739376,3.102436315242336,1.2195975565102424,1.1821698200941317,0.7759828243105718,0.37757489842214675,20.659206351616838,0.2194139272671286,-17.713840129167522
3.4097608384120885,10.86590797712061,0.8677339979854652,0.5791919978888985,0.7749239979877267,21.583546255249118,2.8025303495082863,1.3191771633296898,1.2659953823838792,0.7232846902503663,0.4309767055688484,24.478013040128676,0.178968936404512,-50.32037002634232
3.4002813176043496,10.294701396778072,0.839869603568361,0.5814977898514182,0.7271171208912801,24.939651945986586,3.2224309482071916,1.1130835057217983,1.2103336260101443,0.7378264736536599,0.21508773191468425,25.300290182342923,0.20338729979333064,-66.41758756007218
3.4231406681137675,10.163513851529416,0.9247363274971729,0.6134634581301126,0.7410457360431497,23.905418221978216,2.896891156743484,1.1154623709551688,1.3802779334319828,0.768210115322549,0.3560516812064019,17.5506703209352,0.20847957455761235,-7.7713832130931735
3.417053296890304,10.571501840824208,0.9378850086394377,0.6419325274404586,0.7502599274596229,23.737099658160723,2.9204420517353653,1.1410322671424569,1.2149191952895682,0.7883931957135394,0.13128130333800417,17.40300016078172,0.18948801002405818,-107.98522893022789
3.418099587166899,10.312649803858621,0.721103259160883,0.6089004282617663,0.7069171006260003,25.554126644402842,3.194093299292276,1.3197099096457907,1.3829064672566616,0.7023336304144978,0.021292769838477492,18.937223470757058,0.17472630536142467,-21.749668738048555
3.435858316678878,10.370783099200771,0.9854204797141036,0.5565516808736388,0.7473775980107865,26.11897924502813,2.9493749153603916,1.325853396235462,1.2762689518721932,0.7545592794541752,0.40739565885225465,18.70659607000188,0.19702165192982085,-28.566654463593537
3.4218331400646993,10.545121174797385,0.9551858498378847,0.551943536646952,0.7086632922344219,25.785104304862788,2.749288755097318,1.370799745728326,1.3929290525170002,0.7352404912330396,0.2245914828305306,16.86246837609154,0.17389351512516973,-57.76453102583004
3.439940503163634,10.544505962945566,0.7537485943622102,0.553594649854759,0.7200735786260685,26.442873332940565,2.775432941556277,1.2602419164173175,1.1460048714570539,0.7117284428238236,0.11696337715153218,22.815594428798658,0.18935687786450636,-93.67514572071313
3.435263720831241,10.824040208049215,1.011749092403788,0.602543893653576,0.7176909285720271,25.679879928756982,3.089610361234926,1.3205795717777011,1.2799584391809604,0.7581843232308313,0.03777154868704246,17.76404007639416,0.19432999164024653,-67.39389143596212
3.4121141425658017,10.02801573859098,0.8805453072512134,0.6223346383461544,0.7551319597547469,25.426103333314597,3.0750651409204077,1.2466583507880524,1.3738402583493015,0.7342210884699533,0.004982658075105896,14.69049286615856,0.15320605553902056,-27.755337505706905
3.408829935965539,10.506032186596565,0.8958019173523847,0.6545249928892889,0.7375640576410718,25.999501296564638,3.0066356796203753,1.3460058522440812,1.174889277753453,0.7949949779171472,0.49886204302320947,25.68947887045865,0.1639188018753991,-28.244793463069897
3.435098350915548,10.608205957344218,0.7111962109632416,0.6236545152823402,0.7498152163513858,15.641176696626475,3.0383110849104673,1.3186627337365586,1.347091290883635,0.710470145007129,0.4940818555196035,22.006663021491,0.15106728650751958,-102.97254337373441
3.4008000963015124,10.680871889536855,0.9368439324302984,0.5522709387198911,0.7660618234288681,28.256314093436288,3.0235444841896473,1.307072040749122,1.296676687805722,0.7454545041583757,0.36848031951125326,23.741786542187203,0.15725383205438181,-35.06577481069549
3.4047825591259473,10.442859809679947,0.8000285859522202,0.5609160285903567,0.7193862153237978,25.86372294598271,3.208934433271181,1.1862406196030917,1.2842856909278384,0.7744569744055991,0.1471867169008007,18.475138855129096,0.15403055484256414,-1.6352357151392312
3.423925502413127,10.383116816843335,0.9217966616234661,0.5643275441274698,0.7062062686508288,20.27803442223742,3.259701833830194,1.2251569203042068,1.3588831417984775,0.7123313204664018,0.386994540843676,14.884859623534012,0.1627736554133834,-121.5339142495918
3.406620285753139,10.03478711193141,0.6785917532714876,0.5920265582457652,0.7687452219217814,17.85312154059561,2.8873976628136546,1.3841673743017162,1.2551743191780393,0.757543309842241,0.4146817716011424,24.551295850247975,0.152941401612678,-54.280992612978636
3.428654919708457,10.801877614701496,0.7264052253460778,0.5571646929400327,0.7446556749150596,18.33618211064147,2.976372778223802,1.1314732565855778,1.3037690031342346,0.7467186496337289,0.47898246933776595,18.733202259007374,0.186529457061889,-26.367174789621018
3.426736531240645,10.455032415714841,0.9228147918961667,0.648658599129293,0.765627077488872,24.665952773710913,2.6703929350674276,1.3605305656977107,1.176908524390284,0.7768836851384527,0.19863778465697884,17.19979542230128,0.17795089357195673,-82.19774767383647
3.417628977695908,10.02375416586732,0.8760105938027184,0.554683475782933,0.7720667898730986,21.321669604301363,3.1598440049952257,1.3384260161019474,1.1236036647221819,0.7504888073124789,0.00068989026598211,16.11632250872213,0.2168625544350572,-50.92909671793032
3.413053216810603,10.206393656393814,0.8145005230834506,0.6061137106757369,0.7318016557568471,18.77345170826191,3.1438378866915446,1.3250639829165773,1.1742289979582035,0.7637969323795707,0.396346027349913,15.564657447859663,0.1699831320366994,-121.39554665051793
3.422289837812125,10.31678677205783,0.9976061104741641,0.5571473808925643,0.7439349825528097,26.982549530959012,3.079398696643155,1.329544744141704,1.1366727198751847,0.7792527361631787,0.07280688852450978,25.407336757980307,0.19979867600375603,-102.71538637712753
3.439649242737444,10.854071249304223,0.9836965738688352,0.5506870106545172,0.7355474298981725,15.524516419029903,3.261507790317865,1.3150288771698424,1.3387705548833053,0.7977670998236303,0.052820528852347386,25.72821221704525,0.15665942191341758,-82.84308912318187
3.4027293482058134,10.296628993834618,0.952323682386965,0.6539441210752156,0.7380428088482244,16.414203099253672,2.92862225835636,1.1369588559375097,1.1903858139809935,0.7373477429396263,0.4208657935561383,21.83789681310863,0.15903862244690015,-82.61327548244579
3.422238528954659,10.682369521037483,0.8399743076439821,0.6685793592858676,0.7395983490506984,26.512890052357413,3.0453590156170103,1.2442961799701222,1.3263553159870598,0.7331712272871133,0.08277172152076404,25.14536150844538,0.1505553197632293,-86.75132170140219
3.4222112602588792,10.451305723413418,0.8165506398051379,0.6399624162178272,0.7750913242229694,17.08326947224162,2.6671685747424854,1.3788082373504704,1.1477939184234325,0.7825337283683986,0.379103558486832,25.128594616075638,0.20048334205969054,-26.649243475773872
3.4227693361515295,10.072657056448229,0.8036011236481753,0.5548448760295435,0.767523004069216,20.113630750657887,2.9791422265601954,1.282198262682911,1.3315285266814376,0.7939021885617621,0.3029428335780764,23.630587931722573,0.21862768145543696,-51.37795896140479
3.4235870330992095,10.821656916392074,0.7875889648766966,0.6500400695231737,0.722267910511388,18.005829524787732,2.8722869652448253,1.390269049547169,1.2242804850636524,0.7873155230829365,0.40911637897509817,18.397879135217458,0.1662097337027462,-119.98589111935496
3.4251798171904033,10.602483438986924,0.922574011379772,0.6556307911941044,0.7355173606938931,23.69854717284267,2.7528100052682274,1.2492725767372728,1.1576116940988075,0.774296168439326,0.09972137197549394,22.977639179249476,0.18745002845572173,-101.15139005799944
3.411621795524364,10.89254918553314,0.9668019237357846,0.6261799842242743,0.7316436595727305,18.059603851473224,3.108647785349985,1.1746399552973796,1.2159653834269173,0.7680598581784299,0.3771464005316238,16.782494854965943,0.1513837440067072,-104.09986645174187
3.4121249039641897,10.211357699243544,1.0126344561676652,0.639252226153265,0.7699029455071267,20.16086197885534,2.956855643165629,1.2445563418920629,1.2002568948340697,0.7449379333676328,0.43753644820999904,16.863461527982487,0.1993419541492024,-101.00460683595048
3.4106907936600184,10.293084774211092,0.946160171698431,0.6106595823118574,0.748263475592416,16.933737812956934,3.2517275968846486,1.373035164548891,1.123687189269058,0.7896641568488646,0.4077335562247349,22.24269290772182,0.19096959844237033,-121.57219275685891
3.4252857881272236,10.642145308638822,1.0172921098443117,0.5729358043987315,0.7272776469189173,24.294085737144407,3.109682199003396,1.3985929027857296,1.3446930231485699,0.7351873200264336,0.48570251661489333,14.237186755155706,0.15354921603547445,-53.7761171176149
3.408694561551871,10.27798966991591,0.768923381097627,0.6822188224477147,0.7733276129387373,21.56283339963894,3.223769962312388,1.20016496668117,1.2540847106594075,0.7274837644251624,0.37764216628688935,21.286793132421913,0.19366403011251954,-97.05268404155599
3.422967129964154,10.500502773283785,1.023714611684964,0.6103897205544352,0.7165573478693377,21.21216688945917,3.2485981191844244,1.2553082900066759,1.371308824703751,0.7701136187119291,0.41093287059471045,24.693569218942066,0.15841970960861348,-89.10343843575208
3.426483342668064,10.880554239196734,0.8061260144900455,0.6500941587908103,0.7261200704045571,21.93212461694991,2.655588040352033,1.1260061105002392,1.1721760769588412,0.7347397228122735,0.2459515185057739,16.999948086659575,0.1749666587434159,-40.155966117487836
3.4294086453434645,10.695416643264121,0.7076422825039222,0.5949118656364061,0.7038196855570903,27.31521401054642,2.8011311422339786,1.1935403832313243,1.1202051709371956,0.7013785005772083,0.3728270413473585,19.001249904957866,0.19620792684204136,-11.31156984347362
3.4394585854776807,10.789308918252686,0.6595578279996075,0.6773967807280455,0.7173283361219964,20.501716392325726,2.7236079494863565,1.1959878125654089,1.1161928675681145,0.7303792914521782,0.4933097583860984,18.020939139327155,0.1942091386912323,-96.43644753222351
3.4153085327590107,10.328259203420627,0.8114751060299255,0.6361056574224762,0.7603614447918533,19.810742087628206,2.860004971222175,1.2015123850798157,1.24243493163167,0.7672085305303342,0.40726782102400827,17.47882727928737,0.2029128802997251,-65.70618295089292
3.420388412819067,10.129260504974686,0.6720250025850137,0.5408634319592122,0.762957803882693,24.38109451195055,3.1972537699696204,1.1429530214672292,1.3983851988810643,0.7393197412536734,0.17537580998973584,22.859239607175454,0.15819210937694558,-88.91540897863462
3.4150357632131874,10.281205298734553,1.027179883890704,0.5981788368940321,0.7510346295133035,23.57244348988649,2.77701911323543,1.2578015700959864,1.106643496140396,0.751365787349922,0.39754647801797305,21.542237652836455,0.19568333293246012,-53.35978433932465
3.4062985802116437,10.793527003042188,0.9155407536560356,0.6046471582360424,0.7183831761902729,19.386257990205035,3.269145821476643,1.3770904880776393,1.1291434581828463,0.7027130204513776,0.3726254512792972,14.628518280637302,0.21118953567094761,-72.29765030428243
3.4252617478479106,10.515863919852814,0.713398923775789,0.6840312114915703,0.7114452787939003,17.816852822651782,2.7821174837552025,1.2711930812046004,1.1058230754707576,0.7567174337190805,0.40283236942715417,14.194308539746647,0.1605926462753375,-106.98326148222611
3.438037936582616,10.06502298525455,0.8247028533616968,0.6411785440572837,0.767210081454426,20.529538049179287,2.8227797317650776,1.2498313830761476,1.2261128873142262,0.7856022825949952,0.13517543829894282,23.911117128565298,0.17939287647342714,-81.66587899814493
3.420887702758408,10.11763113710767,0.7429333598880618,0.5586298178625534,0.7560698203242958,26.39725980164485,2.733103683501728,1.1169520831467692,1.1933627562038938,0.777560442301524,0.18109799893132136,14.09616013880131,0.18595147053806038,-87.82215381478859
3.4187126884699,10.823166104625006,0.7087910925692191,0.6289814808707768,0.7702221674101445,28.111500089564483,3.1517237379177696,1.2842718551983037,1.151104891133996,0.7167704523881802,0.2978956157485824,24.78034078405761,0.18537204314558306,-23.263397333218563
3.433922326703954,10.40109849782689,0.6766347150434945,0.6563843304605437,0.7797958892964619,18.426729083423332,3.2076652761332083,1.120665070523861,1.321595028184514,0.7832907283543091,0.33645206702532315,16.149078995306247,0.20095171749918425,-122.32444036694665
3.4306478986495916,10.59294636431133,0.938180333031385,0.6133191858906002,0.7512436421575371,27.872744974244846,3.267500606681072,1.3225021604916332,1.130447435091421,0.7855405392510032,0.39129835364754495,23.90199577978447,0.1862987079816297,-99.79275066077773
3.401486880559138,10.898698004175454,0.7719780099188452,0.5406023948093781,0.7711203141893832,28.400615460893725,2.909505621394823,1.2045067894146044,1.233102431783971,0.7033139008738478,0.1433476164203442,21.998107774207813,0.2026645727189638,-21.805404137181256
3.4150736384189484,10.31554543456365,1.0167776076603814,0.6869576669618735,0.7485359003517825,24.852169785472412,2.719908976219197,1.245463653635917,1.2320338204239851,0.7126114912253676,0.10760596499626336,15.849998518788347,0.1741339336996915,-45.57426114288327
3.430170667355189,10.6487209664323,0.8592343770203101,0.5527715251562598,0.718086685370512,22.89597989666662,3.167119675779655,1.1941177353008094,1.1276542845191475,0.7378769728734701,0.38224412349751546,22.20591793868265,0.17081740368304127,-14.999895348735151
3.416559889719451,10.209317923970392,0.6886985437260355,0.6323219614264809,0.7429828875121316,16.500023844680413,2.9728989615984243,1.3386093878679277,1.3439471283478028,0.7350802599207649,0.18645433914691564,21.586648461350585,0.18328704678130964,-81.82461134877883
3.405041173592122,10.493609237321822,0.8342229538839315,0.6902127962198505,0.7121104686690828,15.356884494691828,2.9986096339746764,1.3565410951051025,1.2865941001288788,0.7537008763130731,0.4644614883578311,14.276751514996777,0.20414555213498806,-1.0732389283516568
3.4224828095231676,10.161493055817425,0.734635973271133,0.5821224684260203,0.7576706185816491,21.641249944342167,2.70010895969633,1.1309753286820698,1.194719091586169,0.7704633414440274,0.41195095558450384,16.18906586298296,0.2046093359793667,-83.4157319991375
3.432959403908735,10.879635759348986,0.9945230346060949,0.5916764382667189,0.7518596657766714,25.256287217732464,2.65666517570405,1.2900844460523615,1.1517271797309698,0.7438642910611042,0.43034534948454756,24.664723488482483,0.15350776337530722,-0.47912614571822587
3.400445380480495,10.666592340947375,0.910496898669114,0.556430570174249,0.755341641922484,23.4258675183126,2.6807890840697772,1.3079369440893103,1.3292088129536286,0.711244279849261,0.24507162721402187,20.304800744863435,0.1905911822656982,-56.55081726389547
3.4206134459429687,10.346828423523942,0.6872769785949326,0.6720419544281714,0.7217021845106073,17.54460663809797,2.710273481048562,1.300852356172931,1.1552931484905196,0.7287030356516103,0.24748243427134758,20.004375638101273,0.19628180231405,-46.88202955731077
3.431509951402886,10.532553254934495,0.9256197697715416,0.6615867990277682,0.7336222388520482,27.444898041220256,3.02824213220003,1.165654624355307,1.3916796357947634,0.7722414798006891,0.33822361605974566,16.076007394063915,0.15851912257404363,-67.70187992306168
3.4278915129253873,10.453572248847562,0.9092621827504805,0.6604141571524632,0.7440698693338015,19.116247185425532,3.222692676487246,1.3921296814211759,1.135715948908295,0.7211109502422125,0.0566089584339665,20.40537693616863,0.19968895813120158,-35.80449440472873
3.4250286678670716,10.103380630022345,0.6952837271378409,0.655437103981708,0.7463194892898352,28.265697702869087,3.0280669237692983,1.2793343895399656,1.2451342041555813,0.7680606141183413,0.015623086204156257,21.49013146116105,0.2043507864816537,-18.173915267172063
3.414193437751168,10.463111101489128,0.8217095094598833,0.6155159628569155,0.7424298791995787,20.370627978744803,2.7263032829769793,1.1104083722229032,1.1704932529217356,0.7027759877357644,0.4975093945605985,19.463843121555847,0.20660475477088636,-58.72963452713441
3.420361557337736,10.70502669949805,1.0170112610201167,0.6358158654004051,0.7354919108153437,27.810616646599804,3.0433485001813647,1.1550086216308002,1.3878589188694854,0.7479344087178471,0.37696958694893484,19.726316164593573,0.16463256595027204,-110.06259300440257
3.405598822290276,10.197827030992755,0.7469564959416387,0.6875029094938264,0.7401915071208065,26.740195404691406,2.8827332374035146,1.2650159428606556,1.1442150870820065,0.75665518699985,0.3462524099243115,17.999580269937624,0.17692317216865455,-0.2896265946793335
3.435037670501767,10.652570010663077,0.7383528074277378,0.6893374896118891,0.7263747708013684,26.770226058448163,2.7191006026517597,1.2310881772046778,1.2807416813180075,0.7630126300275775,0.1510151408804682,19.784086147911395,0.21933867952170286,-73.26562685629894
3.4042476594095015,10.431779001325113,0.9114695453145115,0.6632331771790994,0.7409456777189134,24.351359330079127,2.721368767087114,1.1306781540902926,1.2356917721882146,0.7388787061105714,0.49994234381869,21.75382170448362,0.17989462648462207,-40.23305292429896
3.4087962234796993,10.624533272203514,0.6919653659304287,0.6222592873513387,0.7754937147596046,23.86940292804395,3.0012415169130486,1.2139660850752816,1.3710817289840938,0.7407005386294941,0.11417364228734743,24.71948111728332,0.15807881937281895,-42.585713996086355
3.4366807884883563,10.665149636488051,0.7917477931448009,0.5643385367942347,0.7612867304972581,26.00918438954491,2.886062228574497,1.2386026699345893,1.3778500108695988,0.7215942620913703,0.21534602905341813,21.722919428871847,0.18942684884908315,-48.43536148360778
3.433140940882655,10.31933100431466,0.7894070141366405,0.5438096218533879,0.7229805173711779,17.547652361580127,3.279033675728999,1.1481009092484653,1.2754395143111121,0.7086092036689402,0.09693380025546054,20.938704962471714,0.1946261612916773,-80.81174700559286
3.4040384341829686,10.41559601554868,0.7680495707503048,0.5967294080329996,0.7047083082439966,21.920938625415424,2.728995891503989,1.1419178827391807,1.2580248066543633,0.7769262423792948,0.44507156624037025,25.2589251852501,0.19733360442705997,-76.52695102501325
3.4038710890710377,10.783347770772275,0.9328915546383653,0.6608083780331159,0.7633925339773676,27.85060673267418,2.8326746324277043,1.3716293010075333,1.3153055132691047,0.7152320492020846,0.13014208170131494,25.528167954377082,0.2097682447145301,-22.930676314278543
3.425127644740536,10.32685724534721,0.7089058866072949,0.5607904608854721,0.7656116788120466,15.928983984708166,2.9405399901025833,1.1615750836879744,1.1818562522475384,0.7820644859310445,0.3678500972557356,22.758367131934264,0.18499011774414442,-36.22540970912367
3.4180472091795955,10.433812024311822,0.9591581536306055,0.6662636009460927,0.7533646619328708,18.69806989132801,2.7337584222308657,1.2366698715679059,1.3064854291218617,0.7084210289478193,0.21614968023108524,24.929290047062047,0.16319202037909025,-40.7792717865936
3.4385944975305627,10.157640546891008,0.9216822470373571,0.6867096081388768,0.7538118024108941,16.597021208120637,2.6826544443327345,1.2348525699320478,1.106212125920471,0.7801462490015304,0.16287160699648717,17.868878098552205,0.17888955221083358,-58.97286327746863
3.4358164842114576,10.33441807596477,0.863918959476409,0.6165399104570214,0.7427062091103993,24.416333810785822,2.873298730897865,1.1752465214575256,1.390198690258661,0.7280010261906372,0.03225418877281569,21.035257904921878,0.17387454559867235,-21.678363789315213
3.420544614899034,10.667067351360707,0.8903511910763601,0.5496125922450125,0.7594379490342956,17.459738094008586,3.105160605411357,1.2866859459626785,1.3118094844540058,0.7473615142740129,0.4093921115336608,16.431471967858158,0.1955399685969762,-48.41487165591283
3.4397406107077506,10.687666005029092,0.8847947455936122,0.6104336116355908,0.7195621192095183,25.103372612822945,2.776030148033769,1.3953601942056515,1.2300674822772832,0.773038740582258,0.08796378044447951,19.635744735581838,0.21201265722583257,-63.66260999281666
3.4042264532583317,10.142824096762748,0.8345904496342569,0.6267157048831921,0.7031041730354075,25.70465674433144,2.866742364436782,1.1937666903173938,1.2829437027714055,0.7580953968936753,0.4304067586217714,19.788054628687984,0.1710380633964375,-37.688648100390566
3.4139482717880845,10.85557592708828,0.6638749400753534,0.5685757563227666,0.7415588796353051,25.725130543124624,3.2470386109723863,1.1383419692065568,1.177215729266185,0.7228919636574865,0.38516146429545056,14.70447638235758,0.18697196903863966,-45.21043180207808
3.4041173604215214,10.166528615478434,0.7100289105606696,0.6031534023383345,0.7770569112264816,21.384204163443954,3.225160065619275,1.3030634839376052,1.3591998142626582,0.719010354112806,0.21984748190131692,20.972288545264906,0.16552351370399868,-94.89349958701037
3.413943195962811,10.289892299582583,0.6657561846411396,0.5659345447481112,0.7380033648567669,23.49542011564826,2.7100822460805687,1.2173311702887342,1.1070586996359069,0.7524592427912504,0.3657633557202067,21.367216657422198,0.18926700219809026,-80.94032888994411
3.4035810708042167,10.567007163392697,0.9936426464556066,0.6977061739738603,0.7755419552599233,15.91063581951913,2.827284292739579,1.351748457290649,1.3188963486019465,0.7706989941196851,0.18122822924702559,18.76848887349789,0.20191994895223409,-28.792181784627132
3.43570326692168,10.247150949452676,0.7146204700945414,0.5817062439857617,0.7144013836641118,24.67790096131644,2.722089669976614,1.1678686639512779,1.2117748588573454,0.7864321817193292,0.022876552395912474,16.62450901192536,0.15085573201443475,-101.51518768653412
3.4308181126488075,10.059107891312273,1.0197752029207605,0.6423388591330242,0.7253317159921544,23.200386344359526,3.2516179674254886,1.2251901314574272,1.262384611792702,0.7207722327398846,0.47460720960707725,22.055515469033924,0.16919272783360675,-74.64619280744321
3.420048974859416,10.22882983811544,0.6656411045758708,0.6348326893940952,0.718431595497018,20.279003412693545,3.107565791079007,1.373274164392394,1.3770461904859654,0.7352936186914018,0.09219279837132226,23.588388538895707,0.18408129206576465,-23.974433391835646
3.421696638868024,10.1484415806939,0.9968360436427777,0.6047747347111688,0.7224391544971832,25.69658840803951,2.826097128390076,1.1418296740522509,1.3161404566545807,0.7554319537458611,0.24445457134400575,20.17993563067801,0.19541002568937635,-33.61410014263086
3.4341449848858643,10.398334111285783,0.9751741093944124,0.6310237293099425,0.748636734680086,20.52684201353346,3.2300587797445344,1.2384204951788536,1.295574305970062,0.712077078912524,0.213241350205836,20.26881947380557,0.15577811951833753,-1.7155096560071286
3.422827367532397,10.80606485712862,0.7019698359138555,0.642492717117344,0.7731256018987277,22.652876061986674,2.7684221059119993,1.141356845624989,1.396294154974367,0.7809621094838425,0.32291136390443526,15.463899920189952,0.18585350416346788,-85.1190929865483
3.4278988330480176,10.682021231509134,0.9552776184730662,0.6013545307219063,0.7458697837334256,16.88820127488277,2.689865582329764,1.103931612694487,1.2080303069900677,0.7265654209924581,0.44056589605813884,21.050106017279973,0.17798763268251988,-45.91564735101514
3.4116495735152403,10.679187724746,0.7109484965478126,0.6030896945859581,0.745968108743636,23.142953905070307,3.125605302922783,1.3907583906506087,1.3457449695617658,0.7804497349067252,0.2473850669736952,14.13979731453262,0.20461400692255155,-86.23994967397151
3.4360473563857337,10.851738450766648,0.8515055014325268,0.5656506420072415,0.7180226673276844,16.883571571270117,2.979084479152834,1.3896537405023497,1.2894990304353997,0.7323669610050759,0.017796458854742257,14.624763793417396,0.1910363899364712,-113.06090787504473
3.4145827859432174,10.881140058947002,0.9457164014291228,0.595137549339005,0.7632294405786787,22.062299400787683,2.799059803777375,1.165301264878706,1.3227033346960237,0.7699272732853564,0.2804973620939651,24.21269169900794,0.19320862820582502,-82.51573719621737
3.4156854250649173,10.03658158673661,0.9724881200607942,0.6672039854644591,0.7119745886280086,27.63755771047346,2.9066077778880235,1.2278871019200226,1.2224318022120912,0.7757191785892275,0.4928242440548012,19.092616170393338,0.21592897684191747,-28.85076280455371
3.4103058847349272,10.113262924348865,0.7494870660957671,0.5489097785289809,0.7346811414586817,21.745186439716882,3.147890557128589,1.1419708071839272,1.3429462524041988,0.7923246811480552,0.11500228932982383,23.729096004579972,0.16677826744347868,-18.140280134422497
3.437615476636257,10.747269036965054,1.0065987085171664,0.6795652472459516,0.7337227764581665,27.318744998923194,3.2075779840400704,1.1069256319303573,1.1670850957110772,0.7891746911343688,0.03439769796995733,18.379427039762827,0.2008356189680126,-18.480821406451554
3.4106692377534764,10.606240266675396,0.9289285998981504,0.669471750043001,0.7560516878393057,22.799752115045642,2.9078277347460184,1.289358590985715,1.1101073215697608,0.7549890382173602,0.11881603857503811,25.547452920857303,0.16672134950472353,-50.89782664173019
3.4103949118937282,10.216470273912343,0.8973017023603107,0.5511174244466766,0.7625564534593297,15.61108960637034,2.703345305699881,1.1454710022300474,1.3501489691552893,0.759834366945008,0.45241209062082266,18.463906724188114,0.16857103407461735,-87.7222374706341
3.434349990203929,10.304240230287906,0.6592134874352166,0.6764743266839652,0.7245390987662345,16.225001429211638,3.062935981604067,1.334652179626557,1.302382014267533,0.7857431690903458,0.0034764770817343298,23.30241332950024,0.21234394070150017,-40.83243944868592
3.432837938590919,10.287174598763073,0.8697246170530728,0.6523738113141937,0.7247924113660098,17.677317557595597,2.961501137605341,1.301288422993292,1.2051419072080287,0.713674548105197,0.3481686536057816,15.390524096296046,0.16443354850866318,-15.211336938591856
3.4083629827513655,10.134135017682196,0.7220016890623686,0.6815733101392789,0.7647599377627774,19.120341754372262,3.064610147809738,1.268439342700897,1.2437797963293376,0.7082074037859856,0.21413534790106106,18.20654803589693,0.20930838375714922,-1.0862674768868033
3.4157603695497505,10.318464712261763,0.691822222373609,0.626877444195116,0.7301417153251579,21.388642026328387,3.1030701850309077,1.1117648721672757,1.3841923014667437,0.7823003173454802,0.44388830851750627,14.937503792652349,0.21912628177801963,-87.15303177280461
3.4213145995074465,10.107463636029973,0.7956926758984713,0.5472136587043909,0.7590030200725778,16.37416709653916,3.1628115406456665,1.2458908662067376,1.2733514350915254,0.7490555786114033,0.2859016694366599,14.165738394690734,0.21320103062865203,-112.36194985704003
3.4055771475275494,10.141345116996145,0.7452643536015645,0.6087740610043378,0.7608333065155873,26.020347629012623,3.2359409325183464,1.2110023584103646,1.3224544694476559,0.7787681858652635,0.0971380817071451,24.992593191277805,0.16712843213567355,-48.623071427440706
3.4325087415727418,10.048894756931327,0.8494709808335807,0.5455348898088527,0.7211745208393833,23.33158796533215,3.1908410909126586,1.2221498071253096,1.3966541020928513,0.7235961068871917,0.031129055417220948,17.395714731033216,0.1872236184625826,-75.58870838981784
3.4194007500452663,10.001287433209571,0.9850357455920107,0.6897774168612338,0.7683653913547509,16.237748533926993,2.661028404498787,1.3357295808299663,1.2102104299853442,0.7311431515547169,0.49196978991575036,18.30657621291359,0.15110515737908892,-42.54383115258253
3.43752929956089,10.664980300587034,0.9792399377231109,0.5678520673212752,0.7201199488237348,27.429238011704953,3.249448699299767,1.3816076854439467,1.2732463831875718,0.748756065925741,0.33312889494881837,15.782799397464613,0.1753507302177116,-23.794239137482464
3.4176776189816573,10.880881576067026,0.8431802961838116,0.56142236417435,0.7087084657389983,21.44200550855308,3.0554145912889696,1.350190587062212,1.2530048179013977,0.7462042078936719,0.4836085285481006,24.178004157483038,0.2081325325251191,-68.72147951633298
3.4083503201028447,10.44013340152103,0.8332794907081795,0.6319384658328075,0.7651374800236753,17.702252284487113,2.8740825143402065,1.2124946529097202,1.3104674008983754,0.7667467220878963,0.24077684839972377,18.838922920535623,0.18372065582590724,-95.32221348142865
3.4353095453569127,10.255586922928893,0.6767554087873758,0.6277680007393885,0.7718479796524952,15.913890112741612,3.2482517937607462,1.1799808958473854,1.149485525014616,0.796984173933271,0.08319868118307955,21.469440568179667,0.1994845002014036,-36.83985028861068
3.433762046703373,10.186946427336325,0.6533814137492697,0.5671939528434425,0.7087961902686941,17.990245150213312,3.2088283900859516,1.1414602828194986,1.2478559199043637,0.7536178400586517,0.1669772279178017,25.706360953485806,0.209073034698957,-121.79694887655282
3.4059016906296096,10.16853951219547,0.931608933086197,0.6252516633586604,0.7415494483037735,24.361424345031924,3.012425402772363,1.3629870408492586,1.1773345274136144,0.7392087807472695,0.11434347105515888,21.33185556675852,0.18338933836032675,-59.3071837984443
3.427364678158909,10.033972743867231,0.9984669785477751,0.5513539503260253,0.7667857642148461,19.899856544626104,2.8422835440592924,1.1208686408290192,1.2917269767646857,0.7319838681746077,0.2779302646615335,17.355092334775634,0.1612495578167952,-16.30355793062158
3.41036806676702,10.476301097800848,0.7791736792485993,0.6796140333573212,0.7372821116422533,23.61011939404255,2.986119917201416,1.1846784186786545,1.1983344323459708,0.7648584860927181,0.42426447979957826,25.801004467605992,0.17609675623421467,-77.81503441224916
3.4044921609525844,10.73567595709112,0.8343417009684193,0.5878318760322654,0.771441311462075,25.51957509119476,2.6795308652811793,1.246207536679147,1.3117815234914891,0.7178819196424586,0.034174148448683425,15.28938075533703,0.21022229893189015,-12.9109046743106
3.4397189046133096,10.416731803001893,0.7107272933699518,0.6118091216757652,0.7670507269469587,17.32864488579021,2.6871015746529805,1.1123904720998623,1.1069071569229678,0.7979885676467956,0.37311014873763937,24.27727982227723,0.15860276478548094,-120.0014887855234
3.419524211845533,10.114559095660535,0.86578760511823,0.6915893244192954,0.7682049806275848,26.49099807599137,2.848038394597408,1.1243874045868238,1.2784698942936428,0.7989239872482861,0.16575926893895113,20.431228814570122,0.1693170181918515,-30.132694995666967
3.402346391432442,10.324876327469232,0.9259539827070509,0.5938960711111891,0.7563421575773612,27.894586889389934,3.12914420638602,1.2298950994809017,1.1979047111066472,0.7378923524929983,0.18576347777485475,21.88772471469718,0.16855050131823274,-27.343020915821825
3.4207750149884926,10.26450979900039,0.8794570092529135,0.6635943289604312,0.7672640545754521,16.084655672227775,2.704961446263529,1.1157914139956688,1.1742170176002442,0.7686087027665259,0.20509007929832246,16.524632262206254,0.15291809780865337,-5.292873745424529
3.40269208995667,10.828088403100216,0.8455159748757335,0.6125727881986097,0.7337662514718252,16.293199281996902,3.157602935757292,1.2327387067026678,1.188777630108976,0.7720282537285816,0.1358383846453444,21.084848582764316,0.20590416941385292,-68.17830567664755
3.4311368492411387,10.861489302478137,0.9006808637067422,0.6485857874814341,0.725993546978825,20.66694351543144,2.949168069182376,1.2598028250863866,1.379885861300199,0.770504296317086,0.032089133986242406,17.863171986147456,0.16923782917407418,-13.7362305344312
3.4275773844814323,10.78946643369676,0.8257833710893703,0.6130278943248835,0.758617120371314,26.45619469444057,2.91861124806131,1.1458595923135,1.3082484086898662,0.7787232228360758,0.1459142837512667,14.559126734929047,0.1668441926735801,-2.204432646863097
3.4397502414347954,10.76398359868956,0.8813764775752639,0.6686012800253396,0.7392321779849157,19.981444020580632,3.058161085147788,1.2436129346299616,1.1791149019909244,0.7758605856131409,0.43891312842620567,24.105001874118027,0.1639336921772711,-25.2442432780646
3.41762795951033,10.604735370224027,0.823414940279596,0.6561005300576657,0.7105620354788288,25.35166023174766,2.6716041076405137,1.3051032421690114,1.2484404762488777,0.7324410601573219,0.21399097418158308,24.134694517263465,0.1642033010025641,-100.56510535591553
3.416941096819679,10.242954294552192,0.9808038182805782,0.5773523422280846,0.7567112805454311,24.331744872814188,3.202323021751876,1.1067795017560154,1.1915256735033004,0.7089475757246626,0.03853990827470922,16.19703354960362,0.19738622018395874,-93.18698107261044
3.4156330924305647,10.48579560922099,0.7979736326307261,0.6671127605897785,0.7343537341673931,15.51923326526216,2.988677887142888,1.1698288290020828,1.1859600121405494,0.7178514309823005,0.08673564846785337,21.989732924556726,0.18691221611984654,-20.094332823217187
3.43181387792371,10.473350114983464,0.9345111873961857,0.6903933300303771,0.7119563765715767,21.094225877403286,3.015300856968654,1.1852398771913788,1.3116123343670092,0.7419018123209892,0.22901958704574893,22.648337853710817,0.151405115758546,-52.65767840729352
3.4188812346404354,10.759778066822332,0.8189375119811377,0.6487888843901974,0.7508676435489181,23.433474674978463,2.9922327262902235,1.2675579241891062,1.3132263595803924,0.7451717614523687,0.2583272701463412,15.250135214303977,0.15207890398860596,-104.06583005958234
3.433935349486846,10.069799473188484,0.8783722004337844,0.6474916768816017,0.7015702839453333,16.606442200087006,2.969511092953677,1.310916116103087,1.117083965202668,0.7034573359126155,0.005386833362403142,21.83664543963321,0.1521068065974514,-55.773449082474585
3.4185069109809545,10.153631041976405,0.6633651366285542,0.6416483805374417,0.7185102910379488,27.948681823392697,3.0955206971058624,1.3599183109280955,1.3372500895135313,0.7817547989939778,0.4895988192850298,25.13171103137297,0.1906829582708778,-63.45715678277754
3.423442951014794,10.834925160727845,0.7870686361156429,0.6996001443261832,0.7681626955499397,17.956514954689247,3.096544838358066,1.2049739227033325,1.1718273537343,0.7700554013152959,0.1525103940229556,24.497218336383888,0.1873894274419882,-22.56035561301573
3.4225499727410336,10.13332243040436,0.6738940482321294,0.6356439669633233,0.7691659992018772,24.55077170720488,2.6489288463983205,1.3401385812605244,1.3345447447580283,0.73302577553013,0.07519037522332908,18.323761227272172,0.1505084416219323,-21.011423040522843
3.4138745014435212,10.79126916991753,0.9521928764348286,0.6104295870043088,0.7544255486728069,18.605481909646812,3.0303536813712175,1.194670954802636,1.3172462239695675,0.7211062799732815,0.28068097331174086,25.712321520911807,0.20247125455304693,-79.16982886668805
3.4172362538927663,10.167427218762764,0.719227707070411,0.6544795456069722,0.7608031473132879,22.9797892212352,3.245587474246884,1.233015705144123,1.2695270697716878,0.7770337952488131,0.20589595791244694,21.17305707779184,0.1944024783965382,-16.148383158184686
3.4381180563101816,10.39959832450008,0.9207485035153983,0.6074977234834984,0.7687663671942989,21.639549485397897,3.0450889639977197,1.3601822037999363,1.2127932742126895,0.7889398806014969,0.2782224692089802,18.008175106263167,0.16383909204473884,-70.33058526917313
3.411077727664708,10.263605968021304,0.7491472217663528,0.6231449663998383,0.7027473876874719,26.499638083735817,2.897674636642728,1.1440873117206096,1.321976819960442,0.7839307809643066,0.08724755994078177,23.19879839291191,0.16480643301775907,-20.94534215915175
3.4006025594087297,10.753707701610661,0.8802921729557549,0.6115428034613376,0.7646796187378163,15.414851094192276,3.2523132191678092,1.3041729620543052,1.1501829036015931,0.7508531840001689,0.2874254183124471,25.008999461113287,0.2028766414788361,-114.72887091221438
3.432807685745285,10.853983781459142,1.011296275278882,0.6522914118402319,0.7709149956780706,18.2755670981362,2.7104019969762727,1.1562518067241363,1.3762177930092871,0.795223439356903,0.15469483448541432,14.949091696047102,0.16114511070472315,-15.945152040614786
3.4025776514233703,10.383953942723462,0.9624639899833907,0.6458569780590213,0.7544476445600042,17.279930525163962,2.9267419671707007,1.3351843820736635,1.1397821276595597,0.712182709410787,0.06596412287329365,23.064692851903644,0.20606770963063115,-44.33372261357313
3.400100726182854,10.078833610834058,0.8855630643219894,0.6324401433614822,0.7761298381551731,21.894231179742473,2.8217499241044517,1.370121820826071,1.256295251436129,0.7915880557971192,0.2639057415222359,14.785642773999774,0.21415228294107083,-17.59472556776977
3.4148978372116305,10.101654127241526,0.7443058121110594,0.6510608300607512,0.7249241645312806,22.457355257719644,3.046490966867784,1.221259364981383,1.1960998804143874,0.7529820503227656,0.07662892991793471,22.57017288052144,0.15454955583262237,-52.8390358476736
3.4230693044327434,10.54534344113687,0.9214030686403107,0.5824962586777815,0.7535221088218867,19.88625514229901,2.692506871166418,1.1464078532513025,1.3071258745242724,0.7278095376425331,0.08998298001369476,16.890995266592277,0.19979252840959327,-14.644915719851653
3.424957850447635,10.327563016978907,0.8296635363873344,0.6368763186343894,0.7057192568865486,16.90903503422424,2.8426554860171875,1.3159918930361623,1.2139351329938413,0.7727521411798769,0.2996646632832928,16.32634932718575,0.18689947819785258,-71.72283828806808
3.4372543039564096,10.472165798649494,0.8183513072417069,0.6575130921370429,0.7013945312819652,23.86324873498805,2.990764455404225,1.1209020870319564,1.3428436112499784,0.7351798574056293,0.28512615237129385,20.744364518107993,0.21250613422932368,-69.09005795295386
3.405988630370197,10.702936768439859,0.9791101194099772,0.5690945248493111,0.7509735517122933,25.68339770680827,2.8515558257787617,1.3095938949914312,1.1105792973014126,0.7452161991013541,0.37088081135007234,15.852387122892914,0.17646353098168854,-20.892468521926958
3.417538470887548,10.091739528790008,0.8685666311165543,0.686075815659875,0.7541479662051453,23.28680789631058,2.78885993441132,1.2871794855691288,1.3868566973476473,0.728057854601472,0.4589990201810525,22.5937770517221,0.21823691913719834,-84.39957591319109
3.4011548944784784,10.417061364713662,0.7531796924973895,0.649246931276312,0.7711437609245371,24.32463405329163,2.9366666186578927,1.1288554645967637,1.1803191296777125,0.7624109728460492,0.12767791775336892,22.684910289264764,0.1698943038532615,-34.11870993594317
3.421330474739938,10.22228736779206,0.9629596448002046,0.6573591502984398,0.7426706034689751,22.570679247521742,3.01545451809636,1.3027036326388506,1.1654239896165213,0.7067001959837621,0.2202291711153124,14.642473984158404,0.1795802642318215,-50.21339486787208
3.421613325788936,10.882144464629304,0.8072010868502137,0.5907421142864268,0.7453382881515265,24.476979054269158,2.934782749922033,1.225626598674439,1.1533087220085654,0.7636337937292272,0.27895251989263,25.18170243700371,0.1688852905134842,-31.420810951651873
3.4110512236605937,10.413022699094116,1.0141102895072422,0.5697246431595019,0.7539140940393462,25.997302952482677,3.035673650658301,1.2364876259474948,1.1493512826642895,0.7465191104226111,0.18505036622368695,14.506767398724351,0.16126025071219477,-64.71829256679942
3.4271979132267405,10.499200404923041,0.9396107448385519,0.5673368391541113,0.7057102655080905,18.262375881450197,3.0550814636761174,1.2016692855185307,1.1245195699628219,0.7448810764054329,0.27018323958019136,14.183834013904503,0.1986798819301191,-115.91600113356031
3.4347881399421722,10.402827002337439,0.8203026542514532,0.5460668049916749,0.7733480198316206,17.422259686919066,2.664137926105893,1.1922347052423865,1.3936050457593083,0.7461489019705179,0.27464684754977725,15.705636739091105,0.18428606183730095,-118.82637136400767
3.4389957400585276,10.055626402052217,0.7171172708343616,0.6057281974944135,0.7059768092979168,22.51146926921878,2.767668367700384,1.1455554262815344,1.346045163557378,0.7643307105778372,0.0508044533411436,18.21833393786867,0.20267994630021718,-101.98378283056985
3.4029141963256233,10.27632984306392,0.7307285656638848,0.6637944372960574,0.7709273360858256,22.454981281935016,2.8312411116779095,1.2852410654764497,1.1383898158742678,0.7758842706781263,0.16099394125542815,25.01394354261859,0.18435318200821363,-50.261956096070264
3.427905463272362,10.78466217762517,0.7542026435038229,0.5428562823871024,0.756163704557234,25.55576538226309,2.740034565461666,1.196506270364631,1.3562740943706584,0.7625957294766857,0.3555933056124221,14.479703210763018,0.20313430376394273,-111.66009208868886
3.406249924512241,10.81806000989739,0.8609691124005683,0.5788872702821916,0.7167061940174444,25.58259719963597,3.2351946199185035,1.3507800276260489,1.209077281786221,0.7880880636999185,0.3406711377219697,14.999909674045078,0.19138859128708322,-81.72980214841692
3.4059540100522634,10.636452978711029,0.8027070311394038,0.6637918265382926,0.7613424624288269,22.766793441751112,3.146887778754176,1.2661508811673583,1.2582896927280762,0.7620444159815645,0.23973770735284664,21.232847180922466,0.17209960567906613,-16.13565451510962
3.407317825360013,10.045888886916345,0.951685908884412,0.6294960132797017,0.7595488389708547,27.83945527817633,3.2281975650808095,1.2181130057485412,1.3901475886912187,0.7728351459529191,0.3588067662999267,23.371647869279876,0.21811381955525153,-39.78814958896693
3.4351272605514334,10.517034530462002,0.9435300354202381,0.5779663079611841,0.752434149523394,18.24876731227723,2.7704667295206704,1.2373402546579566,1.1557999381804818,0.779631110102637,0.011100788651683994,17.2399636972932,0.1594106023573619,-56.46787543223756
3.4107999605334625,10.594980795321804,0.9909856500001989,0.6413212520839697,0.7483109736234539,26.28774012315997,2.6482513659136964,1.3711185704368198,1.100373213015425,0.7650808212215638,0.34928965144025864,18.774815010674416,0.16821798938691962,-94.86276137214138
3.4026081588517068,10.1474606461478,0.8981120058033507,0.6670037718820856,0.757510225801223,28.345903067673156,2.7904517119269667,1.2878946887368998,1.1343974724622874,0.7937420620090389,0.378834237997344,15.317562384836267,0.2110437642392645,-53.78278865265682
3.43520854535261,10.312217044729104,0.8851696747596485,0.6100997537098238,0.7420976527356498,17.205510212271275,2.807113399843965,1.1216951779795037,1.2254974810322012,0.7209022312096571,0.3785752151685908,19.1447879634289,0.21967400518729646,-22.268729684428507
3.4120434069177112,10.749977895141368,0.9312530094495945,0.6052264379356576,0.7795774601780348,21.515354620037343,3.2222002331916593,1.257131176211604,1.3663991853510564,0.76090563309128,0.3191726658144361,15.253592201069843,0.20835583544640252,-52.00179980704897
3.421513646266491,10.096794439038906,0.8518097550640702,0.6826009613927051,0.750557389475937,15.362168079806992,3.1782854513606003,1.2785673502246042,1.2936027754508186,0.7228777167075187,0.296135705602412,20.74269337529379,0.2157848496439312,-83.6196032848293
3.4144487780622215,10.842291378346552,0.7460543779610979,0.6579195507770406,0.7668286266016265,16.525791617366306,2.647392722394098,1.3156762078341528,1.3985708171435707,0.7207160969468923,0.10833637429511647,15.149946472800245,0.218278088908822,-94.9602283035976
3.4121570492166486,10.351398198927864,0.8967755375450125,0.5591907689604566,0.7440091852196856,27.2378212450518,2.658153428500318,1.2430374694215842,1.1169304152007138,0.7177225960411483,0.274049067846815,18.766573869286304,0.193698631922799,-119.71012744349444
3.4316146965620504,10.687312655555484,0.6540914180252126,0.639893816420869,0.7170742594120658,18.921297227633527,3.095971716331315,1.2537257093370202,1.1363010692615192,0.745630692519999,0.26638193416889366,18.662753195925063,0.15923919915377605,-67.03339668555427
3.4130899129676693,10.039402600679757,0.7330912685662058,0.5509403102733785,0.7716876633273722,21.929191085257017,2.9006532916322274,1.3358552129903092,1.1703285533764511,0.7935713881043418,0.37244497263744064,25.468494014948185,0.1596058000700508,-75.79189344828924
3.4008059434540066,10.304966490915316,0.7822133728763295,0.6622553707208001,0.7247853529294842,20.071398734597707,3.066152490616361,1.2200852407283798,1.1847666713112281,0.7181133424044945,0.3324987234839639,19.056055016834218,0.2003339611049501,-94.80465240488674
3.424120554292411,10.490500742650703,0.8607203578708302,0.5621105720450436,0.710863330885239,19.710319174626086,2.8792745925549963,1.1626033276918004,1.3632829055648406,0.7748454452084955,0.4372374500167779,24.62627993255397,0.1845996590370128,-107.07436764992954
3.4214789906497685,10.7522849918141,0.7253607738551111,0.5929464163249962,0.7196704414767328,23.68146154758552,3.028736841978748,1.2792900952399753,1.2214332041664422,0.7391753337519072,0.08138880383985013,23.306455254672674,0.21904274225783907,-68.5711463116219
3.420408557320653,10.608567450652583,0.7787601789144724,0.6760980043541017,0.7468271831238034,21.54739623346856,2.7206485542719814,1.3463065988694678,1.1386193995546776,0.7219171159750672,0.12024786110826739,18.73605326168067,0.208100655675997,-104.64368140548706
3.4217208317496075,10.275054563934104,0.7189897607604726,0.5588938623819725,0.713417089160819,18.8545029716361,2.921288218428184,1.3079242182417345,1.1974747835284407,0.7171820119932449,0.1548705648442238,18.442784028129722,0.18487074979568902,-118.15178185643832
3.403115964737523,10.546913423776317,0.6871097381329866,0.6892711309770392,0.7348522896778854,19.787117353511363,2.858353508026425,1.3261513529536935,1.304560711659463,0.7089053994195849,0.12045690252396506,15.612224852612824,0.15846910172421885,-57.01758528410063
3.430988218415952,10.188000982076558,0.7853000390315892,0.5501981956769771,0.721209839717476,21.293216136884837,2.706212982672051,1.1922791640896113,1.129840700134243,0.7717338690028849,0.1239755457750552,24.72025983738789,0.17394215257033666,-33.102479067167494
3.4321839271780235,10.867411878018217,0.8590394892183061,0.6642655434810751,0.753336673195775,23.142029588262485,2.8772276893331123,1.1474002919764996,1.1232424280024698,0.7404843355331863,0.0627795201704197,18.510461859544353,0.21524357197876864,-34.70809483790033
3.4382539942881696,10.83116623466578,1.004192266747104,0.5590532230726772,0.7060391739932343,23.430391395351915,3.1483930588257283,1.3031385673564835,1.3514653157595495,0.7058674088266792,0.3741669348700883,15.443460236954277,0.19417228348533894,-72.7306959730925
3.4148658505137774,10.539423207126486,0.8962230351950412,0.660856889907999,0.7190253108883133,20.80870817305591,2.759981899480098,1.3113252210204775,1.305484169710681,0.7525187483548851,0.4021167463057072,15.825853349142559,0.15695222986636367,-43.205723732866915
3.4107714187748717,10.708115505923786,0.8595324670659905,0.6151828743723992,0.7241577480418196,23.57799232385862,3.0457725629946335,1.1242902202428413,1.1222779999934887,0.7258769090134893,0.37105079000854,16.844256504041876,0.152948929843823,-56.98568833001639
3.4219846117696906,10.39639504016215,0.6783839212176453,0.5530806545924739,0.7281916303867578,27.24509793669868,2.7886099740769756,1.2640484310773974,1.2117258791649663,0.7484020858135845,0.40892455473412226,20.95451625198735,0.19306589076910596,-63.5801682889524
3.4222698507141507,10.630362844148866,0.9845801171203037,0.5460407087651437,0.7155246025796305,26.50077550495392,2.6651982695885352,1.3600625967948599,1.1042158910112934,0.7691798732242123,0.08698974374767725,19.987558679935223,0.16070377067294803,-38.542029322440456
3.4331673922932517,10.725521347202251,0.7162092617264515,0.5785919129632959,0.7209876658709992,25.88228222001295,2.952389712065907,1.3435744312002855,1.2942700065458956,0.7106918902146242,0.267550824221658,15.878479776262967,0.2171384113729437,-111.20355965374759
3.4152074145176905,10.650132389530508,0.8503418134098195,0.6355414236753882,0.7276321333324489,24.867579445157638,3.125045913508189,1.2082682964551448,1.1752146820352432,0.7769528195315827,0.4151873332585808,25.865576044639717,0.1915115202930953,-106.66540252668959
3.4139304159536152,10.711705139124739,0.8218283887497944,0.6394673473539336,0.7275323275820338,15.991685844632737,2.9059780086579474,1.1139533780375264,1.34701038056638,0.7916670483116575,0.02872974540134163,16.728412426487978,0.1860537552092152,-95.05800129794781
3.404526660499344,10.516184178181295,0.8600084607353093,0.6158799690088478,0.7367060673030928,20.209915469757856,3.1510337262318364,1.2533335405121215,1.3507553762294873,0.7175468599815323,0.30120745941439286,24.418332458197803,0.19712594871607095,-49.91731395332742
3.402766582149935,10.384709864957953,0.9440844411271085,0.6975428479283976,0.7297879105726319,17.784017667165106,2.8004300135045557,1.2190503200003662,1.1916604057330937,0.7171916258518714,0.19309310829425247,23.39458533819782,0.21471999637784556,-11.60693668023039
3.4013348580372345,10.333661602644424,0.7912997620591665,0.6724410052224696,0.7473182540242498,16.36121637871205,2.746883231195316,1.3675346205915773,1.2769635316133854,0.7760774576813556,0.43045621072324675,20.082501480769487,0.20573912433389224,-67.12628817150875
3.42957335560377,10.150013287748806,0.9332042136961214,0.649658976432993,0.7714514905603108,19.201118083835123,2.814002988349497,1.190478058876023,1.3951796338092166,0.734566871689132,0.21565741344937195,19.790518145596383,0.21133426297247657,-79.37247370605625
3.4010633597543705,10.176073301423942,0.8184207782022899,0.5526147478758293,0.7508482349074109,20.78104889384841,3.255782145886868,1.2268888614381501,1.3910082314698569,0.7265521894263708,0.4844002204714692,20.409227573573844,0.20426466407178695,-86.14694511021932
3.4109553641913046,10.547365614802874,0.7442023108284177,0.6300790550835671,0.7623146960577182,19.94759156793415,3.10884158350682,1.1516632779929281,1.2831270241706298,0.7775087051579863,0.336586936417707,15.887959027108943,0.19731370944642693,-26.613062827905992
3.4252520150605617,10.418781845710813,0.7691081818215243,0.5968985174921141,0.7353071329260177,27.58183862222258,2.9590820990895215,1.1865784091762612,1.3731039757280894,0.7871258318988217,0.11580387207477438,25.344751329591524,0.16529856272706428,-16.427749658093575
3.400527142109027,10.062830175458942,0.7800730280211841,0.5609691509941286,0.7692084001973319,16.153759984868802,2.954500228535179,1.3440391094953892,1.3814377411259562,0.7635273343209166,0.07065077195705077,16.93476219819762,0.2118984406541786,-47.49914206271794
3.437158288057658,10.541010694768831,0.9228410543941823,0.6774456755260004,0.7651983830673963,17.068176353998147,3.10726117874875,1.1775858247333768,1.2215613325630024,0.7992673713288952,0.07111376327880929,15.284747979913718,0.18347305921131113,-24.81018661579374
3.403448080325678,10.459673326197551,0.7301714554952843,0.6215334092653446,0.7286998838796555,24.0888924307691,2.714498143589999,1.1479177989467864,1.3047940384057222,0.7797713579562253,0.18996128903272438,24.437661500443376,0.20647214323217644,-7.615182712842113
3.4009692733082173,10.783844055301493,0.7292844358954976,0.6233588576698613,0.7130715744505943,18.539136211266687,2.834162190002846,1.1077675246838077,1.3098589351729901,0.736731473516326,0.17720679442923035,24.78383349798421,0.19072756019441328,-12.763457808614646
3.4169919068754266,10.282939223411134,0.9288182988260693,0.6871669852700947,0.714506997170218,18.246719190182965,3.166052373598281,1.3276830778180706,1.2387592565084353,0.7085341223888301,0.19590892374783891,20.1576856528405,0.18601481750707313,-40.58631535200925
3.4161397871174275,10.540813777061029,0.984889844451755,0.6852296739148195,0.7339723416979619,22.38561550547472,3.260293748499616,1.1078373360999145,1.159918149777846,0.7458605240669903,0.3998499981680157,21.652531888556634,0.21138703584293275,-36.074896353620275
3.4164187836169253,10.598986190372733,0.993950880907578,0.6903020333540264,0.72732616433147,16.877721136902537,3.224308539246237,1.2658015997408794,1.3604996910265446,0.7633516265222704,0.47079839235623067,16.20843367562389,0.16827085507059622,-23.253658264564137
3.4078023815104292,10.334663195242856,0.8867108486177666,0.666887692030733,0.7710346333821226,17.35743603737093,3.041175129513776,1.3306985848976982,1.1280016780910807,0.7323264204964881,0.3407951750382709,19.64600143846238,0.16619654628960087,-44.03800923106097
3.4310113036323715,10.275150491250155,0.8689203520592258,0.6294601540057325,0.7332805161287255,17.50768156106383,2.9270828755603056,1.3057495650045903,1.1204600902955855,0.743947666170122,0.19199240411816218,19.66339336189059,0.15529571528894368,-81.32971789553505
3.413868512097875,10.635425288376647,0.76577769641056,0.6663696437270469,0.7193048150497259,18.163305739722993,3.107829413151162,1.2505258429099837,1.3983041273138181,0.729884016769809,0.0005248615665508853,21.212890816512775,0.15450981846755255,-111.4642777466956
3.4145743520227105,10.488259012941475,0.8798915358340378,0.587893588522121,0.7667022418988715,28.12183483544196,3.17526978081472,1.289365860675194,1.3383485135433535,0.7970172691011328,0.3502120547856147,23.299083197201355,0.16970594150653384,-73.4690296206551
3.4373867513177103,10.22352961997431,0.9946849643583122,0.5599598889879016,0.7453751897370068,16.073163625138285,2.7831076469465232,1.1560294038668715,1.2756634514170733,0.7733266753676371,0.05742235276427221,22.437090441674588,0.15742254561460958,-76.34389153538537
3.4287133358580837,10.707484578228199,0.7420585954225536,0.6872407174481949,0.7767931740668308,25.815241169795584,3.0113387679455443,1.1696536587607342,1.2267146229841692,0.7788691084322782,0.2889041192719984,20.61381102264454,0.17650105972554794,-58.63420291048162
3.4000107502181818,10.039756596239297,0.8615567387901392,0.5608036830061033,0.7207145672657391,20.289184260877867,3.1667648254723666,1.1856642104452906,1.3274703026695667,0.7948927186356256,0.22589718673371445,18.70867031258106,0.1675523281948989,-17.422600272213828
3.417162553593497,10.12642851777851,0.8933685906157564,0.6177151600128631,0.7133936478555495,16.58528800082335,3.0415009457999855,1.254622038806165,1.236180676219367,0.7834600804970739,0.24866104383086754,18.37432552109253,0.21960921143368434,-48.995127643964935
3.4305827916279523,10.616557296656158,0.7255254874396072,0.6162362725162931,0.7766004073665362,24.583535362281864,2.978725393358221,1.3744463951739272,1.183814490363477,0.7916760853852722,0.002326766202600715,16.22948864578845,0.2157396795545551,-60.3331511068025
3.4262352524692514,10.873201188271572,0.6830757146069666,0.5703348097225234,0.7466862045705761,16.401026440081502,3.0101411881417195,1.2145999224843507,1.3609203621296562,0.7262123138356213,0.2462309066150434,24.518004592665562,0.20617126835139843,-0.517016500141807
3.4026654963254406,10.313336248290902,0.7234274934671294,0.5893073130400316,0.7266143326091234,19.382489962509055,3.203582638895477,1.3751791737498018,1.2860221769068862,0.7116201530854828,0.3929633298476118,21.296595138196594,0.16220207792549524,-99.60665367081211
3.4062720863288893,10.077341159181143,0.6777723565002653,0.6353168868575441,0.7446278565229179,27.893140762506917,3.0065814274257723,1.1442197792356092,1.397023602739356,0.7387662008055098,0.31665792346730476,23.173458865951236,0.19865979644890042,-56.88814580386584
3.418775529223913,10.539187843913554,0.9496310642767437,0.5483375577979784,0.7492318891177974,17.909472579551522,3.170601304316438,1.2137154155566177,1.3178070978173015,0.7197963925228162,0.3368405337718182,15.225125497518883,0.1628804023533739,-62.61660147711294
3.4085214426927655,10.052824504384695,0.9110950838014733,0.6549096617662156,0.7317640077777409,16.03841690882452,2.7420682302284827,1.1870394340714667,1.1576528411824163,0.7497115576673983,0.12347574010417302,15.302013674736816,0.15300800562467534,-106.07733176950732
3.4376207905437552,10.693355235713094,0.8027499857779128,0.6915409232040999,0.761579422046469,22.584168628131625,2.8186120623125857,1.2631095072863927,1.2168058244423408,0.7783743487674486,0.31792241696165696,14.360206684829548,0.16377892990450038,-21.22146178707372
3.422157973344514,10.06491790811732,0.7320287949045474,0.5446671683165517,0.7166874894174642,19.33666353227078,3.0221922160602945,1.1837613989705238,1.2329593373173475,0.7469958137435809,0.022675919856296578,23.355819543118262,0.20825882097553367,-15.53388536206171
3.4244472917272906,10.440581666679272,0.9352507703771562,0.6827101244232491,0.7104642426601809,17.91103311535746,2.98136808977992,1.3901854955998214,1.3480599111523321,0.7998786160165285,0.33222035467319405,22.25202376702481,0.20022839634682607,-42.799001632757
3.4327779515002885,10.338973358680851,0.6869801985792622,0.6920250949273953,0.7781364739687069,18.128279883433198,2.997552208927318,1.199495347407831,1.1657597558183692,0.7638696080499443,0.47716846628890147,15.262243903104746,0.16442022020692126,-45.00589576102338
3.4236973942179514,10.295704471824425,0.9425371746793635,0.542571399636937,0.7569289639726968,23.31815943742547,3.127798735829084,1.161362699931047,1.2817168717344207,0.7117709606075759,0.28116271723752706,14.898993056625102,0.18826460259271818,-60.467571212496495
3.426595010385488,10.707073616603925,0.7084941423088743,0.566428026208997,0.7357113579361061,26.196976450069393,2.875636503691434,1.368961127273832,1.2366192715475837,0.7492676746403633,0.143603683882127,18.01208081895117,0.21663988131290185,-81.20382432885671
3.428755628381152,10.496014761346359,0.6723006698462862,0.6059126074860928,0.7651317353676287,20.990668492381523,3.0053610599621425,1.1268901309702264,1.1966561275755505,0.7917456574488067,0.2638416787808828,20.356322770351877,0.21772374457309296,-86.17938867826938
3.436937917003645,10.373111203695025,0.668360796222856,0.6758669040505285,0.7408520787806568,25.79942010994611,3.173325119821662,1.3485997274547812,1.287005294384794,0.7017012654491825,0.23298560086734504,21.93006312016456,0.1518616792046455,-19.704880353169102
3.438491034109085,10.20587476856766,1.0251891350118152,0.6011956147398786,0.7018805275645559,18.09782883873425,3.171491363975778,1.324724199759464,1.3073056338172342,0.760318407334075,0.4582676766838869,18.540891315641144,0.2153914132685802,-11.757086321070403
3.403668672203724,10.586830583327664,0.6672495000029082,0.6401943988500687,0.7537798848893115,21.8489195499901,2.968413781755421,1.3721136853149583,1.306692443763342,0.7577367838835128,0.24338783791484245,18.81767449567591,0.1804910888542187,-118.22307906050877
3.414149460876425,10.083435301720499,0.8292502971520629,0.5747437082121645,0.7202858347380147,20.142277054408677,2.9228279436099727,1.384822600272139,1.2526608890949613,0.7840974691650949,0.0318233802468846,15.832878576209156,0.21015168160326156,-70.81100419362848
3.435371237889076,10.865994641234492,0.9842023106948283,0.6362039954014573,0.7076444051045937,18.72383439913995,3.0470337182573752,1.3813784626989007,1.2618668522115024,0.7361706470732013,0.4111705009148992,14.79834072290492,0.21281830500215915,-76.657119743651
3.435968195023463,10.279183677869385,0.7536321721240918,0.5431189422386713,0.7287498226241549,26.09827796777055,2.863915306692964,1.2069905770688694,1.2473096829917905,0.7277748797118406,0.3711514494865538,23.30857672951299,0.20721808806801334,-14.775372577859414
3.404964642303128,10.094966278069124,0.8710849905903517,0.6819873780739486,0.7241451940329602,25.90024492295324,2.9608969913202805,1.338454209706024,1.1216927977071949,0.7661400421420868,0.12964379077628166,19.617127113037856,0.15985539845289057,-79.34280851002238
3.437052948249519,10.1537559763594,0.7240295166650119,0.6994978832921339,0.7177919956700634,15.808996965744363,2.6567282980992397,1.2859679570869729,1.2741440193364877,0.7653485995449734,0.24356435873354038,17.970373900451005,0.1935641026845746,-41.549823299068635
3.4308790207718607,10.08874662996954,0.7404903631821964,0.6051019789330792,0.7276817681892488,27.6161925760163,2.990927572498268,1.268135072423177,1.2028631996795676,0.7726339164584722,0.1437144973260328,16.07783495116132,0.1874953880436121,-40.90951582661536
3.4229156029079832,10.138877243075862,0.7987178658736256,0.5676058655859846,0.7637233615165003,23.48119015360402,2.8942266128437635,1.1593214536816419,1.1324302634704275,0.787200214232387,0.32359686314125363,20.29317342042598,0.1974000339719822,-118.29250810699286
3.437607956962101,10.126267232273928,0.6733063467140571,0.601080084753716,0.7098563065034731,20.83361706115549,2.742339037609505,1.3770410189921993,1.2356147884083761,0.7152013932212476,0.0001873420086754877,25.56529344580554,0.16187602714694277,-51.31586295185363
3.40970763776634,10.151585811633574,1.028088217397517,0.5815046783662285,0.7398302071035703,16.347777996314775,2.6976529671651255,1.1628631580442652,1.2252540082582963,0.7053102130461134,0.00863782191836772,16.140196700062035,0.1914926867220454,-16.92107518762775
3.4308317073879713,10.017045534607355,0.9922414933850855,0.5522932777492461,0.7045359832893698,23.129774213599276,3.0985355583569487,1.2321921505934779,1.2931320693639616,0.7688084631065722,0.056028035712984474,20.493643471582892,0.2173870233872381,-71.08931171527229
3.4291379212877566,10.460021465515686,0.9719388318576081,0.6745021118211145,0.7328913290373691,22.329755834935888,3.1028939967702502,1.207436340731543,1.1112526646977385,0.7515038910079639,0.49925011564819655,24.251120937789075,0.2111454204628669,-81.6482409508796
3.4334736858010424,10.256554790162957,0.6721524325279262,0.6927149386703401,0.7051658804893965,25.101157724391925,2.9834349833715783,1.216348077190985,1.3165804104620795,0.7341221028153878,0.15759760993623748,15.391573702622162,0.1784190541378174,-57.727914661793164
3.4236237711161626,10.127363384386777,0.826803162138144,0.5979233301529605,0.7437946191662075,23.67717625549602,3.186603895508655,1.1842619444181584,1.343000784554326,0.7594768992535754,0.3673893196137472,16.00002066083725,0.18453809596155332,-93.86758829428334
3.435231370074935,10.550303075380995,0.8475598661083408,0.667228827481605,0.776648525240222,20.74650231721379,2.944925146285755,1.373239997112939,1.1156063615630418,0.7699840112503868,0.21487256514391517,25.991206451761098,0.1817086559494131,-45.20220867280911
3.40402323886648,10.45200185831297,0.7643708685066112,0.5481789791974313,0.7479297065005384,25.953499180170326,2.673083752228814,1.1412881155454746,1.3776620493961858,0.7762210333438365,0.19470843751049152,16.50679690749269,0.15545454565339234,-50.6249105233254
3.4190264832204043,10.179193886524153,0.9913713931427184,0.5600079947807275,0.7799945501691812,27.35984928812664,2.7202020594186216,1.2135453248446413,1.241397446555504,0.7622695838454088,0.41818879286808586,14.253272599148119,0.2136241545614875,-10.93742338559639
3.434888321411923,10.847954215491708,0.9468516730093894,0.648722845950172,0.7222826721182852,21.24736705056201,2.988157434902844,1.1859602274571408,1.1802689979596817,0.7673619513884771,0.36149124557972195,17.636258775384206,0.15421472648382983,-102.36948915758259
3.434585532316554,10.088158486139132,0.6782552800058572,0.653707396581908,0.7328767298270047,25.549110456015768,2.980920210583042,1.351719381169096,1.287813093766498,0.7108837949998904,0.02483605867076485,18.400855611375828,0.16544504485692726,-74.13275934912603
3.4027518135536416,10.595362947451978,0.9366813910341938,0.6143586055721042,0.7269998484255459,22.83582374180693,2.7991772362842866,1.2087400041919483,1.278888950605234,0.7999248809087612,0.20825613370331514,23.872323475295076,0.17571918947336604,-4.978634768755427
3.4142470631509654,10.597931678555677,0.9283856329837277,0.6575252253438415,0.7205359011518998,22.768054083499106,3.276708078484678,1.233973539463717,1.247974093483628,0.725043237526399,0.12013929416599364,14.694191460783175,0.15256912730790134,-76.37614415318552
3.4334996530344686,10.059769579282428,0.7727778585795738,0.6278473873343482,0.7267396898548626,22.158921437511935,2.8309903846512006,1.2024244356098406,1.27409638112949,0.7005122662058901,0.3967405135381354,14.813745661779139,0.20651261442329488,-56.106846138309095
3.4286296056597587,10.81791044171157,0.7237601896752072,0.6420014906017679,0.7584941511554294,19.660555537465548,2.7909761377091855,1.1163058577902865,1.1923467500437572,0.7440860053136786,0.24028791997481996,19.990936616716702,0.20790066182770964,-56.02377515861852
3.408972089708356,10.86083983030241,1.0094529378804737,0.6950217384489812,0.7711175654595206,15.792813113326117,3.242439136998096,1.3748435038980638,1.1783505471086104,0.7469705035769045,0.22130992919771555,22.054099618125868,0.1625037142773274,-75.30496445716925
3.4303137696471664,10.3485210094029,0.8723522985926733,0.5623963242674953,0.7425754635864664,21.519850290798622,2.6813673862367082,1.3713564254845638,1.1464624567074746,0.7257907753074123,0.4269768828413337,23.65537713882111,0.16412953858956264,-37.61436036159927
3.4073638490445894,10.102396509682999,0.7932629393311845,0.5442540697266786,0.7368252332650242,18.15180410042398,3.134112167167357,1.3198650345284593,1.284044232756286,0.779845379117922,0.11334239386781363,14.998462267657546,0.17697820329258207,-113.69962987107226
3.4248747927891605,10.556858544853105,0.8882732451747728,0.6493988870267848,0.7318914194328834,19.56976713105304,2.858492083839928,1.233879394604087,1.2731278011601221,0.7274995413922432,0.2475604170627092,24.894747639845637,0.17002719213659742,-57.670675103461676
3.4131582548615222,10.83873248452624,0.8949170424095841,0.648289935233357,0.7601638036404617,18.328836339990985,2.9291140737938997,1.200972541672787,1.1202744045589428,0.782793187535649,0.19655589574079244,20.985357281218185,0.18487762266747682,-87.86204899353083
3.420149631536365,10.052501379990199,1.0116327492514172,0.6769397006509249,0.7497571440326202,28.115786125055028,2.8153500249582457,1.3313632828304554,1.3442232732677302,0.7923688898132927,0.395790815248672,15.915390266339092,0.15637955373113765,-44.38503282209726
3.4338452015691097,10.12683772141793,0.94513177171081,0.6754779336036821,0.7650759436719141,21.32320517495951,3.1737821877795285,1.3639346596261135,1.1004061011548538,0.7296452213890814,0.42332544531300975,15.267680182803852,0.1728140323538976,-32.310621520087
3.4308692611391396,10.177626049228746,0.6597689072611966,0.5557410997199609,0.7412470395208229,22.24507600431606,3.1292753519601413,1.3792581413901226,1.110171104822356,0.7098744222167657,0.19580264787683418,21.742051467825412,0.21572255484881614,-85.61362353852137
3.419326811780797,10.170408674240536,0.9297886356183024,0.609806292931485,0.7611338992757272,27.83087340098647,2.8770478425598416,1.3145004566682232,1.1994685991854863,0.7037166186060454,0.38012718106230303,20.813709754708825,0.16611854316069402,-121.87891649407935
3.412423833293489,10.077929119342162,0.7741137150635403,0.5444634600734376,0.7365949043467105,22.22470690237695,2.870443984001577,1.2355257879351207,1.316342857843464,0.7472691244088292,0.3252244708077277,14.31772947288994,0.21337505229000456,-29.196090075985552
3.436042813827226,10.152730522191224,0.770587892687387,0.6941510081288405,0.7478963994856287,17.529539741601933,2.652679421064193,1.3900683356119863,1.285411839903403,0.7012726940310084,0.03156604871699733,19.157299029661893,0.16658425850600153,-24.08267228418454
3.416187679303838,10.323994192973926,0.9303650704990511,0.6404476407993609,0.7279599247776278,24.91103360927377,3.2078408635821964,1.3777727937552704,1.2236310651977214,0.7035138948470052,0.4587883817774583,24.823899335932737,0.15096190470128226,-93.86991602695224
3.4193767154219095,10.42934681973656,0.8405452544958338,0.5971723967766582,0.7638098746360318,25.27471236305458,3.252883420234612,1.3123235276508503,1.1727916828372003,0.7725922591260052,0.3020715368998784,14.893719212012142,0.18500573889846178,-67.51533486266723
3.432412139105282,10.63383547603712,0.9262657824007776,0.5668816692905787,0.730097228227584,17.558844324099308,2.768302080920828,1.2593776237785237,1.283538686091832,0.7458911098804514,0.3053354184963427,18.060517008181172,0.21102281550936489,-109.8788443041774
3.4018422765303167,10.724424207969465,0.7174146792675015,0.6030840598271449,0.7690248731730327,15.50716565288092,2.867061037942355,1.16372204246073,1.2848923850089295,0.7525508703463657,0.19632079912029557,15.383339613445727,0.1723087454259835,-79.5881072010566
3.427527141920852,10.269391768331976,0.8297725928324214,0.541444182000171,0.7756279287769612,15.3353268499994,2.9004089928368106,1.2067921102994768,1.1389056612855997,0.7999157354210857,0.08175620500189341,21.66260069328324,0.157129757096211,-78.55045270217678
3.4144152457690757,10.13696970373774,0.99128243890548,0.5778981504162687,0.7307160221869109,26.97943899716006,3.19073347143941,1.2127515787028755,1.131973901901321,0.7071881267925738,0.1406497763027171,24.86170875911885,0.16161654570296907,-55.30338120075767
3.4360135808009837,10.470519453610782,0.9048541777453314,0.5800437060242563,0.7207425942386683,26.823282255330767,3.1379690388695707,1.3775997731252518,1.177458558322523,0.7748669161371474,0.09395007100615757,16.772880400703045,0.16093496313736863,-108.51926402507253
3.4246932892261763,10.652047496960973,0.8531272412591732,0.611653993869811,0.7701041818514637,18.959589487336935,3.0944189620050238,1.2951554442544595,1.338067729659569,0.7054977019229203,0.03880260979369031,18.531363316985882,0.16805476943879075,-33.89557563900726
3.4272549099230742,10.462391086802835,0.7938751139746109,0.61998710671669,0.7370287077567347,25.50895798469466,2.925250821993287,1.257458414566125,1.3528489377625614,0.7982072974940684,0.43539489837008855,15.039811119872429,0.2152216631765176,-74.50248242503451
3.4271330396656254,10.523227316110786,0.6763331357290958,0.5761800491872097,0.7068043633780662,24.989254088380164,2.84443862435426,1.3843497773508164,1.302534482970016,0.7105119997776711,0.4183893215970029,25.125440991150114,0.1785625077345807,-35.082168301371
3.423560784091974,10.224638062001455,0.8547877553328107,0.6168034597097255,0.7211592488813305,25.24546963776895,2.7685816793524336,1.1213565378204422,1.12104422568105,0.7435552490337859,0.4442412726039053,25.226904349755888,0.15101422572865345,-60.42587330859373
3.4322949960679026,10.457165779210921,0.9049257868267355,0.6798127062700858,0.7668974833979066,24.50623626090458,3.1331842234053906,1.2512460290425593,1.132533413372106,0.731261979526193,0.29973059172549443,17.80539966315288,0.16072676404598213,-117.77244227701887
3.4052012167656405,10.174392339599223,0.8954311331533933,0.6560232363464517,0.7113995896824709,23.4741005828835,2.998903176093598,1.2377004418348276,1.1849679928766688,0.7951670601496867,0.0043311798751746915,24.984878813156733,0.19368736995121558,-97.9312848364998
3.4001794419209648,10.350498062807176,0.957714340767576,0.6746901329866886,0.7296473258381072,24.394713796944473,3.253429457208174,1.2510953183508369,1.1504680719178568,0.7472986281221016,0.13393705322945118,19.39277239361764,0.19779171037417592,-73.04506153331677
3.4210634457625804,10.588435291425482,0.773388299780399,0.6194399316202791,0.7296643991636849,18.362072857777168,2.917557788242115,1.3720036242813067,1.2084156663932044,0.7285918617619043,0.29771097617117104,23.496781518536867,0.19983429575374068,-77.23117316168225
3.4307664359782692,10.51680860626568,0.7654781104350813,0.6120862791136406,0.7536039922946428,25.482617185593735,2.8089959386552823,1.1304512325074405,1.3242168535026206,0.7772458154450833,0.016131157183216525,15.816015319871138,0.18473948890229744,-117.46418227721098
3.42251874859762,10.36251374953054,0.6573861707704176,0.6935210992947076,0.753622061219167,21.885340635082752,2.7323880983582667,1.2428544086700348,1.3799048841123243,0.7859223013786154,0.3260190579853177,18.392384244880837,0.16004040183434126,-111.59287325590037
3.4392847910901807,10.828669772783755,1.0070991712881026,0.6077911467009687,0.7271885111677634,21.69883081166952,3.2041804184274185,1.3750358999080414,1.2138200613491537,0.711042143734471,0.46549923424372114,20.55575886488051,0.1530587841076026,-9.989222092665358
3.43018343581018,10.101843822587293,0.6630972282159789,0.6779535995556749,0.7325731364868582,21.248277155746795,2.7478713106186103,1.2940574908970994,1.129098619973711,0.7330586070624752,0.20277333286917354,14.250173398070467,0.2095253488347994,-79.35988394733212
3.4391748059346305,10.394761326222323,0.9032548899238774,0.6186837083299831,0.7323377061436125,23.795983529018365,3.0231579366612453,1.3605734918632417,1.3708763220970457,0.7189030622534207,0.42735702554155197,23.65939125049893,0.21363635355692065,-5.785747099229525
3.428419660602426,10.413856262346634,0.7137393022475415,0.6527332924816353,0.7209005468524613,19.90785800003959,3.279688379518176,1.1034171631083418,1.2582003945644094,0.7243728744189304,0.2087430652158544,21.531131485640948,0.20489799541688658,-88.28313588148586
3.4204373800385643,10.846855269306705,0.9053916707746892,0.6609762871624094,0.7650088640606978,19.300414805195533,2.9603346345822814,1.146011254008009,1.1009170392334349,0.7042590919666949,0.3399723226009573,19.025415254402223,0.17763109212506356,-29.563022600321318
3.419607549943036,10.623630625495787,0.7649868888971094,0.6273630971382183,0.7446351939291717,27.730686576680974,3.1019874161731122,1.2142511834179417,1.3500840113478052,0.7458832318519292,0.007994341594393122,25.61313968612354,0.18464134445092617,-20.80791611237366
3.4019103299956783,10.772452577452306,0.9001553523830322,0.691942418527123,0.7610397442441523,20.94789637727335,3.0943226830931603,1.3300323188150585,1.295340724250618,0.7660276287128698,0.28437262270152014,15.462551270678716,0.21456320634646198,-61.414714939701014
3.4052914167047623,10.35225168866787,0.8301254494844341,0.6833050548830121,0.7062128396592345,20.206564184867922,2.6833523846404863,1.1732972627202212,1.2461126078608706,0.7673546066351942,0.1401318833488926,21.541682352343535,0.161265732000413,-34.69458961240974
3.4320070475434674,10.806026985035828,0.6954735246362042,0.6114062386692001,0.7209117224906791,19.165528414372623,2.8203424326352873,1.2128001321551505,1.3993884181239737,0.7665643900366748,0.2768929688394094,20.421176506721736,0.2096615306625756,-7.307246127982495
3.420422083582103,10.021231379343739,0.669000759291303,0.592684033202141,0.7229554629252711,17.58136969092657,3.1085241178152074,1.3593128706696838,1.1206167888855767,0.7886553495312445,0.2516519995699468,25.894957191174395,0.18707808859107217,-38.32748084844282
3.42344867698325,10.624220728664824,0.7442633451360994,0.6537290965310623,0.7682131045090821,28.141360444568328,3.2737594572740605,1.1075119794431014,1.301924938063892,0.7834928162138584,0.05808954689851664,18.20775569826658,0.17718096948708623,-106.43800263680458
3.418122423368224,10.81939933228393,0.8446320957322807,0.55528963157918,0.7198983634216293,17.869494550305646,2.7015194678843644,1.1793991684603868,1.329779359712247,0.7087235873133357,0.05857334211819981,15.468391387468444,0.18894483682338112,-12.074614332129542
3.4372241352137642,10.232091730372469,0.8956852591887254,0.6515536198691521,0.7408800907550608,16.507277410312025,2.9104947029633657,1.1843819608890378,1.3826268765772456,0.7536332894665011,0.33922829570451357,17.61057274351313,0.16774982507589886,-8.988443076362671
3.424178577690667,10.842589524643198,0.8419351171083104,0.6768237877856474,0.7689139664941056,28.075434149742687,3.23656367719334,1.1303446228332008,1.2916335277691644,0.7918702876432516,0.06332825222186293,24.293075921962732,0.19181146825129522,-27.898546371670335
3.4148194443424305,10.505822305655558,0.8246115501068666,0.600583045952362,0.7573070685580333,16.692025487896053,3.1001672309654977,1.3710304886981861,1.299128194140652,0.7706885956923111,0.4590453321144484,16.80285355895727,0.17212052001663714,-28.52335608076156
3.405622978422066,10.6990159644897,0.768383305067321,0.6541424689486801,0.7148799638820794,22.714393871107074,3.2122932509996183,1.2635650998771417,1.1958878447668804,0.7565979781842889,0.48688988236455116,22.755913517345284,0.21284196974200442,-92.56736502879127
3.4286630044265594,10.819855860460363,0.7199883123336452,0.6976607047630967,0.7365430524962645,24.86138131902389,2.681866863188209,1.1242253410707364,1.335328741379167,0.7930286262748204,0.30362911859557296,25.564179593500523,0.1561181472995719,-76.50026120863582
3.412106437391041,10.438498771011629,0.9157877635173393,0.6777064427399808,0.7001304489599933,17.74155167725779,3.0046444677099147,1.2325449737107284,1.27285137025685,0.7694843766383017,0.09286659822178667,15.688217325118316,0.15789599978399602,-2.3950546516274898
3.4244267431879036,10.87167834901292,0.9116346345357584,0.5607806624161089,0.7215982589064867,27.49487236477991,3.112414945482716,1.2496205299813836,1.2573836101172828,0.7763806644636517,0.2875093549713336,23.592885188065836,0.16486083083530514,-114.25148074736637
3.426970949002333,10.863769787910934,0.7080487452243922,0.5679805117108437,0.7575830101644131,16.88316188591209,3.2309750659828174,1.2801647325728804,1.1678846159431224,0.7956287630978816,0.35136940078891893,23.16624461765759,0.17179607246620263,-84.47062900019489
3.4354043648583907,10.074940394893229,0.8400910990281489,0.5648792964887994,0.7232015304446435,22.726261642823523,3.1991109663606436,1.3214551320481513,1.2615841083252426,0.7221890130248253,0.15647160531919302,24.595494536945473,0.16042624314898027,-61.4807203960605
3.429927652896414,10.750925007444927,0.9801465712736882,0.6928736562632262,0.7755443092601962,27.20952761291749,2.8573579938720326,1.3491946786490798,1.1719827332840944,0.7638510556101907,0.35948042999386376,15.806957995509404,0.17866227856045747,-46.17579361926171
3.417740916551273,10.134345053275869,0.899098986079,0.6474254499692876,0.7278259158068429,27.70877679539243,3.0061229295117817,1.3602486497723714,1.315473747855247,0.79491091657735,0.11664372697021845,18.4594029005149,0.20098265857442513,-73.99798789466155
3.433783318115361,10.648360561517332,0.8141799646766094,0.5965414631013405,0.7329512272935066,18.558321980592368,3.185494271993435,1.1006338322671876,1.3297695575008448,0.756552703040114,0.1850202026993204,18.70107591524792,0.17687629524519238,-21.358668569272922
3.432301354138995,10.865079576950032,0.8521611770894874,0.5407279238979286,0.7584776573771126,26.767531410115303,3.0674368418101166,1.342855671211343,1.2150825965945946,0.7367752274118694,0.21537758680029154,21.563683264087302,0.15793895866412225,-43.170217166731575
3.420268872674744,10.857221726869863,0.6886564512714394,0.541674625521192,0.7364067808724793,23.02791529033216,2.7093715464243795,1.3129560719136557,1.299106787597797,0.7225534055891693,0.18642897574347295,19.00847794657509,0.15070554995456653,-38.00340739143235
3.4254741934424335,10.171037982734662,0.826014951104248,0.5832934101924492,0.7058289340189933,23.230034526891856,2.667943021827763,1.3477535505636347,1.3273254810385715,0.7524300340870743,0.2240394446171481,16.705509029771623,0.20292429638829002,-101.56069870033667
3.417397413766088,10.160356548090553,0.7611784791803542,0.6111037613716244,0.719782724658619,21.631209974868085,3.0120203766552547,1.1244550101839432,1.3682776987592449,0.7033619429424227,0.03949937545069205,14.196105428272983,0.18647049352817696,-108.88166564529236
3.4268258472653397,10.219712693010058,0.8651766564614082,0.6917018091836636,0.7532021446086359,23.227960889418547,2.8337423360080916,1.3823896023109379,1.1603170865590884,0.7665453421330692,0.09798890390997138,17.450460263992756,0.1509158451994014,-113.86448228483728
3.418013304475513,10.06914443848081,0.9333789775007927,0.6869703281506091,0.7294444325168156,24.638580586522387,2.6702090257266113,1.368946297628993,1.263133661736797,0.7758118830511382,0.39274616481869334,24.0870144198733,0.20521989910062838,-113.92803575763416
3.426368868804348,10.473569564797105,1.016270796849705,0.5666337358520761,0.7258243202768416,21.69412286372083,3.1783629708923407,1.2126424006684453,1.283954412502331,0.7131361250759433,0.24124495993180575,19.847763825933185,0.2106662932567055,-27.4603479239381
3.4139692275693085,10.545484664055207,0.6867492245528478,0.6604418590561242,0.7300716287929169,27.331245588115745,3.2614160867254576,1.2187598915913125,1.3720123996620668,0.7620178966031034,0.354328503358103,25.721345139952508,0.1695176776235622,-87.28518595448236
3.422595620242855,10.880087591115345,0.7386307970941842,0.5517766363285729,0.7670670386746248,19.238231517347515,3.2499027085177663,1.3889157203598974,1.2420206036201356,0.7976808140389902,0.23271866470099556,14.495134230043606,0.20010475557915416,-63.41056995024061
3.423649458534276,10.74360458762345,0.8697587324256072,0.5790918896727234,0.70505809864222,16.594206142986078,3.1242350493533877,1.3991730186391709,1.308559878798705,0.7036680007974999,0.0162398021483984,18.21747259759817,0.21119576460556105,-103.12215035454167
3.430069968114106,10.680302271721494,0.8245803637104827,0.6367348168485223,0.7144550003633849,17.92281017041316,3.166096755109483,1.1734801922630302,1.1823791774157215,0.7700310447532366,0.1309363240386585,24.913069272077045,0.16778399981421824,-47.661416573035126
3.4387202075242786,10.359225353416864,0.7245633764620654,0.665051086145931,0.7157486172948903,23.121938551946954,2.7035920376663447,1.1675854091591276,1.2924543901429768,0.71769090081858,0.1977192632166504,20.021947927451837,0.18382237033833856,-44.05427568089961
3.4328988486563365,10.673163848623592,0.7575538563306196,0.548527324685017,0.7339474291188084,17.734045975019477,2.7961625613991408,1.2458198930848399,1.3863202668671577,0.7823627850269677,0.15643958050508633,24.038718587040957,0.17494447581444855,-80.10570362032963
3.425802742703294,10.066651518620422,0.983013734248311,0.587379234947404,0.7570486492155735,19.50542828174585,3.075928631579223,1.1748601989957697,1.1631867098018285,0.7870259169373458,0.05687536069080075,24.876724388470155,0.19405513466046406,-84.1847709050044
3.4070214626974735,10.083079445781026,0.9390989241451024,0.5631667829807036,0.7268762433132728,21.187644997779845,2.810258626196594,1.34594106105223,1.2433165858935815,0.7440751286866356,0.028543710210847,24.955366585566445,0.19882591139390854,-112.27760821148327
3.4232995670431516,10.719781665015221,0.8544483383686672,0.6529954523085708,0.7180354468960192,17.34562465012919,3.1088817593179945,1.1235634490953947,1.320942041323629,0.7029687486645875,0.04646504536691552,15.439350982814018,0.17115988586136804,-49.36407851553113
3.423793750440934,10.769592190002273,0.8147319657344061,0.5691255810622469,0.7440409909708616,23.616622601657337,2.805674030304724,1.3552210351818939,1.3743094824860247,0.7828553681630075,0.44901612419774367,20.70699945758396,0.19433971876728307,-56.58039527780012
3.4009249335811362,10.007929986270597,0.7137257890590573,0.641765303393341,0.7309841663270501,24.71259932676468,2.9904725747643535,1.3131549319063152,1.2790269078313878,0.776375358293449,0.020418166988005287,25.30063023696104,0.1751931019287584,-13.788515330053215
3.4153278322373444,10.118980739663584,0.6850512705561761,0.6476800476307919,0.7635023235791104,24.739420112816077,2.9891205162769108,1.3058549503295125,1.1672143662088252,0.7067539957557408,0.18017372249694596,17.698152202400124,0.2064950220232127,-41.885062448275875
3.4013193913491895,10.498112154423126,0.9837647854560896,0.6626515957706052,0.7109438383465524,27.835399275856123,3.1350668860540933,1.2718579437192412,1.117453445342035,0.7649714681422315,0.006420296500864916,18.440502255619098,0.15161315737731637,-11.929132702140251
3.407870768300717,10.595321182853471,0.7132843895574457,0.5850516861938854,0.7507776254904012,16.333019014867094,2.8003186106968134,1.232257987904324,1.1595634997343536,0.7537200395127976,0.2658612725406547,19.252788269680778,0.15168876379949875,-36.57769245715879
3.4169300298400653,10.484642807771921,0.9182583226199698,0.6220576782534317,0.7513279333599914,15.48391671881628,2.7275965427035063,1.2636725797384558,1.2275088924040594,0.7066406402505391,0.033906221152888924,23.80539018329459,0.18304126235299484,-82.46374252497546
3.4291210033457076,10.638854781780145,0.8864078196580567,0.596252118551172,0.7755586404500293,18.809481518646614,2.9165331047237086,1.250618565655102,1.3615942627155417,0.7417837268516281,0.3080302697297837,23.74917026386603,0.20157862932792248,-82.8223738978146
3.4266081068292804,10.59867832630152,0.8320358737429013,0.6385837982356409,0.7120328654658258,25.15697335257145,3.170208682149818,1.2556121285471316,1.2118948666580383,0.7506115511706287,0.4204046585007061,23.315664045623244,0.18462799317466824,-78.50952007389088
3.4129397904445495,10.505511237527077,0.7619526040522374,0.5823394541212145,0.758563749345446,22.039096520614336,2.644221229536174,1.1558832411854334,1.191151766964648,0.7212622861128204,0.4628010632504148,23.967572180618546,0.1511563302240304,-101.49580487664308
3.407503032351086,10.402842157505665,0.6751669108764149,0.679157728626421,0.7558764962340032,23.930222603796214,2.7741372522305454,1.1595582354712837,1.1320062310971406,0.7959096773605601,0.13806357320227391,25.889069911738506,0.17630905026868787,-57.11509921597384
3.424219112559751,10.605992466060238,0.9256938344696397,0.6601474199168124,0.7384892372669958,27.86001019611443,3.252271863361578,1.2352101705146636,1.2272091185560787,0.7801060205715309,0.2786228282214038,24.059897463068268,0.16205319156802675,-100.4462768167638
3.4205590789204936,10.555572611149671,0.9747962464214261,0.646502429708277,0.7263197396274514,19.12372693481997,2.9644214363345025,1.2340892353186192,1.329551613979001,0.7055575805482465,0.0068511329211073755,23.14707125285996,0.20908698378247667,-23.07275186256237
3.4008110746910534,10.116142041831079,1.0082647080917586,0.5764121008346047,0.7448386873900475,24.50531446966533,3.1765759380564647,1.1817949137798087,1.326972723571336,0.759419980524469,0.30416659119642125,19.610217539168016,0.16450124597084786,-120.61452722844707
3.4386054526237704,10.094314581049765,0.7400368518384819,0.6364630111065852,0.7420710725017603,20.75377462806079,2.848545988196354,1.152751599281322,1.320030610781352,0.7724012609340306,0.3303742868227253,19.548106543048796,0.192324438263676,-8.686286593926866
3.4130944989566236,10.081407032149565,0.9363418928506437,0.6566207353957935,0.7010968492071825,23.285123596383848,3.11440285013631,1.295762055098067,1.3426758663591947,0.7146207820080098,0.33549995896319934,17.688686558350593,0.16299812288923657,-118.88132633453247
3.4266021894717213,10.037456533620238,0.7004503642465181,0.6807984276354841,0.7373442900721051,18.978480683544266,2.8058980574846206,1.1749611030257385,1.2739047358588729,0.7380120865060732,0.07985010650074365,16.873458947971063,0.174767702182444,-40.10486655969339
3.412952705731067,10.697053333797824,0.9890095434743462,0.6552423740753824,0.7776725135915284,26.053760244316965,2.647902076423069,1.3669270878781243,1.2827871652467082,0.7819017889009992,0.21973003518937131,23.335688431270974,0.21302185028344112,-72.87160482054759
3.4219611433335837,10.051223025236826,0.6839602011344795,0.5526634355061084,0.7223122098895597,16.438918011498124,3.1723885463687336,1.2849572521504804,1.3310006820333444,0.7628569401267828,0.2124821701585236,23.23768685293707,0.20182249981075157,-39.582287874078304
3.416338793827128,10.78377087531286,0.884224235321346,0.6979653352020552,0.7356898709398833,26.837370939190027,3.230392742161905,1.305071087112557,1.319420618734517,0.7456572631607115,0.4891395012465014,21.537765980062662,0.17723399444587462,-17.38664457332986
3.434048905399641,10.289368540602105,0.7981109324375725,0.6505797435574255,0.7264674897128592,24.157515814386862,3.0173069283515983,1.3294629676122158,1.3415831042373298,0.788469144644118,0.08171148929726679,25.097034217977964,0.20779399480224717,-78.32331974235709
3.4241048673074097,10.615197957499909,0.9888625417941443,0.6286627997535226,0.705535429399011,16.096206847978976,3.263248161105429,1.281673716091048,1.2390742601701321,0.7322291540719914,0.3289382407256535,14.106226926071283,0.15873482517759233,-71.27778002713251
3.422175204980821,10.534197450977187,1.018108684021569,0.6445005741259213,0.738563360480477,18.485561375983547,2.6545597144146207,1.2651364271793457,1.3280773272542867,0.7867714547696012,0.321673027828918,16.2421984841619,0.21742836485584674,-106.46950971220083
3.4324034087418758,10.602085942741732,0.9987663556658493,0.673396679835759,0.7304736170969719,21.71084273693124,2.843402422545981,1.1269121912582492,1.3171016102280493,0.7799236508031478,0.0682365446236511,23.68553906827169,0.16860004503084552,-0.9617715993106515
3.429830618270968,10.121293622176555,0.7956436492634895,0.5579639404940383,0.753710525435151,24.255193688928514,3.0649042481189586,1.3670110096791852,1.2789692068711618,0.7971435935528319,0.2172263564468027,18.91786881500913,0.21117416643385886,-50.132255104615595
3.435413175027498,10.546993542804207,0.9197384510137332,0.6708995544651495,0.7088692778255019,28.247674589397498,2.8550831222111204,1.2374489340154728,1.2911970918968938,0.722197123929149,0.44411410171561394,20.314223963926835,0.1770658410185739,-93.12859184419037
3.417225146474556,10.134960508598185,0.981210813661832,0.5573585082537639,0.7504560103378167,27.974883015840923,3.22718251609084,1.3043478865573617,1.3227351895779274,0.7112848016276929,0.09394156597061082,25.284846175009402,0.19316800201537485,-119.98201522363499
3.4031073352132073,10.669290466006455,0.7698349813346056,0.6101122326554513,0.7281693230941962,23.29952629887571,2.8128583301982504,1.3280698594706337,1.1170149526206519,0.7805362779386928,0.011089372831029674,23.48391027833468,0.18811155179656686,-121.92100875538769
3.4248115825903716,10.05765785784404,0.8980337989389634,0.6954268554338818,0.7751632838056582,15.322166826171898,2.9251440570263583,1.3987816349350193,1.3601378690787458,0.7368299966269045,0.18574881312763664,25.223082975270607,0.1892274443442999,-11.780699212557622
3.4090887175191047,10.159662184740922,0.9835773737014363,0.667778395941067,0.7019800212484522,26.896455417719114,3.2355994040851135,1.1146197292020363,1.2152860483995152,0.7244217959181475,0.3254088515110601,15.925535215780265,0.1701835553893685,-82.05089502361753
3.4197207801316187,10.646205000716346,0.8665717900262501,0.6814016337936404,0.7504734251951872,22.944864788603223,2.870213160959147,1.3163279952831235,1.394293355494942,0.7049573010347716,0.2955024251295452,15.917016221993478,0.17038865070671494,-7.2863024469483975
3.42930057579511,10.748611393099049,0.7879337821460194,0.6916579465340319,0.7739385195966701,24.079782201154483,2.770514640383349,1.3658492885705171,1.379567671239302,0.7787747840852216,0.1180765932537142,18.482699056141755,0.18971432004447086,-8.693283663770359
3.4041808692038593,10.455098514362394,1.0118091940115157,0.6399782960767195,0.776810107918142,21.64955893849396,2.845813396317041,1.1402384230751894,1.2818463253590415,0.7190887133935467,0.14779511897194866,23.73299177741353,0.1870356429364093,-84.81111865985628
3.404957796923357,10.323015419169078,0.8045091792705874,0.5451719842476873,0.7516131597839015,25.060171774529394,2.8327127590645786,1.315248495590877,1.3663577190585345,0.7129126378999723,0.48602541181002834,21.192733070249652,0.18844892329569704,-60.913081436962656
3.4129169377689808,10.07446855519885,0.7560985341397846,0.683938819891946,0.7441316155075721,27.986689528472056,2.9331900190688773,1.2868327172702012,1.3569616395285495,0.7511170496505507,0.389211343977662,25.697290743350884,0.20570378538199466,-67.59099803010949
3.422734999238799,10.736886903981958,0.7886580981651586,0.6371098935008217,0.7750386191634162,18.992846795539236,3.240150893044354,1.2752322454813507,1.1641470869635682,0.7418935672625431,0.45427567464340063,20.1019540854006,0.2171715156818514,-123.80676944585456
3.428545189395806,10.20120235231077,0.8280651726686538,0.5862008355813496,0.7481352001509144,20.065511450305237,2.6918768745829427,1.1648471646203014,1.25285214093957,0.7030175896340055,0.19299736326311404,25.264186884713506,0.1623178806498482,-117.33965617920569
3.430179837559445,10.058979951662685,0.7587950056007041,0.5690248267276373,0.7684578699244234,17.55295046194455,2.7144680769462632,1.215888580515313,1.3113192956176976,0.7113358327997313,0.22620976874561197,24.150958870624088,0.21338491094080952,-98.08881048648244
3.427659581958238,10.494419120162718,0.7226443729877539,0.6738352240335868,0.7056206058527035,22.38721066963469,2.809631748486724,1.1733579942417243,1.119803063317721,0.766083078827873,0.47037155429802985,16.511322159149298,0.18008218631133163,-29.557577788752127
3.42703393728411,10.546320452519533,0.9050653651470086,0.5669480938628031,0.7274893882033232,18.70031718009266,2.813385127685808,1.2326150114977954,1.2477497536445217,0.7261427214774038,0.05022525651133557,16.424734634661572,0.1555394712996383,-15.84533923063276
3.413376521882118,10.490021101820131,0.6866394672732263,0.6536799255545922,0.7489701603606841,25.420269484881658,2.849398477102335,1.1126666957498748,1.241129683864411,0.7724253972916022,0.06996153854451513,15.539296886162461,0.20700096408448923,-43.5934967965419
3.425062302921911,10.809962890605483,0.7331500837180733,0.5897558947142978,0.772298919421834,21.33549281219736,3.0216883793891363,1.2807774153277185,1.1767098030766734,0.7003425806285084,0.10280359686648595,20.82278928313336,0.15336623874472594,-28.71480182869442
3.4395986390342888,10.779521043347833,0.9410553308498135,0.6691013199262402,0.7044910343222982,22.78257381286302,2.9591107374691763,1.1696224763842702,1.3658498187221333,0.7940221380192771,0.3864780186640781,21.102584089084353,0.17710608882936027,-75.85444310998454
3.416307198985655,10.888126158927028,1.0027682057268603,0.6651000354660848,0.703196761740486,19.99031969667665,2.9122723147318745,1.3833660119112245,1.3732412356443031,0.7248878270869271,0.4248463467151023,15.701851208857086,0.15667805366369672,-112.93292657105836
3.422982564494098,10.785837556448671,0.8556092994362626,0.677100685780367,0.7542044868992542,26.12039211755601,2.9007083428496743,1.1587071011187204,1.1353489573171842,0.7293362766867397,0.27380488617158016,25.077248356861496,0.19709918618347425,-63.46947506598972
3.434081069241039,10.188871498215036,0.9162175868831195,0.6463356823375983,0.7661649758795901,18.768150946485804,3.066030196618759,1.3424581443175643,1.1005690617927815,0.7498561857620818,0.1434419580990122,14.048482792414795,0.16296398094072095,-24.669973147326772
3.4374025966305046,10.390177806182376,0.7812549263360714,0.6737693694855893,0.7437124452082331,23.01483285291009,3.261939660180938,1.2400310870389493,1.29215029471941,0.7244930852550224,0.37363407791180553,21.994813749254718,0.2053131477880042,-52.6913400890263
3.4051114889533793,10.35544132529128,0.875120959421329,0.6090808848340203,0.7775948823549024,22.025140238402283,2.6467019600930577,1.2811716935417137,1.2723579901299686,0.7169004587322362,0.39971848517627395,23.37851626366377,0.20155002129531174,-45.951120320737516
3.4246053759853305,10.405522916812142,0.8339990551389964,0.6600806416204431,0.7411912076247094,26.665981672282438,2.933625222849128,1.1994770564015256,1.318415393054926,0.7135816440648767,0.2861487229659139,17.121883878869546,0.16459231162049862,-110.1501673694097
3.424770845540147,10.163075642745376,1.000796654631211,0.6082861781479413,0.7494462579031967,27.30684019029501,2.8192215369870355,1.2686368919548658,1.3755021570759753,0.7741464450725776,0.05466382149650209,19.769225821001235,0.1773351575289403,-67.94408667341204
3.411976718960169,10.60770434575618,0.9550235077702884,0.5534915514613536,0.7393938240368123,20.420742662073174,2.7412935956138034,1.1320398444863142,1.2447850686490838,0.7293206897770117,0.36549013926125357,24.474552506498227,0.17743336450593827,-26.459781758133488
3.411797885269032,10.44443659358881,0.8758369031226428,0.5427480671284747,0.7668749362159444,24.02416165408127,3.270438355379644,1.1582794734108737,1.3792740449918135,0.7164566118869635,0.4872240641101061,25.051358313288496,0.20443122297516608,-77.56570509143853
3.4326728964737816,10.835710801786517,0.9287021906388213,0.5470304895395179,0.7682834306402204,24.67246193878416,2.8469633726621173,1.3677197064046485,1.1104746495583036,0.7348177138156768,0.3772570997575287,15.494047217206926,0.15606419531940954,-15.114099322200914
3.4361654888800968,10.094824670055754,0.9187397495551424,0.5556056757882538,0.7487702643969868,16.63011270099705,2.957353965976409,1.2592906614360386,1.364020308465375,0.7786796210803635,0.1537821041727137,25.428909708751576,0.17834882081237874,-48.1498842809536
3.437554987476405,10.459482931224432,0.8239674828074255,0.6739327265118538,0.7193431587425421,26.475377824519235,2.7919367548867062,1.3822246697656606,1.2188138143449365,0.7736476774357294,0.3197244990468413,24.73662055383663,0.15781709084943185,-112.91157844955907
3.4281238819901225,10.406856314079398,0.6767438236560662,0.6486529041269253,0.7388379850504384,15.455925704071122,3.083501532383362,1.3828516148297385,1.184440058269579,0.7462873534466622,0.36521682263230854,25.76843898176737,0.1738863815610529,-46.00822070282854
3.4216759206293044,10.0019913500963,0.6895378903160422,0.5853984543198195,0.7728841444002803,21.571687085229808,3.138755913468612,1.3375441078499977,1.1935391199683445,0.768822998222691,0.0844546970559624,14.049545102352868,0.2196579908812189,-120.32944180070909
3.4030991353132816,10.074271189267249,0.9141346238286405,0.5845936735872972,0.7160303350725515,19.048821142376564,3.1938434628973056,1.2939580412095406,1.2929191784683747,0.7806363451782734,0.21080702575689794,18.245842963497743,0.18230410010521853,-53.346828270122714
3.4299140803401977,10.225134408239025,0.7461875246882095,0.616552186640582,0.7529724203336398,15.54626945208383,3.2261078404330275,1.3128588699368506,1.1636097357246562,0.7153528266494171,0.05440474967489367,25.02794013068401,0.16495432529009388,-54.32179950644894
3.4293660282379435,10.8069338518693,0.7407139725793533,0.6806320639112688,0.7369389457239051,16.89533828411642,3.1290597163965788,1.1287120001249489,1.2512026386452004,0.7633850832628025,0.11721827185125674,19.389276970344692,0.21511419598649745,-84.36087554595915
3.4136956956762683,10.185881934706016,0.8716616131618306,0.5640017243677385,0.7427185101962709,24.699009956132407,3.175979384661761,1.3128453660325923,1.1544843961845879,0.7030713452787003,0.4292976512986655,20.973242132664087,0.2059489457636111,-109.51422386337552
3.4200414396280667,10.368946262773248,0.7584823180450925,0.620767822296648,0.718229626564369,20.85896268150934,3.147930288664606,1.3178342665015463,1.2479005739766937,0.7776207908774753,0.05759282832818748,17.095301175135717,0.20171461727749793,-30.154236111478227
3.4182371858539904,10.400586290860874,0.8380976199120338,0.576778204978039,0.7156368091951112,18.06715410245731,3.119108382210532,1.1114419651950207,1.138947393367274,0.7919211930768594,0.09680591202894234,19.55642279643837,0.15885874424355148,-42.372606350638264
3.4184367412745,10.614846308747037,0.9276128072268008,0.6344917876170328,0.7510252879054466,21.136861884830513,2.789970436878585,1.1979210523713901,1.1611437956470194,0.7017932258257961,0.15084557468513698,19.51142662481346,0.17729221058854236,-4.6561171691236325
3.4013984409380797,10.076178680393754,0.7529997779506229,0.5701848071000711,0.7076845420282134,23.59839113902448,2.9624791647569335,1.1122523862053544,1.3725807814177424,0.7758002703410618,0.21432062449700912,23.848548002682307,0.21181321530515596,-17.892185859516132
3.402969890840745,10.697859646078477,0.7954425074797675,0.688421193216336,0.7218237805729113,25.2443932208243,2.7110824113624075,1.282140739266885,1.2401730702995901,0.7024865198422708,0.42454313387248954,16.535283264802747,0.17194535515617276,-26.237688766017826
3.408215409374613,10.483740337058363,0.9843496478024925,0.5414598741704749,0.735565987403781,26.608119041849385,3.010920407518479,1.1530051753118293,1.188059402854171,0.7131692237632917,0.4164806375005577,20.815322368020617,0.1949837670044899,-104.65683393779717
3.4000955681372234,10.24423059849605,0.969061194895747,0.5483713371244509,0.7562391411066146,23.729001620170536,2.881714635742298,1.2198592514052793,1.2173189149300285,0.717470697017908,0.21284193009593505,14.448884713914302,0.20661550112773244,-48.61155086009285
3.431403116664374,10.736615974318738,0.864504275718373,0.5503422329520451,0.7214114682866083,22.284907154047414,2.953445645650231,1.208590523385418,1.1312484053394778,0.7480711172971442,0.18847265633109667,20.711815760354224,0.21777101094743107,-51.01492864481291
3.4131742409382877,10.458643165017083,0.8654572159446435,0.6627664020205258,0.7506917360397823,16.088406391665757,3.0269338440244162,1.3979095047499672,1.285232064940901,0.7007624479893438,0.3686120664755712,23.590363183313205,0.19301579839056854,-28.320961067932416
3.4364972416388864,10.016933991022444,0.7464866946585018,0.5493726468965886,0.7573577686407971,23.958765644691038,3.1565036143866614,1.220197951084518,1.114855345325439,0.7237903026615774,0.006114143205415807,21.68992097534168,0.15024348969382853,-9.081673739559392
3.413915799308168,10.165594060246502,1.0195663623423414,0.6279898619607107,0.746341870646764,18.08936810202204,3.2489147099535023,1.1145113815663692,1.107199123701859,0.7388530270325594,0.11245520935221784,14.839285512164897,0.21464862996559442,-101.39480922417599
3.4100106762123543,10.55522852123588,0.8262611919255994,0.6624056530429058,0.775866604059557,21.485093387224715,2.834062496821259,1.2060660960346876,1.2529845595767948,0.7009548980951573,0.19446192965881565,22.804562030687368,0.1548857298159786,-60.93780864205961
3.4058952385513273,10.201502652865642,0.9620277528885938,0.6310431786085363,0.7523647009695292,18.15954996295678,3.2592423546734217,1.1705722123712974,1.174147171302969,0.7069912005249251,0.46612615118719414,15.954411582929907,0.20888009955742992,-100.1118397576188
3.4074220675542097,10.108264949739207,0.8823385830379711,0.6942996620875086,0.7194859402785837,27.573505207147182,2.769533277791543,1.167054162279742,1.3624963714857548,0.7528889716638335,0.0943403960706192,22.3647872713123,0.20983857170988165,-28.483513374681948
